num_epochs,independent_approx_TV,ratios_mean,ratios,ratios_max,epsilon_max,ratios_min,clip_range,joint_approx_TV,learning_rate,num_agents,epsilon_sum
0,0.0,1.0,1.0 1.0 1.0 1.0 1.0 1.0 1.0 1.0 1.0 1.0 1.0 1.0 1.0 1.0 1.0 1.0 1.0 1.0 1.0 1.0 1.0 1.0 1.0 1.0 1.0 1.0 1.0 1.0 1.0 1.0 1.0 1.0 1.0 1.0 1.0 1.0 1.0 1.0 1.0 1.0 1.0 1.0 1.0 1.0 1.0 1.0 1.0 1.0 1.0 1.0 1.0 1.0 1.0 1.0 1.0 1.0 1.0 1.0 1.0 1.0 1.0 1.0 1.0 1.0 1.0 1.0 1.0 1.0 1.0 1.0 1.0 1.0 1.0 1.0 1.0 1.0 1.0 1.0 1.0 1.0 1.0 1.0 1.0 1.0 1.0 1.0 1.0 1.0 1.0 1.0 1.0 1.0 1.0 1.0 1.0 1.0 1.0 1.0 1.0 1.0 1.0 1.0 1.0 1.0 1.0 1.0 1.0 1.0 1.0 1.0 1.0 1.0 1.0 1.0 1.0 1.0 1.0 1.0 1.0 1.0 1.0 1.0 1.0 1.0 1.0 1.0 1.0 1.0 1.0 1.0 1.0 1.0 1.0 1.0 1.0 1.0 1.0 1.0 1.0 1.0 1.0 1.0 1.0 1.0 1.0 1.0 1.0 1.0 1.0 1.0 1.0 1.0 1.0 1.0 1.0 1.0 1.0 1.0 1.0 1.0 1.0 1.0 1.0 1.0 1.0 1.0 1.0 1.0 1.0 1.0 1.0 1.0 1.0 1.0 1.0 1.0 1.0 1.0 1.0 1.0 1.0 1.0 1.0 1.0 1.0 1.0 1.0 1.0 1.0 1.0 1.0 1.0 1.0 1.0 1.0 1.0 1.0 1.0 1.0 1.0 1.0 1.0 1.0 1.0 1.0 1.0 1.0 1.0 1.0 1.0 1.0 1.0 1.0 1.0 1.0 1.0 1.0 1.0 1.0 1.0 1.0 1.0 1.0 1.0 1.0 1.0 1.0 1.0 1.0 1.0 1.0 1.0 1.0 1.0 1.0 1.0 1.0 1.0 1.0 1.0 1.0 1.0 1.0 1.0 1.0 1.0 1.0 1.0 1.0 1.0 1.0 1.0 1.0 1.0 1.0 1.0 1.0 1.0 1.0 1.0 1.0 1.0 1.0 1.0 1.0 1.0 1.0 1.0 1.0 1.0 1.0 1.0 1.0 1.0 1.0 1.0 1.0 1.0 1.0 1.0 1.0 1.0 1.0 1.0 1.0 1.0 1.0 1.0 1.0 1.0 1.0 1.0 1.0 1.0 1.0 1.0 1.0 1.0 1.0 1.0 1.0 1.0 1.0 1.0 1.0 1.0 1.0 1.0 1.0 1.0 1.0 1.0 1.0 1.0 1.0 1.0 1.0 1.0 1.0 1.0 1.0 1.0 1.0 1.0 1.0 1.0 1.0 1.0 1.0 1.0 1.0 1.0 1.0 1.0 1.0 1.0 1.0 1.0 1.0 1.0 1.0 1.0 1.0 1.0 1.0 1.0 1.0 1.0 1.0 1.0 1.0 1.0 1.0 1.0 1.0 1.0 1.0 1.0 1.0 1.0 1.0 1.0 1.0 1.0 1.0 1.0 1.0 1.0 1.0 1.0 1.0 1.0 1.0 1.0 1.0 1.0 1.0 1.0 1.0 1.0 1.0 1.0 1.0 1.0 1.0 1.0 1.0 1.0 1.0 1.0 1.0 1.0 1.0 1.0 1.0 1.0 1.0 1.0 1.0 1.0 1.0 1.0 1.0 1.0 1.0 1.0 1.0 1.0 1.0 1.0 1.0 1.0 1.0 1.0 1.0 1.0 1.0 1.0 1.0 1.0 1.0 1.0 1.0 1.0 1.0 1.0 1.0 1.0 1.0 1.0 1.0 1.0 1.0 1.0 1.0 1.0 1.0 1.0 1.0 1.0 1.0 1.0 1.0 1.0 1.0 1.0 1.0 1.0 1.0 1.0 1.0 1.0 1.0 1.0 1.0 1.0 1.0 1.0 1.0 1.0 1.0 1.0 1.0 1.0 1.0 1.0 1.0 1.0 1.0 1.0 1.0 1.0 1.0 1.0 1.0 1.0 1.0 1.0 1.0 1.0 1.0 1.0 1.0 1.0 1.0 1.0 1.0 1.0 1.0 1.0 1.0 1.0 1.0 1.0 1.0 1.0 1.0 1.0 1.0 1.0 1.0 1.0 1.0 1.0 1.0 1.0 1.0 1.0 1.0 1.0 1.0 1.0 1.0 1.0 1.0 1.0 1.0 1.0 1.0 1.0 1.0 1.0 1.0 1.0 1.0 1.0 1.0 1.0 1.0 1.0 1.0 1.0 1.0 1.0 1.0 1.0 1.0 1.0 1.0 1.0 1.0 1.0 1.0 1.0 1.0 1.0 1.0 1.0 1.0 1.0 1.0 1.0 1.0 1.0 1.0 1.0 1.0 1.0 1.0 1.0 1.0 1.0 1.0 1.0 1.0 1.0 1.0 1.0 1.0 1.0 1.0 1.0 1.0 1.0 1.0 1.0 1.0 1.0 1.0 1.0 1.0 1.0 1.0 1.0 1.0 1.0 1.0 1.0 1.0 1.0 1.0 1.0 1.0 1.0 1.0 1.0 1.0 1.0 1.0 1.0 1.0 1.0 1.0 1.0 1.0 1.0 1.0 1.0 1.0 1.0 1.0 1.0 1.0 1.0 1.0 1.0 1.0 1.0 1.0 1.0 1.0 1.0 1.0 1.0 1.0 1.0 1.0 1.0 1.0 1.0 1.0 1.0 1.0 1.0 1.0 1.0 1.0 1.0 1.0 1.0 1.0 1.0 1.0 1.0 1.0 1.0 1.0 1.0 1.0 1.0 1.0 1.0 1.0 1.0 1.0 1.0 1.0 1.0 1.0 1.0 1.0 1.0 1.0 1.0 1.0 1.0 1.0 1.0 1.0 1.0 1.0 1.0 1.0 1.0 1.0 1.0 1.0 1.0 1.0 1.0 1.0 1.0 1.0 1.0 1.0 1.0 1.0 1.0 1.0 1.0 1.0 1.0 1.0 1.0 1.0 1.0 1.0 1.0 1.0 1.0 1.0 1.0 1.0 1.0 1.0 1.0 1.0 1.0 1.0 1.0 1.0 1.0 1.0 1.0 1.0 1.0 1.0 1.0 1.0 1.0 1.0 1.0 1.0 1.0 1.0 1.0 1.0 1.0 1.0 1.0 1.0 1.0 1.0 1.0 1.0 1.0 1.0 1.0 1.0 1.0 1.0 1.0 1.0 1.0 1.0 1.0 1.0 1.0 1.0 1.0 1.0 1.0 1.0 1.0 1.0 1.0 1.0 1.0 1.0 1.0 1.0 1.0 1.0 1.0 1.0 1.0 1.0 1.0 1.0 1.0 1.0 1.0 1.0 1.0 1.0 1.0 1.0 1.0 1.0 1.0 1.0 1.0 1.0 1.0 1.0 1.0 1.0 1.0 1.0 1.0 1.0 1.0 1.0 1.0 1.0 1.0 1.0 1.0 1.0 1.0 1.0 1.0 1.0 1.0 1.0 1.0 1.0 1.0 1.0 1.0 1.0 1.0 1.0 1.0 1.0 1.0 1.0 1.0 1.0 1.0 1.0 1.0 1.0 1.0 1.0 1.0 1.0 1.0 1.0 1.0 1.0 1.0 1.0 1.0 1.0 1.0 1.0 1.0 1.0 1.0 1.0 1.0 1.0 1.0 1.0 1.0 1.0 1.0 1.0 1.0 1.0 1.0 1.0 1.0 1.0 1.0 1.0 1.0 1.0 1.0 1.0 1.0 1.0 1.0 1.0 1.0 1.0 1.0 1.0 1.0 1.0 1.0 1.0 1.0 1.0 1.0 1.0 1.0 1.0 1.0 1.0 1.0 1.0 1.0 1.0 1.0 1.0 1.0 1.0 1.0 1.0 1.0 1.0 1.0 1.0 1.0 1.0 1.0 1.0 1.0 1.0 1.0 1.0 1.0 1.0 1.0 1.0 1.0 1.0 1.0 1.0 1.0 1.0 1.0 1.0 1.0 1.0 1.0 1.0 1.0 1.0 1.0 1.0 1.0 1.0 1.0 1.0 1.0 1.0 1.0 1.0 1.0 1.0 1.0 1.0 1.0 1.0 1.0 1.0 1.0 1.0 1.0 1.0 1.0 1.0 1.0 1.0 1.0 1.0 1.0 1.0 1.0 1.0 1.0 1.0 1.0 1.0 1.0 1.0 1.0 1.0 1.0 1.0 1.0 1.0 1.0 1.0 1.0 1.0 1.0 1.0 1.0 1.0 1.0 1.0 1.0 1.0 1.0 1.0 1.0 1.0 1.0 1.0 1.0 1.0 1.0 1.0 1.0 1.0 1.0 1.0 1.0 1.0 1.0 1.0 1.0 1.0 1.0 1.0 1.0 1.0 1.0 1.0 1.0 1.0 1.0 1.0 1.0 1.0 1.0 1.0 1.0 1.0 1.0 1.0 1.0 1.0 1.0 1.0 1.0 1.0 1.0 1.0 1.0 1.0 1.0 1.0 1.0 1.0 1.0 1.0 1.0 1.0 1.0 1.0 1.0 1.0 1.0 1.0 1.0 1.0 1.0 1.0 1.0 1.0 1.0 1.0 1.0 1.0 1.0 1.0 1.0 1.0 1.0 1.0 1.0 1.0 1.0 1.0 1.0 1.0 1.0 1.0 1.0 1.0 1.0 1.0 1.0 1.0 1.0 1.0 1.0 1.0 1.0 1.0 1.0 1.0 1.0 1.0 1.0 1.0 1.0 1.0 1.0 1.0 1.0 1.0 1.0 1.0 1.0 1.0 1.0 1.0 1.0 1.0 1.0 1.0 1.0 1.0 1.0 1.0 1.0 1.0 1.0 1.0 1.0 1.0 1.0 1.0 1.0 1.0 1.0 1.0 1.0 1.0 1.0 1.0 1.0 1.0 1.0 1.0 1.0 1.0 1.0 1.0 1.0 1.0 1.0 1.0 1.0 1.0 1.0 1.0 1.0 1.0 1.0 1.0 1.0 1.0 1.0 1.0 1.0 1.0 1.0 1.0 1.0 1.0 1.0 1.0 1.0 1.0 1.0 1.0 1.0 1.0 1.0 1.0 1.0 1.0 1.0 1.0 1.0 1.0 1.0 1.0 1.0 1.0 1.0 1.0 1.0 1.0 1.0 1.0 1.0 1.0 1.0 1.0 1.0 1.0 1.0 1.0 1.0 1.0 1.0 1.0 1.0 1.0 1.0 1.0 1.0 1.0 1.0 1.0 1.0 1.0 1.0 1.0 1.0 1.0 1.0 1.0 1.0 1.0 1.0 1.0 1.0 1.0 1.0 1.0 1.0 1.0 1.0 1.0 1.0 1.0 1.0 1.0 1.0 1.0 1.0 1.0 1.0 1.0 1.0 1.0 1.0 1.0 1.0 1.0 1.0 1.0 1.0 1.0 1.0 1.0 1.0 1.0 1.0 1.0 1.0 1.0 1.0 1.0 1.0 1.0 1.0 1.0 1.0 1.0 1.0 1.0 1.0 1.0 1.0 1.0 1.0 1.0 1.0 1.0 1.0 1.0 1.0 1.0 1.0 1.0 1.0 1.0 1.0 1.0 1.0 1.0 1.0 1.0 1.0 1.0 1.0 1.0 1.0 1.0 1.0 1.0 1.0 1.0 1.0 1.0 1.0 1.0 1.0 1.0 1.0 1.0 1.0 1.0 1.0 1.0 1.0 1.0 1.0 1.0 1.0 1.0 1.0 1.0 1.0 1.0 1.0 1.0 1.0 1.0 1.0 1.0 1.0 1.0 1.0 1.0 1.0 1.0 1.0 1.0 1.0 1.0 1.0 1.0 1.0 1.0 1.0 1.0 1.0 1.0 1.0 1.0 1.0 1.0 1.0 1.0 1.0 1.0 1.0 1.0 1.0 1.0 1.0 1.0 1.0 1.0 1.0 1.0 1.0 1.0 1.0 1.0 1.0 1.0 1.0 1.0 1.0 1.0 1.0 1.0 1.0 1.0 1.0 1.0 1.0 1.0 1.0 1.0 1.0 1.0 1.0 1.0 1.0 1.0 1.0 1.0 1.0 1.0 1.0 1.0 1.0 1.0 1.0 1.0 1.0 1.0 1.0 1.0 1.0 1.0 1.0 1.0 1.0 1.0 1.0 1.0 1.0 1.0 1.0 1.0 1.0 1.0 1.0 1.0 1.0 1.0 1.0 1.0 1.0 1.0 1.0 1.0 1.0 1.0 1.0 1.0 1.0 1.0 1.0 1.0 1.0 1.0 1.0 1.0 1.0 1.0 1.0 1.0 1.0 1.0 1.0 1.0 1.0 1.0 1.0 1.0 1.0 1.0 1.0 1.0 1.0 1.0 1.0 1.0 1.0 1.0 1.0 1.0 1.0 1.0 1.0 1.0 1.0 1.0 1.0 1.0 1.0 1.0 1.0 1.0 1.0 1.0 1.0 1.0 1.0 1.0 1.0 1.0 1.0 1.0 1.0 1.0 1.0 1.0 1.0 1.0 1.0 1.0 1.0 1.0 1.0 1.0 1.0 1.0 1.0 1.0 1.0 1.0 1.0 1.0 1.0 1.0 1.0 1.0 1.0 1.0 1.0 1.0 1.0 1.0 1.0 1.0 1.0 1.0 1.0 1.0 1.0 1.0 1.0 1.0 1.0 1.0 1.0 1.0 1.0 1.0 1.0 1.0 1.0 1.0 1.0 1.0 1.0 1.0 1.0 1.0 1.0 1.0 1.0 1.0 1.0 1.0 1.0 1.0 1.0 1.0 1.0 1.0 1.0 1.0 1.0 1.0 1.0 1.0 1.0 1.0 1.0 1.0 1.0 1.0 1.0 1.0 1.0 1.0 1.0 1.0 1.0 1.0 1.0 1.0 1.0 1.0 1.0 1.0 1.0 1.0 1.0 1.0 1.0 1.0 1.0 1.0 1.0 1.0 1.0 1.0 1.0 1.0 1.0 1.0 1.0 1.0 1.0 1.0 1.0 1.0 1.0 1.0 1.0 1.0 1.0 1.0 1.0 1.0 1.0 1.0 1.0 1.0 1.0 1.0 1.0 1.0 1.0 1.0 1.0 1.0 1.0 1.0 1.0 1.0 1.0 1.0 1.0 1.0 1.0 1.0 1.0 1.0 1.0 1.0 1.0 1.0 1.0 1.0 1.0 1.0 1.0 1.0 1.0 1.0 1.0 1.0 1.0 1.0 1.0 1.0 1.0 1.0 1.0 1.0 1.0 1.0 1.0 1.0 1.0 1.0 1.0 1.0 1.0 1.0 1.0 1.0 1.0 1.0 1.0 1.0 1.0 1.0 1.0 1.0 1.0 1.0 1.0 1.0 1.0 1.0 1.0 1.0 1.0 1.0 1.0 1.0 1.0 1.0 1.0 1.0 1.0 1.0 1.0 1.0 1.0 1.0 1.0 1.0 1.0 1.0 1.0 1.0 1.0 1.0 1.0 1.0 1.0 1.0 1.0 1.0 1.0 1.0 1.0 1.0 1.0 1.0 1.0 1.0 1.0 1.0 1.0 1.0 1.0 1.0 1.0 1.0 1.0 1.0 1.0 1.0 1.0 1.0 1.0 1.0 1.0 1.0 1.0 1.0 1.0 1.0 1.0 1.0 1.0 1.0 1.0 1.0 1.0 1.0 1.0 1.0 1.0 1.0 1.0 1.0 1.0 1.0 1.0 1.0 1.0 1.0 1.0 1.0 1.0 1.0 1.0 1.0 1.0 1.0 1.0 1.0 1.0 1.0 1.0 1.0 1.0 1.0 1.0 1.0 1.0 1.0 1.0 1.0 1.0 1.0 1.0 1.0 1.0 1.0 1.0 1.0 1.0 1.0 1.0 1.0 1.0 1.0 1.0 1.0 1.0 1.0 1.0 1.0 1.0 1.0 1.0 1.0 1.0 1.0 1.0 1.0 1.0 1.0 1.0 1.0 1.0 1.0 1.0 1.0 1.0 1.0 1.0 1.0 1.0 1.0 1.0 1.0 1.0 1.0 1.0 1.0 1.0 1.0 1.0 1.0 1.0 1.0 1.0 1.0 1.0 1.0 1.0 1.0 1.0 1.0 1.0 1.0 1.0 1.0 1.0 1.0 1.0 1.0 1.0 1.0 1.0 1.0 1.0 1.0 1.0 1.0 1.0 1.0 1.0 1.0 1.0 1.0 1.0 1.0 1.0 1.0 1.0 1.0 1.0 1.0 1.0 1.0 1.0 1.0 1.0 1.0 1.0 1.0 1.0 1.0 1.0 1.0 1.0 1.0 1.0 1.0 1.0 1.0 1.0 1.0 1.0 1.0 1.0 1.0 1.0 1.0 1.0 1.0 1.0 1.0 1.0 1.0 1.0 1.0 1.0 1.0 1.0 1.0 1.0 1.0 1.0 1.0 1.0 1.0 1.0 1.0 1.0 1.0 1.0 1.0 1.0 1.0 1.0 1.0 1.0 1.0 1.0 1.0 1.0 1.0 1.0 1.0 1.0 1.0 1.0 1.0 1.0 1.0 1.0 1.0 1.0 1.0 1.0 1.0 1.0 1.0 1.0 1.0 1.0 1.0 1.0 1.0 1.0 1.0 1.0 1.0 1.0 1.0 1.0 1.0 1.0 1.0 1.0 1.0 1.0 1.0 1.0 1.0 1.0 1.0 1.0 1.0 1.0 1.0 1.0 1.0 1.0 1.0 1.0 1.0 1.0 1.0 1.0 1.0 1.0 1.0 1.0 1.0 1.0 1.0 1.0 1.0 1.0 1.0 1.0 1.0 1.0 1.0 1.0 1.0 1.0 1.0 1.0 1.0 1.0 1.0 1.0 1.0 1.0 1.0 1.0 1.0 1.0 1.0 1.0 1.0 1.0 1.0 1.0 1.0 1.0 1.0 1.0 1.0 1.0 1.0 1.0 1.0 1.0 1.0 1.0 1.0 1.0 1.0 1.0 1.0 1.0 1.0 1.0 1.0 1.0 1.0 1.0 1.0 1.0 1.0 1.0 1.0 1.0 1.0 1.0 1.0 1.0 1.0 1.0 1.0 1.0 1.0 1.0 1.0 1.0 1.0 1.0 1.0 1.0 1.0 1.0 1.0 1.0 1.0 1.0 1.0 1.0 1.0 1.0 1.0 1.0 1.0 1.0 1.0 1.0 1.0 1.0 1.0 1.0 1.0 1.0 1.0 1.0 1.0 1.0 1.0 1.0 1.0 1.0 1.0 1.0 1.0 1.0 1.0 1.0 1.0 1.0 1.0 1.0 1.0 1.0 1.0 1.0 1.0 1.0 1.0 1.0 1.0 1.0 1.0 1.0 1.0 1.0 1.0 1.0 1.0 1.0 1.0 1.0 1.0 1.0 1.0 1.0 1.0 1.0 1.0 1.0 1.0 1.0 1.0 1.0 1.0 1.0 1.0 1.0 1.0 1.0 1.0 1.0 1.0 1.0 1.0 1.0 1.0 1.0 1.0 1.0 1.0 1.0 1.0 1.0 1.0 1.0 1.0 1.0 1.0 1.0 1.0 1.0 1.0 1.0 1.0 1.0 1.0 1.0 1.0 1.0 1.0 1.0 1.0 1.0 1.0 1.0 1.0 1.0 1.0 1.0 1.0 1.0 1.0 1.0 1.0 1.0 1.0 1.0 1.0 1.0 1.0 1.0 1.0 1.0 1.0 1.0 1.0 1.0 1.0 1.0 1.0 1.0 1.0 1.0 1.0 1.0 1.0 1.0 1.0 1.0 1.0 1.0 1.0 1.0 1.0 1.0 1.0 1.0 1.0 1.0 1.0 1.0 1.0 1.0 1.0 1.0 1.0 1.0 1.0 1.0 1.0 1.0 1.0 1.0 1.0 1.0 1.0 1.0 1.0 1.0 1.0 1.0 1.0 1.0 1.0 1.0 1.0 1.0 1.0 1.0 1.0 1.0 1.0 1.0 1.0 1.0 1.0 1.0 1.0 1.0 1.0 1.0 1.0 1.0 1.0 1.0 1.0 1.0 1.0 1.0 1.0 1.0 1.0 1.0 1.0 1.0 1.0 1.0 1.0 1.0 1.0 1.0 1.0 1.0 1.0 1.0 1.0 1.0 1.0 1.0 1.0 1.0 1.0 1.0 1.0 1.0 1.0 1.0 1.0 1.0 1.0 1.0 1.0 1.0 1.0 1.0 1.0 1.0 1.0 1.0 1.0 1.0 1.0 1.0 1.0 1.0 1.0 1.0 1.0 1.0 1.0 1.0 1.0 1.0 1.0 1.0 1.0 1.0 1.0 1.0 1.0 1.0 1.0 1.0 1.0 1.0 1.0 1.0 1.0 1.0 1.0 1.0 1.0 1.0 1.0 1.0 1.0 1.0 1.0 1.0 1.0 1.0 1.0 1.0 1.0 1.0 1.0 1.0 1.0 1.0 1.0 1.0 1.0 1.0 1.0 1.0 1.0 1.0 1.0 1.0 1.0 1.0 1.0 1.0 1.0 1.0 1.0 1.0 1.0 1.0 1.0 1.0 1.0 1.0 1.0 1.0 1.0 1.0 1.0 1.0 1.0 1.0 1.0 1.0 1.0 1.0 1.0 1.0 1.0 1.0 1.0 1.0 1.0 1.0 1.0 1.0 1.0 1.0 1.0 1.0 1.0 1.0 1.0 1.0 1.0 1.0 1.0 1.0 1.0 1.0 1.0 1.0 1.0 1.0 1.0 1.0 1.0 1.0 1.0 1.0 1.0 1.0 1.0 1.0 1.0 1.0 1.0 1.0 1.0 1.0 1.0 1.0 1.0 1.0 1.0 1.0 1.0 1.0 1.0 1.0 1.0 1.0 1.0 1.0 1.0 1.0 1.0 1.0 1.0 1.0 1.0 1.0 1.0 1.0 1.0 1.0 1.0 1.0 1.0 1.0 1.0 1.0 1.0 1.0 1.0 1.0 1.0 1.0 1.0 1.0 1.0 1.0 1.0 1.0 1.0 1.0 1.0 1.0 1.0 1.0 1.0 1.0 1.0 1.0 1.0 1.0 1.0 1.0 1.0 1.0 1.0 1.0 1.0 1.0 1.0 1.0 1.0 1.0 1.0 1.0 1.0 1.0 1.0 1.0 1.0 1.0 1.0 1.0 1.0 1.0 1.0 1.0 1.0 1.0 1.0 1.0 1.0 1.0 1.0 1.0 1.0 1.0 1.0 1.0 1.0 1.0 1.0 1.0 1.0 1.0 1.0 1.0 1.0 1.0 1.0 1.0 1.0 1.0 1.0 1.0 1.0 1.0 1.0 1.0 1.0 1.0 1.0 1.0 1.0 1.0 1.0 1.0 1.0 1.0 1.0 1.0 1.0 1.0 1.0 1.0 1.0 1.0 1.0 1.0 1.0 1.0 1.0 1.0 1.0 1.0 1.0 1.0 1.0 1.0 1.0 1.0 1.0 1.0 1.0 1.0 1.0 1.0 1.0 1.0 1.0 1.0 1.0 1.0 1.0 1.0 1.0 1.0 1.0 1.0 1.0 1.0 1.0 1.0 1.0 1.0 1.0 1.0 1.0 1.0 1.0 1.0 1.0 1.0 1.0 1.0 1.0 1.0 1.0 1.0 1.0 1.0 1.0 1.0 1.0 1.0 1.0 1.0 1.0 1.0 1.0 1.0 1.0 1.0 1.0 1.0 1.0 1.0 1.0 1.0 1.0 1.0 1.0 1.0 1.0 1.0 1.0 1.0 1.0 1.0 1.0 1.0 1.0 1.0 1.0 1.0 1.0 1.0 1.0 1.0 1.0 1.0 1.0 1.0 1.0 1.0 1.0 1.0 1.0 1.0 1.0 1.0 1.0 1.0 1.0 1.0 1.0 1.0 1.0 1.0 1.0 1.0 1.0 1.0 1.0 1.0 1.0 1.0 1.0 1.0 1.0 1.0 1.0 1.0 1.0 1.0 1.0 1.0 1.0 1.0 1.0 1.0 1.0 1.0 1.0 1.0 1.0 1.0 1.0 1.0 1.0 1.0 1.0 1.0 1.0 1.0 1.0 1.0 1.0 1.0 1.0 1.0 1.0 1.0 1.0 1.0 1.0 1.0 1.0 1.0 1.0 1.0 1.0 1.0 1.0 1.0 1.0 1.0 1.0 1.0 1.0 1.0 1.0 1.0 1.0 1.0 1.0 1.0 1.0 1.0 1.0 1.0 1.0 1.0 1.0 1.0 1.0 1.0 1.0 1.0 1.0 1.0 1.0 1.0 1.0 1.0 1.0 1.0 1.0 1.0 1.0 1.0 1.0 1.0 1.0 1.0 1.0 1.0 1.0 1.0 1.0 1.0 1.0 1.0 1.0 1.0 1.0 1.0 1.0 1.0 1.0 1.0 1.0 1.0 1.0 1.0 1.0 1.0 1.0 1.0 1.0 1.0 1.0 1.0 1.0 1.0 1.0 1.0 1.0 1.0 1.0 1.0 1.0 1.0 1.0 1.0 1.0 1.0 1.0 1.0 1.0 1.0 1.0 1.0 1.0 1.0 1.0 1.0 1.0 1.0 1.0 1.0 1.0 1.0 1.0 1.0 1.0 1.0 1.0 1.0 1.0 1.0 1.0 1.0 1.0 1.0 1.0 1.0 1.0 1.0 1.0 1.0 1.0 1.0 1.0 1.0 1.0 1.0 1.0 1.0 1.0 1.0 1.0 1.0 1.0 1.0 1.0 1.0 1.0 1.0 1.0 1.0 1.0 1.0 1.0 1.0 1.0 1.0 1.0 1.0 1.0 1.0 1.0 1.0 1.0 1.0 1.0 1.0 1.0 1.0 1.0 1.0 1.0 1.0 1.0 1.0 1.0 1.0 1.0 1.0 1.0 1.0 1.0 1.0 1.0 1.0 1.0 1.0 1.0 1.0 1.0 1.0 1.0 1.0 1.0 1.0 1.0 1.0 1.0 1.0 1.0 1.0 1.0 1.0 1.0 1.0 1.0 1.0 1.0 1.0 1.0 1.0 1.0 1.0 1.0 1.0 1.0 1.0 1.0 1.0 1.0 1.0 1.0 1.0 1.0 1.0 1.0 1.0 1.0 1.0 1.0 1.0 1.0 1.0 1.0 1.0 1.0 1.0 1.0 1.0 1.0 1.0 1.0 1.0 1.0 1.0 1.0 1.0 1.0 1.0 1.0 1.0 1.0 1.0 1.0 1.0 1.0 1.0 1.0 1.0 1.0 1.0 1.0 1.0 1.0 1.0 1.0 1.0 1.0 1.0 1.0 1.0 1.0 1.0 1.0 1.0 1.0 1.0 1.0 1.0 1.0 1.0 1.0 1.0 1.0 1.0 1.0 1.0 1.0 1.0 1.0 1.0 1.0 1.0 1.0 1.0 1.0 1.0 1.0 1.0 1.0 1.0 1.0 1.0 1.0 1.0 1.0 1.0 1.0 1.0 1.0 1.0 1.0 1.0 1.0 1.0 1.0 1.0 1.0 1.0 1.0 1.0 1.0 1.0,1.0,0.0,1.0,0.3,0.0,0.0003,5,0.0
1,0.0033910684287548065,0.9999208,1.001 1.001 0.999 0.999 0.999 0.999 1.003 1.003 0.996 0.996 1.001 1.004 0.999 1.004 1.001 1.004 0.995 0.994 0.998 0.997 1.002 1.003 0.998 1.005 1.002 1.002 0.995 1.004 1.001 1.006 1.002 0.995 1.002 0.996 1.006 0.998 0.996 1.005 1.002 1.002 1.002 1.004 1.0 0.994 0.991 0.999 0.995 1.002 1.004 0.998 1.003 0.995 1.002 1.005 0.993 0.998 1.003 1.002 1.002 1.0 0.997 0.996 0.995 1.003 1.0 1.004 1.003 0.993 0.996 1.0 1.001 1.004 1.001 1.003 1.0 1.004 1.006 1.002 1.003 1.0 1.011 0.997 1.008 1.001 1.0 1.011 0.997 1.004 0.991 1.0 1.002 0.995 1.001 1.002 1.0 1.0 0.997 0.994 0.995 1.0 1.005 0.995 0.996 1.003 1.0 0.999 1.003 1.0 0.995 1.0 0.994 0.995 1.0 0.993 1.0 0.994 1.001 1.0 0.994 1.0 0.991 1.0 1.0 0.994 1.0 1.001 1.0 1.0 0.994 1.0 0.994 1.004 1.0 0.994 1.0 1.0 0.999 1.0 1.002 1.0 1.004 1.0 1.0 1.003 1.0 0.989 0.992 1.0 1.0 1.0 0.989 1.004 1.0 0.995 1.0 1.003 1.003 1.0 1.001 1.0 1.015 1.003 1.0 0.999 1.0 1.0 0.999 1.0 1.0 1.0 1.0 0.998 1.0 0.995 1.0 1.0 0.999 1.0 1.003 1.0 1.0 0.997 1.0 0.994 1.0 1.0 0.992 1.0 0.995 1.0 1.0 1.003 1.0 1.0 1.0 1.0 1.011 1.0 1.0 1.0 1.0 1.0 1.0 1.0 1.0 1.0 0.995 1.0 1.0 1.0 1.0 0.995 1.0 1.0 1.0 1.0 0.996 1.0 1.0 1.0 1.0 0.997 1.0 1.0 1.0 1.0 0.996 1.0 1.0 1.0 1.0 1.0 1.0 1.0 1.0 1.0 1.0 1.0 1.0 1.0 1.0 1.0 1.0 1.0 1.0 1.0 1.0 1.0 1.0 1.0 1.0 1.0 1.0 1.0 1.0 1.0 1.0 1.0 1.0 1.0 1.0 1.0 1.0 1.0 1.0 1.0 1.0 1.0 1.0 1.0 1.0 1.0 1.0 1.0 1.0 1.0 1.0 1.0 1.0 1.0 1.0 1.0 1.0 1.0 1.0 1.0 1.0 1.0 1.0 1.0 1.0 1.0 1.0 1.0 1.0 1.0 1.0 1.0 1.0 1.0 1.0 1.0 1.0 1.0 1.0 1.0 1.0 1.0 1.0 1.0 1.0 1.0 1.0 1.0 1.0 1.0 1.0 1.0 1.0 1.0 1.0 1.0 1.0 1.0 1.0 1.0 1.0 1.0 1.0 1.0 1.0 1.0 1.0 1.0 1.0 1.0 1.0 1.0 1.0 1.0 1.0 1.0 1.0 1.0 1.0 1.0 1.0 1.0 1.0 1.0 1.0 1.0 1.0 1.0 1.0 1.0 1.0 1.0 1.0 1.0 1.0 1.0 1.0 1.0 1.0 1.0 1.0 1.0 1.0 1.0 1.0 1.0 1.0 1.0 1.0 1.0 1.0 1.0 1.0 1.0 1.0 0.999 1.002 0.999 0.999 1.004 0.998 0.999 0.996 1.0 1.001 1.002 1.001 0.996 1.004 1.002 0.996 0.998 0.996 1.0 1.0 1.003 1.001 0.997 0.996 1.003 0.996 1.004 1.002 0.994 0.993 1.003 0.998 1.002 0.995 1.003 1.002 1.002 1.004 0.995 0.993 0.995 1.004 0.992 1.006 0.993 1.0 1.001 0.994 1.006 0.993 0.995 0.995 0.996 0.992 1.003 0.995 0.998 1.004 0.992 1.01 1.0 1.003 0.992 0.999 1.0 1.002 1.005 0.993 1.008 0.999 1.001 1.002 1.008 0.993 1.0 1.001 1.001 0.991 1.008 0.999 1.0 0.994 0.991 0.993 1.0 1.002 1.003 0.999 0.994 1.0 1.0 0.994 0.992 1.004 1.0 1.001 1.008 0.999 1.0 1.0 0.998 0.992 0.991 0.993 1.0 0.998 0.999 0.998 1.0 1.0 1.002 1.0 1.0 1.0 1.0 0.997 0.998 0.999 1.0 1.0 1.004 0.995 0.999 1.0 1.0 1.002 0.993 0.993 1.0 1.0 1.005 0.991 1.005 1.0 1.0 0.999 0.998 0.997 1.0 1.0 0.998 1.006 0.993 1.0 1.0 0.999 1.0 1.0 1.0 1.0 1.003 0.994 1.0 1.0 1.0 0.997 0.99 1.0 1.0 1.0 0.996 0.994 1.0 1.0 1.0 0.999 1.011 1.0 1.0 1.0 0.996 1.0 1.0 1.0 1.0 0.996 1.0 1.0 1.0 1.0 0.998 1.0 1.0 1.0 1.0 1.001 1.0 1.0 1.0 1.0 0.998 1.0 1.0 1.0 1.0 1.0 1.0 1.0 1.0 1.0 1.001 1.0 1.0 1.0 1.0 0.993 1.0 1.0 1.0 1.0 1.001 1.0 1.0 1.0 1.0 1.0 1.0 1.0 1.0 1.0 1.005 1.0 1.0 1.0 1.0 0.994 1.0 1.0 1.0 1.0 1.013 1.0 1.0 1.0 1.0 1.009 1.0 1.0 1.0 1.0 0.993 1.0 1.0 1.0 1.0 1.0 1.0 1.0 1.0 1.0 1.0 1.0 1.0 1.0 1.0 1.0 1.0 1.0 1.0 1.0 1.0 1.0 1.0 1.0 1.0 1.0 1.0 1.0 1.0 1.0 1.0 1.0 1.0 1.0 1.0 1.0 1.0 1.0 1.0 1.0 1.0 1.0 1.0 1.0 1.0 1.0 1.0 1.0 1.0 1.0 1.0 1.0 1.0 1.0 1.0 1.0 1.0 1.0 1.0 1.0 1.0 1.0 1.0 1.0 1.0 1.0 1.0 1.0 1.0 1.0 1.0 1.0 1.0 1.0 1.0 1.0 1.0 1.0 1.0 1.0 1.0 1.0 1.0 1.0 1.0 1.0 1.0 1.0 1.0 1.0 1.0 1.0 1.0 1.0 1.0 1.0 1.0 1.0 1.0 1.0 1.0 1.0 1.0 1.0 1.0 1.0 1.0 1.0 1.0 1.0 1.0 1.0 1.0 1.0 1.0 1.0 1.0 1.0 1.0 1.0 1.0 1.0 1.0 1.0 1.0 1.0 1.0 1.0 1.0 1.0 1.0 1.0 1.0 1.0 1.0 1.0 1.0 1.0 1.0 1.002 1.001 0.997 1.002 0.997 0.999 0.998 1.003 0.999 0.996 1.004 1.004 0.998 1.003 1.004 0.998 1.002 1.004 1.004 0.997 1.004 1.002 1.005 0.998 0.996 0.998 0.998 0.998 1.004 1.005 1.003 0.997 1.002 0.994 0.996 0.998 0.998 1.001 0.997 1.004 1.002 1.001 1.003 1.004 0.993 1.002 1.003 1.001 0.997 1.004 0.999 1.004 1.003 1.003 1.003 0.995 0.994 1.001 1.0 0.992 1.0 1.002 1.007 0.994 0.992 1.002 1.002 0.991 1.003 0.999 1.002 1.005 0.998 1.004 0.995 1.001 1.009 0.993 1.004 0.995 1.004 1.009 0.999 1.004 1.002 0.994 1.0 0.998 1.004 1.0 0.994 0.992 0.997 0.992 1.002 1.003 0.992 0.992 0.997 1.008 0.996 0.991 1.01 1.003 0.997 1.002 1.0 1.0 0.999 0.998 0.994 0.991 1.0 0.995 0.996 1.001 0.994 1.0 1.003 1.0 0.995 1.006 1.0 1.011 1.0 0.993 0.994 1.0 0.998 1.0 0.994 1.011 1.0 1.002 1.0 0.996 1.001 1.0 0.999 1.0 0.998 0.997 1.0 1.003 1.0 1.002 1.004 1.0 0.993 1.0 1.0 0.997 1.0 0.998 1.0 1.0 0.995 1.0 1.0 1.0 0.994 0.997 1.0 1.0 1.0 1.002 0.991 1.0 1.0 1.0 1.002 0.994 1.0 1.0 1.0 0.999 0.995 1.0 1.0 1.0 0.996 0.995 1.0 1.0 1.0 1.002 1.0 1.0 1.0 1.0 0.997 1.0 1.0 1.0 1.0 1.0 1.0 1.0 1.0 1.0 0.999 1.0 1.0 1.0 1.0 0.999 1.0 1.0 1.0 1.0 0.997 1.0 1.0 1.0 1.0 0.996 1.0 1.0 1.0 1.0 1.009 1.0 1.0 1.0 1.0 1.008 1.0 1.0 1.0 1.0 1.01 1.0 1.0 1.0 1.0 1.002 1.0 1.0 1.0 1.0 0.995 1.0 1.0 1.0 1.0 0.996 1.0 1.0 1.0 1.0 1.011 1.0 1.0 1.0 1.0 0.995 1.0 1.0 1.0 1.0 1.0 1.0 1.0 1.0 1.0 1.0 1.0 1.0 1.0 1.0 1.0 1.0 1.0 1.0 1.0 1.0 1.0 1.0 1.0 1.0 1.0 1.0 1.0 1.0 1.0 1.0 1.0 1.0 1.0 1.0 1.0 1.0 1.0 1.0 1.0 1.0 1.0 1.0 1.0 1.0 1.0 1.0 1.0 1.0 1.0 1.0 1.0 1.0 1.0 1.0 1.0 1.0 1.0 1.0 1.0 1.0 1.0 1.0 1.0 1.0 1.0 1.0 1.0 1.0 1.0 1.0 1.0 1.0 1.0 1.0 1.0 1.0 1.0 1.0 1.0 1.0 1.0 1.0 1.0 1.0 1.0 1.0 1.0 1.0 1.0 1.0 1.0 1.0 1.0 1.0 1.0 1.0 1.0 1.0 1.0 1.0 1.0 1.0 1.0 1.0 1.0 1.0 1.0 1.0 1.0 1.0 1.0 1.0 1.0 1.0 1.0 1.0 1.0 1.0 1.0 1.0 1.0 1.0 1.0 1.0 1.002 1.001 0.997 1.002 1.002 0.997 0.998 1.004 1.0 0.996 0.998 1.001 0.999 1.0 0.999 0.997 1.002 1.004 0.997 1.005 0.998 1.002 1.001 1.002 0.999 1.003 1.003 1.004 0.995 1.002 1.001 1.002 1.004 1.006 0.995 0.994 1.003 1.004 1.006 1.004 1.003 0.997 1.004 1.002 1.005 0.998 0.995 0.995 1.003 1.003 1.005 1.002 1.0 1.002 1.012 1.006 1.005 1.0 1.012 1.013 1.01 1.001 0.999 0.999 1.004 1.005 1.004 1.003 1.008 0.999 1.01 1.005 1.001 1.012 1.009 0.999 1.01 1.004 1.008 0.992 1.011 0.99 1.006 0.998 1.005 1.006 1.004 0.998 1.013 0.994 0.99 1.005 1.003 0.994 1.001 1.0 1.011 1.001 0.992 1.013 1.01 0.991 1.004 1.0 1.013 0.999 1.0 1.003 0.993 0.992 1.007 1.005 1.003 0.994 1.004 1.004 0.996 1.0 1.011 0.997 1.004 0.996 1.0 1.012 0.996 1.0 1.013 0.997 0.995 0.994 1.012 0.995 0.997 1.002 1.013 1.004 0.996 1.0 0.998 1.008 0.999 1.013 1.0 0.995 0.991 0.993 1.0 1.0 0.989 1.0 0.992 1.0 1.0 1.0 1.0 0.992 1.0 0.997 1.0 1.0 0.993 1.0 1.0 1.0 1.0 1.005 1.0 1.0 1.0 1.0 1.012 1.0 1.005 1.0 1.0 0.997 1.0 1.0 1.0 1.0 1.012 1.0 0.997 1.0 1.0 0.998 1.0 0.997 1.0 1.0 1.001 1.0 0.997 1.0 1.0 0.995 1.0 0.997 1.0 1.0 1.0 1.0 0.998 1.0 1.0 1.0 1.0 1.005 1.0 1.0 1.0 1.0 1.004 1.0 1.0 1.0 1.0 1.0 1.0 1.0 1.0 1.0 1.001 1.0 1.0 1.0 1.0 1.002 1.0 1.0 1.0 1.0 1.0 1.0 1.0 1.0 1.0 1.001 1.0 1.0 1.0 1.0 1.001 1.0 1.0 1.0 1.0 1.0 1.0 1.0 1.0 1.0 0.997 1.0 1.0 1.0 1.0 0.999 1.0 1.0 1.0 1.0 0.999 1.0 1.0 1.0 1.0 0.998 1.0 1.0 1.0 1.0 1.0 1.0 1.0 1.0 1.0 1.002 1.0 1.0 1.0 1.0 1.001 1.0 1.0 1.0 1.0 1.001 1.0 1.0 1.0 1.0 0.998 1.0 1.0 1.0 1.0 1.0 1.0 1.0 1.0 1.0 1.001 1.0 1.0 1.0 1.0 1.001 1.0 1.0 1.0 1.0 0.997 1.0 1.0 1.0 1.0 0.997 1.0 1.0 1.0 1.0 0.999 1.0 1.0 1.0 1.0 0.997 1.0 1.0 1.0 1.0 1.002 1.0 1.0 1.0 1.0 0.999 1.0 1.0 1.0 1.0 1.0 1.0 1.0 1.0 1.0 1.0 1.0 1.0 1.0 1.0 1.0 1.0 1.0 1.0 1.0 0.998 1.0 1.0 1.0 1.0 0.997 1.0 1.0 1.0 1.0 0.996 1.0 1.0 1.0 1.0 0.992 1.0 1.0 1.0 1.0 0.996 1.0 1.0 0.999 1.002 0.999 1.002 0.999 1.004 0.998 1.004 0.996 1.003 0.997 1.001 0.999 0.995 1.005 0.998 1.001 1.004 0.997 1.0 0.998 1.002 0.995 0.998 1.001 1.001 1.004 0.997 1.003 0.998 1.001 0.994 0.997 1.006 1.0 0.996 1.001 1.003 1.003 1.004 0.996 1.003 1.004 1.005 0.993 1.006 1.004 1.001 1.004 1.005 1.006 0.993 1.004 0.993 1.008 1.007 0.999 1.004 1.007 1.005 1.004 1.007 0.993 1.006 0.993 0.995 1.004 1.004 1.005 1.002 0.999 1.004 0.998 1.002 1.006 0.996 1.003 0.998 1.007 1.008 1.005 1.004 1.004 0.992 1.001 1.001 1.0 1.008 1.005 1.003 0.998 1.0 1.0 1.003 0.994 1.0 1.0 1.0 0.999 0.995 0.998 1.0 0.994 0.993 1.003 1.002 1.0 0.992 1.0 0.996 1.001 1.0 0.999 1.011 1.001 1.002 1.0 1.0 0.994 1.001 0.995 1.0 0.998 0.993 1.003 0.997 1.0 1.0 0.993 0.993 1.006 1.0 0.999 1.008 0.997 0.999 1.0 1.003 1.0 0.997 1.0 1.0 0.993 0.999 1.001 1.0 1.0 1.001 0.992 1.0 1.004 1.0 0.998 0.999 0.992 0.998 1.0 0.999 0.998 1.0 1.003 1.0 0.992 0.999 1.0 0.999 1.0 0.996 0.998 1.0 0.995 1.0 1.001 0.994 1.0 0.995 1.0 1.0 1.004 1.0 0.997 1.0 1.0 0.997 1.0 0.996 1.0 1.0 0.998 1.0 0.998 1.0 1.0 1.011 1.0 1.002 1.0 1.0 1.009 1.0 0.997 1.0 1.0 0.991 1.0 0.991 1.0 1.0 0.996 1.0 0.997 1.0 1.0 0.995 1.0 0.991 1.0 1.0 1.003 1.0 1.0 1.0 1.0 1.004 1.0 1.0 1.0 1.0 1.001 1.0 1.0 1.0 1.0 0.996 1.0 1.0 1.0 1.0 1.0 1.0 1.0 1.0 1.0 1.0 1.0 1.0 1.0 1.0 1.0 1.0 1.0 1.0 1.0 1.0 1.0 1.0 1.0 1.0 1.0 1.0 1.0 1.0 1.0 1.0 1.0 1.0 1.0 1.0 1.0 1.0 1.0 1.0 1.0 1.0 1.0 1.0 1.0 1.0 1.0 1.0 1.0 1.0 1.0 1.0 1.0 1.0 1.0 1.0 1.0 1.0 1.0 1.0 1.0 1.0 1.0 1.0 1.0 1.0 1.0 1.0 1.0 1.0 1.0 1.0 1.0 1.0 1.0 1.0 1.0 1.0 1.0 1.0 1.0 1.0 1.0 1.0 1.0 1.0 1.0 1.0 1.0 1.0 1.0 1.0 1.0 1.0 1.0 1.0 1.0 1.0 1.0 1.0 1.0 1.0 1.0 1.0 1.0 1.0 1.0 1.0 1.0 1.0 1.0 1.0 1.0 1.0 1.0 1.0 1.0 1.0 1.0 1.0 1.0 1.0 1.0 1.0 1.0 1.0 1.0 1.0 1.0 1.0 1.0 1.0 1.0 1.0 1.0 1.0 1.0 1.0 1.0 1.0 1.0 1.0 1.0 1.0 1.0 1.0 1.0 1.0 0.998 1.001 1.003 1.0 0.999 1.001 1.004 1.003 1.0 1.003 0.998 1.004 1.0 1.001 1.005 0.996 1.002 0.995 0.995 1.001 1.005 1.004 1.004 1.002 1.004 0.996 0.996 0.995 0.992 0.996 0.996 1.003 1.004 1.008 0.996 1.003 0.997 0.997 0.992 1.001 0.994 0.994 1.001 1.003 0.995 1.003 1.003 1.005 0.993 1.001 0.999 1.002 1.002 1.0 1.002 0.993 0.996 0.998 0.993 0.998 1.004 0.995 1.0 1.0 1.005 0.995 1.004 1.0 1.0 1.003 1.001 0.996 1.002 1.0 0.992 0.995 1.003 1.002 1.0 1.001 0.998 0.996 0.997 1.0 0.999 1.004 0.996 1.0 1.0 0.998 0.995 1.002 0.998 1.0 0.994 1.003 1.002 1.0 1.0 0.992 1.003 1.001 0.999 1.0 0.997 1.003 1.002 1.001 1.0 0.997 0.995 0.996 1.0 1.0 0.992 0.996 1.003 0.999 1.0 1.011 0.994 0.995 1.002 1.0 1.001 0.995 1.005 0.999 1.0 0.994 0.996 1.001 1.004 1.0 0.997 0.996 0.994 0.999 1.0 1.0 0.996 1.0 1.001 1.0 1.0 0.997 0.998 1.0 1.0 1.0 1.004 1.0 1.0 1.0 1.0 0.995 0.999 0.997 1.0 1.0 0.996 1.0 0.999 1.0 1.0 0.995 1.0 1.005 1.0 1.0 1.0 0.997 1.005 1.0 1.0 1.0 1.003 1.003 1.0 1.0 1.0 0.997 0.997 1.0 1.0 1.0 0.999 0.999 1.0 1.0 1.0 0.999 1.0 1.0 1.0 1.0 0.999 1.002 1.0 1.0 1.0 1.0 0.997 1.0 1.0 1.0 0.999 0.999 1.0 1.0 1.0 0.999 0.991 1.0 1.0 1.0 0.999 0.999 1.0 1.0 1.0 0.998 0.993 1.0 1.0 1.0 0.998 0.991 1.0 1.0 1.0 0.996 0.997 1.0 1.0 1.0 1.001 0.99 1.0 1.0 1.0 1.0 0.997 1.0 1.0 1.0 1.003 1.0 1.0 1.0 1.0 0.994 1.0 1.0 1.0 1.0 0.992 1.0 1.0 1.0 1.0 1.004 1.0 1.0 1.0 1.0 0.99 1.0 1.0 1.0 1.0 0.99 1.0 1.0 1.0 1.0 0.991 1.0 1.0 1.0 1.0 0.997 1.0 1.0 1.0 1.0 0.996 1.0 1.0 1.0 1.0 0.997 1.0 1.0 1.0 1.0 0.996 1.0 1.0 1.0 1.0 1.0 1.0 1.0 1.0 1.0 1.0 1.0 1.0 1.0 1.0 1.0 1.0 1.0 1.0 1.0 1.0 1.0 1.0 1.0 1.0 1.0 1.0 1.0 1.0 1.0 1.0 1.0 1.0 1.0 1.0 1.0 1.0 1.0 1.0 1.0 1.0 1.0 1.0 1.0 1.0 1.0 1.0 1.0 1.0 1.0 1.0 1.0 1.0 1.0 1.0 1.0 1.0 1.0 1.0 1.0 1.0 1.0 1.0 1.0 1.0 1.0 1.0 1.0 1.0 1.0 1.0 1.0 1.0 1.0 1.0 1.0 1.0 1.0 1.0 1.0 1.0 1.0 1.0 1.0 1.002 1.002 0.999 1.002 0.997 0.999 1.003 1.004 1.003 1.004 1.004 1.002 1.0 1.004 1.004 0.997 0.998 0.999 0.995 0.997 1.002 1.001 1.002 0.998 1.001 0.998 1.005 0.997 1.004 0.996 1.002 0.992 1.0 0.995 1.002 0.997 1.003 0.996 1.002 1.001 1.001 1.004 1.003 1.0 1.006 1.002 1.005 1.003 1.005 0.992 0.995 1.003 1.001 1.003 1.003 1.003 0.993 1.001 1.003 1.008 1.001 1.005 1.003 1.006 1.0 1.001 0.992 1.003 1.001 1.002 1.004 1.006 0.992 0.995 0.992 1.004 1.004 0.992 1.004 0.992 1.003 1.001 1.008 1.01 1.0 1.005 0.991 1.008 1.005 1.0 1.004 1.006 1.001 0.991 1.0 1.005 0.999 1.004 1.004 1.0 1.0 0.995 1.005 0.991 1.0 0.999 1.006 1.0 1.001 1.0 0.999 0.999 1.0 1.0 1.0 1.0 1.006 1.009 0.996 1.0 1.001 1.006 0.998 1.003 1.0 1.005 1.0 0.992 1.001 1.0 1.004 1.007 1.005 0.999 1.0 1.003 0.995 0.992 0.993 1.0 0.999 1.007 1.007 0.995 1.0 1.007 0.99 1.007 0.99 1.0 1.007 0.994 1.01 0.995 1.0 0.99 1.001 1.0 1.001 1.0 0.99 1.006 1.008 0.995 1.0 0.99 1.011 0.991 1.0 1.0 0.99 0.991 0.998 1.0 1.0 0.997 0.995 1.0 1.0 1.0 0.997 0.997 1.0 1.0 1.0 0.997 0.998 1.0 1.0 1.0 1.001 0.991 1.0 1.0 1.0 0.998 0.994 1.0 1.0 1.0 1.001 0.996 1.0 1.0 1.0 1.002 1.0 1.0 1.0 1.0 0.994 1.0 1.0 1.0 1.0 1.011 1.0 1.0 1.0 1.0 0.995 1.0 1.0 1.0 1.0 0.999 1.0 1.0 1.0 1.0 1.006 1.0 1.0 1.0 1.0 0.998 1.0 1.0 1.0 1.0 0.997 1.0 1.0 1.0 1.0 1.0 1.0 1.0 1.0 1.0 1.0 1.0 1.0 1.0 1.0 1.0 1.0 1.0 1.0 1.0 1.0 1.0 1.0 1.0 1.0 1.0 1.0 1.0 1.0 1.0 1.0 1.0 1.0 1.0 1.0 1.0 1.0 1.0 1.0 1.0 1.0 1.0 1.0 1.0 1.0 1.0 1.0 1.0 1.0 1.0 1.0 1.0 1.0 1.0 1.0 1.0 1.0 1.0 1.0 1.0 1.0 1.0 1.0 1.0 1.0 1.0 1.0 1.0 1.0 1.0 1.0 1.0 1.0 1.0 1.0 1.0 1.0 1.0 1.0 1.0 1.0 1.0 1.0 1.0 1.0 1.0 1.0 1.0 1.0 1.0 1.0 1.0 1.0 1.0 1.0 1.0 1.0 1.0 1.0 1.0 1.0 1.0 1.0 1.0 1.0 1.0 1.0 1.0 1.0 1.0 1.0 1.0 1.0 1.0 1.0 1.0 1.0 1.0 1.0 1.0 1.0 1.0 1.0 1.0 1.0 1.0 1.0 1.0 1.0 1.0 1.0 1.0 1.0 1.0 1.0 1.0 1.0 1.0 1.0 1.0 0.998 1.001 1.003 1.002 0.997 1.004 0.998 1.003 0.996 1.004 1.001 0.996 0.999 1.004 1.003 0.999 0.996 1.004 0.995 0.999 1.003 1.004 1.004 1.001 0.997 1.003 1.002 0.995 1.002 1.004 1.002 0.995 1.004 1.003 0.999 1.003 0.998 0.995 1.001 1.005 0.997 1.0 1.001 1.004 1.002 0.996 0.998 0.997 1.001 1.002 1.004 1.003 0.998 1.003 1.001 1.002 1.0 1.001 1.0 0.994 0.995 1.003 1.001 1.002 1.002 1.003 0.995 0.996 1.0 1.006 0.995 1.003 0.998 1.001 0.992 1.003 1.003 1.0 1.0 1.009 0.994 1.002 1.002 1.0 1.003 0.994 1.002 0.995 1.0 1.004 1.002 1.001 1.002 1.0 1.012 0.997 0.996 1.0 1.0 0.994 1.001 0.993 1.002 1.0 1.0 1.0 0.993 1.0 1.0 1.001 1.002 1.0 0.995 1.0 1.001 1.004 0.994 1.008 1.0 1.013 0.995 0.997 1.0 1.0 1.003 0.999 1.002 1.007 1.0 0.992 1.004 0.993 0.998 1.0 1.013 0.999 0.998 1.007 1.0 1.002 1.002 1.003 0.993 1.0 0.998 0.997 1.007 0.994 1.0 1.002 1.009 0.999 0.994 1.0 0.994 1.002 1.005 1.001 1.0 0.998 1.0 1.009 1.01 1.0 1.003 1.0 1.01 0.993 1.0 0.999 1.0 0.999 0.998 1.0 0.991 1.0 1.001 0.993 1.0 0.998 1.0 0.992 0.993 1.0 1.0 1.0 0.992 0.993 1.0 1.002 1.0 0.994 1.01 1.0 1.014 1.0 1.0 0.993 1.0 0.996 1.0 1.0 0.993 1.0 1.001 1.0 1.0 1.005 1.0 1.0 1.0 1.0 0.995 1.0 1.0 1.0 1.0 1.0 1.0 1.0 1.0 1.0 1.013 1.0 1.0 1.0 1.0 1.0 1.0 1.0 1.0 1.0 1.0 1.0 1.0 1.0 1.0 1.0 1.0 1.0 1.0 1.0 1.0 1.0 1.0 1.0 1.0 1.0 1.0 1.0 1.0 1.0 1.0 1.0 1.0 1.0 1.0 1.0 1.0 1.0 1.0 1.0 1.0 1.0 1.0 1.0 1.0 1.0 1.0 1.0 1.0 1.0 1.0 1.0 1.0 1.0 1.0 1.0 1.0 1.0 1.0 1.0 1.0 1.0 1.0 1.0 1.0 1.0 1.0 1.0 1.0 1.0 1.0 1.0 1.0 1.0 1.0 1.0 1.0 1.0 1.0 1.0 1.0 1.0 1.0 1.0 1.0 1.0 1.0 1.0 1.0 1.0 1.0 1.0 1.0 1.0 1.0 1.0 1.0 1.0 1.0 1.0 1.0 1.0 1.0 1.0 1.0 1.0 1.0 1.0 1.0 1.0 1.0 1.0 1.0 1.0 1.0 1.0 1.0 1.0 1.0 1.0 1.0 1.0 1.0 1.0 1.0 1.0 1.0 1.0 1.0 1.0 1.0 1.0 1.0 1.0 1.0 1.0 1.0 1.0 1.0 1.0 1.0 1.0 1.0 1.0 1.0 1.0 1.0 1.0 1.0 1.0 1.0 1.0 1.0 1.0 1.0 1.0 1.0 1.0,1.0146142,0.014614224,0.9887062,0.3,0.012880530208349228,0.0003,5,0.06804311
2,0.007154107093811035,0.9998338,1.002 1.003 0.999 0.999 0.999 0.998 1.007 1.007 0.991 0.991 1.003 1.008 0.998 1.008 1.002 1.009 0.99 0.988 0.996 0.994 1.004 1.007 0.997 1.011 1.005 1.003 0.99 1.009 1.003 1.012 1.004 0.989 1.004 0.992 1.013 0.997 0.992 1.01 1.003 1.005 1.005 1.007 1.001 0.988 0.981 0.999 0.99 1.004 1.009 0.996 1.007 0.99 1.005 1.01 0.985 0.996 1.006 1.004 1.004 1.0 0.993 0.992 0.989 1.006 1.0 1.009 1.007 0.986 0.991 1.0 1.002 1.008 1.003 1.006 1.0 1.008 1.012 1.005 1.006 1.0 1.023 0.993 1.018 1.002 1.0 1.022 0.993 1.007 0.982 1.0 1.003 0.99 1.002 1.004 1.0 1.0 0.993 0.988 0.99 1.0 1.011 0.99 0.993 1.006 1.0 0.999 1.006 1.0 0.989 1.0 0.987 0.989 1.0 0.986 1.0 0.987 1.003 1.0 0.987 1.0 0.981 1.0 1.0 0.988 1.0 1.001 1.0 1.0 0.988 1.0 0.988 1.009 1.0 0.987 1.0 1.0 0.998 1.0 1.003 1.0 1.008 1.0 1.0 1.006 1.0 0.978 0.983 1.0 0.999 1.0 0.977 1.009 1.0 0.99 1.0 1.006 1.006 1.0 1.002 1.0 1.031 1.007 1.0 0.998 1.0 1.0 0.998 1.0 1.0 1.0 1.0 0.996 1.0 0.99 1.0 1.0 0.999 1.0 1.006 1.0 1.0 0.993 1.0 0.988 1.0 1.0 0.983 1.0 0.99 1.0 1.0 1.006 1.0 1.0 1.0 1.0 1.023 1.0 1.0 1.0 1.0 0.999 1.0 1.0 1.0 1.0 0.99 1.0 1.0 1.0 1.0 0.99 1.0 1.0 1.0 1.0 0.991 1.0 1.0 1.0 1.0 0.994 1.0 1.0 1.0 1.0 0.991 1.0 1.0 1.0 1.0 1.0 1.0 1.0 1.0 1.0 1.0 1.0 1.0 1.0 1.0 1.0 1.0 1.0 1.0 1.0 1.0 1.0 1.0 1.0 1.0 1.0 1.0 1.0 1.0 1.0 1.0 1.0 1.0 1.0 1.0 1.0 1.0 1.0 1.0 1.0 1.0 1.0 1.0 1.0 1.0 1.0 1.0 1.0 1.0 1.0 1.0 1.0 1.0 1.0 1.0 1.0 1.0 1.0 1.0 1.0 1.0 1.0 1.0 1.0 1.0 1.0 1.0 1.0 1.0 1.0 1.0 1.0 1.0 1.0 1.0 1.0 1.0 1.0 1.0 1.0 1.0 1.0 1.0 1.0 1.0 1.0 1.0 1.0 1.0 1.0 1.0 1.0 1.0 1.0 1.0 1.0 1.0 1.0 1.0 1.0 1.0 1.0 1.0 1.0 1.0 1.0 1.0 1.0 1.0 1.0 1.0 1.0 1.0 1.0 1.0 1.0 1.0 1.0 1.0 1.0 1.0 1.0 1.0 1.0 1.0 1.0 1.0 1.0 1.0 1.0 1.0 1.0 1.0 1.0 1.0 1.0 1.0 1.0 1.0 1.0 1.0 1.0 1.0 1.0 1.0 1.0 1.0 1.0 1.0 1.0 1.0 1.0 1.0 1.0 1.0 0.997 1.005 0.999 0.999 1.008 0.995 0.997 0.992 1.0 1.003 1.004 1.001 0.991 1.008 1.005 0.991 0.996 0.991 1.0 1.0 1.005 1.001 0.993 0.992 1.007 0.991 1.009 1.004 0.988 0.985 1.007 0.995 1.004 0.989 1.006 1.005 1.003 1.009 0.989 0.985 0.989 1.008 0.984 1.012 0.985 1.0 1.003 0.987 1.012 0.985 0.989 0.989 0.991 0.982 1.007 0.989 0.996 1.008 0.983 1.02 1.0 1.006 0.983 0.997 0.999 1.004 1.01 0.985 1.017 0.997 1.003 1.004 1.017 0.985 1.0 1.001 1.002 0.982 1.017 0.998 1.0 0.988 0.982 0.986 1.0 1.005 1.005 0.999 0.987 1.0 1.001 0.987 0.982 1.009 1.0 1.002 1.017 0.997 0.999 1.0 0.995 0.983 0.982 0.985 1.0 0.996 0.998 0.996 1.0 1.0 1.005 0.999 0.999 1.0 1.0 0.994 0.995 0.999 1.0 1.0 1.009 0.989 0.997 1.0 1.0 1.004 0.986 0.984 1.0 1.0 1.011 0.981 1.011 1.0 1.0 0.997 0.995 0.994 1.0 1.0 0.995 1.012 0.986 1.0 1.0 0.997 1.0 1.0 1.0 1.0 1.007 0.987 1.0 1.0 1.0 0.994 0.98 1.0 1.0 1.0 0.992 0.986 1.0 1.0 1.0 0.998 1.023 1.0 1.0 1.0 0.991 1.0 1.0 1.0 1.0 0.991 1.0 1.0 1.0 1.0 0.997 1.0 1.0 1.0 1.0 1.002 1.0 1.0 1.0 1.0 0.997 1.0 1.0 1.0 1.0 1.0 1.0 1.0 1.0 1.0 1.002 1.0 1.0 1.0 1.0 0.986 1.0 1.0 1.0 1.0 1.002 1.0 1.0 1.0 1.0 0.999 1.0 1.0 1.0 1.0 1.011 1.0 1.0 1.0 1.0 0.988 1.0 1.0 1.0 1.0 1.027 1.0 1.0 1.0 1.0 1.02 1.0 1.0 1.0 1.0 0.986 1.0 1.0 1.0 1.0 1.0 1.0 1.0 1.0 1.0 1.0 1.0 1.0 1.0 1.0 1.0 1.0 1.0 1.0 1.0 1.0 1.0 1.0 1.0 1.0 1.0 1.0 1.0 1.0 1.0 1.0 1.0 1.0 1.0 1.0 1.0 1.0 1.0 1.0 1.0 1.0 1.0 1.0 1.0 1.0 1.0 1.0 1.0 1.0 1.0 1.0 1.0 1.0 1.0 1.0 1.0 1.0 1.0 1.0 1.0 1.0 1.0 1.0 1.0 1.0 1.0 1.0 1.0 1.0 1.0 1.0 1.0 1.0 1.0 1.0 1.0 1.0 1.0 1.0 1.0 1.0 1.0 1.0 1.0 1.0 1.0 1.0 1.0 1.0 1.0 1.0 1.0 1.0 1.0 1.0 1.0 1.0 1.0 1.0 1.0 1.0 1.0 1.0 1.0 1.0 1.0 1.0 1.0 1.0 1.0 1.0 1.0 1.0 1.0 1.0 1.0 1.0 1.0 1.0 1.0 1.0 1.0 1.0 1.0 1.0 1.0 1.0 1.0 1.0 1.0 1.0 1.0 1.0 1.0 1.0 1.0 1.0 1.0 1.0 1.005 1.003 0.994 1.004 0.994 0.997 0.997 1.007 0.998 0.992 1.009 1.009 0.996 1.007 1.008 0.995 1.004 1.01 1.008 0.994 1.008 1.005 1.01 0.996 0.993 0.997 0.995 0.996 1.009 1.009 1.005 0.994 1.003 0.988 0.991 0.995 0.996 1.002 0.995 1.009 1.004 1.003 1.006 1.008 0.986 1.004 1.006 1.003 0.995 1.008 0.999 1.009 1.006 1.006 1.006 0.991 0.987 1.001 0.999 0.983 0.999 1.004 1.014 0.988 0.984 1.004 1.003 0.982 1.007 0.999 1.004 1.01 0.997 1.009 0.99 1.002 1.018 0.985 1.008 0.99 1.009 1.019 0.998 1.008 1.005 0.987 1.001 0.995 1.008 1.0 0.987 0.983 0.994 0.983 1.003 1.006 0.983 0.984 0.993 1.016 0.991 0.98 1.021 1.005 0.993 1.005 0.999 1.0 0.998 0.996 0.988 0.981 1.0 0.989 0.991 1.002 0.987 1.0 1.006 1.0 0.989 1.013 1.0 1.023 1.0 0.986 0.988 1.0 0.996 1.0 0.988 1.024 1.0 1.004 1.0 0.992 1.001 1.0 0.998 1.0 0.995 0.995 1.0 1.006 1.0 1.004 1.008 1.0 0.986 1.0 1.001 0.995 1.0 0.995 1.0 0.999 0.99 1.0 1.0 1.0 0.987 0.994 1.0 1.0 1.0 1.003 0.982 1.0 1.0 1.0 1.005 0.988 1.0 1.0 1.0 0.998 0.99 1.0 1.0 1.0 0.991 0.989 1.0 1.0 1.0 1.005 1.0 1.0 1.0 1.0 0.993 1.0 1.0 1.0 1.0 1.001 1.0 1.0 1.0 1.0 0.998 1.0 1.0 1.0 1.0 0.997 1.0 1.0 1.0 1.0 0.994 1.0 1.0 1.0 1.0 0.991 1.0 1.0 1.0 1.0 1.018 1.0 1.0 1.0 1.0 1.017 1.0 1.0 1.0 1.0 1.021 1.0 1.0 1.0 1.0 1.005 1.0 1.0 1.0 1.0 0.99 1.0 1.0 1.0 1.0 0.991 1.0 1.0 1.0 1.0 1.024 1.0 1.0 1.0 1.0 0.989 1.0 1.0 1.0 1.0 1.0 1.0 1.0 1.0 1.0 1.0 1.0 1.0 1.0 1.0 1.0 1.0 1.0 1.0 1.0 1.0 1.0 1.0 1.0 1.0 1.0 1.0 1.0 1.0 1.0 1.0 1.0 1.0 1.0 1.0 1.0 1.0 1.0 1.0 1.0 1.0 1.0 1.0 1.0 1.0 1.0 1.0 1.0 1.0 1.0 1.0 1.0 1.0 1.0 1.0 1.0 1.0 1.0 1.0 1.0 1.0 1.0 1.0 1.0 1.0 1.0 1.0 1.0 1.0 1.0 1.0 1.0 1.0 1.0 1.0 1.0 1.0 1.0 1.0 1.0 1.0 1.0 1.0 1.0 1.0 1.0 1.0 1.0 1.0 1.0 1.0 1.0 1.0 1.0 1.0 1.0 1.0 1.0 1.0 1.0 1.0 1.0 1.0 1.0 1.0 1.0 1.0 1.0 1.0 1.0 1.0 1.0 1.0 1.0 1.0 1.0 1.0 1.0 1.0 1.0 1.0 1.0 1.0 1.0 1.0 1.005 1.001 0.994 1.004 1.004 0.994 0.996 1.008 1.0 0.992 0.995 1.003 0.997 1.0 0.997 0.993 1.004 1.008 0.994 1.01 0.996 1.004 1.001 1.004 0.998 1.006 1.007 1.009 0.99 1.005 1.002 1.004 1.009 1.013 0.99 0.987 1.006 1.008 1.013 1.009 1.007 0.994 1.008 1.004 1.011 0.997 0.99 0.989 1.006 1.006 1.009 1.005 1.0 1.003 1.025 1.013 1.01 1.001 1.024 1.027 1.022 1.002 0.998 0.998 1.008 1.01 1.007 1.007 1.018 0.997 1.022 1.011 1.002 1.025 1.018 0.999 1.022 1.008 1.018 0.984 1.024 0.978 1.012 0.995 1.01 1.013 1.009 0.997 1.028 0.988 0.979 1.011 1.005 0.987 1.002 1.0 1.022 1.002 0.984 1.028 1.022 0.981 1.008 1.001 1.027 0.999 0.999 1.006 0.986 0.984 1.014 1.01 1.006 0.988 1.008 1.009 0.991 1.0 1.024 0.993 1.009 0.992 1.001 1.024 0.992 0.999 1.026 0.994 0.989 0.988 1.024 0.99 0.994 1.004 1.027 1.007 0.992 1.0 0.995 1.017 0.998 1.027 1.0 0.989 0.982 0.985 1.0 1.0 0.976 1.0 0.983 1.0 1.0 1.0 1.0 0.984 1.0 0.994 1.0 1.0 0.985 1.0 0.999 1.0 1.0 1.011 1.0 1.0 1.0 1.0 1.025 1.0 1.01 1.0 1.0 0.993 1.0 1.0 1.0 1.0 1.025 1.0 0.994 1.0 1.0 0.996 1.0 0.993 1.0 1.0 1.001 1.0 0.993 1.0 1.0 0.99 1.0 0.993 1.0 1.0 1.0 1.0 0.996 1.0 1.0 1.0 1.0 1.011 1.0 1.0 1.0 1.0 1.008 1.0 1.0 1.0 1.0 1.001 1.0 1.0 1.0 1.0 1.003 1.0 1.0 1.0 1.0 1.003 1.0 1.0 1.0 1.0 1.001 1.0 1.0 1.0 1.0 1.002 1.0 1.0 1.0 1.0 1.002 1.0 1.0 1.0 1.0 1.0 1.0 1.0 1.0 1.0 0.995 1.0 1.0 1.0 1.0 0.998 1.0 1.0 1.0 1.0 0.998 1.0 1.0 1.0 1.0 0.996 1.0 1.0 1.0 1.0 0.999 1.0 1.0 1.0 1.0 1.004 1.0 1.0 1.0 1.0 1.002 1.0 1.0 1.0 1.0 1.003 1.0 1.0 1.0 1.0 0.995 1.0 1.0 1.0 1.0 1.0 1.0 1.0 1.0 1.0 1.003 1.0 1.0 1.0 1.0 1.001 1.0 1.0 1.0 1.0 0.995 1.0 1.0 1.0 1.0 0.994 1.0 1.0 1.0 1.0 0.997 1.0 1.0 1.0 1.0 0.994 1.0 1.0 1.0 1.0 1.004 1.0 1.0 1.0 1.0 0.997 1.0 1.0 1.0 1.0 1.0 1.0 1.0 1.0 1.0 0.999 1.0 1.0 1.0 1.0 1.0 1.0 1.0 1.0 1.0 0.996 1.0 1.0 1.0 1.0 0.993 1.0 1.0 1.0 1.0 0.991 1.0 1.0 1.0 1.0 0.983 1.0 1.0 1.0 1.0 0.991 1.0 1.0 0.999 1.005 0.999 1.005 0.999 1.008 0.996 1.008 0.992 1.006 0.994 1.003 0.998 0.99 1.01 0.996 1.003 1.009 0.993 1.001 0.995 1.005 0.989 0.996 1.002 1.002 1.008 0.993 1.007 0.995 1.003 0.988 0.994 1.012 0.999 0.991 1.002 1.005 1.007 1.009 0.992 1.006 1.009 1.01 0.986 1.013 1.008 1.003 1.009 1.011 1.013 0.984 1.008 0.986 1.017 1.016 0.998 1.007 1.014 1.011 1.009 1.014 0.985 1.013 0.985 0.99 1.007 1.009 1.011 1.003 0.999 1.009 0.996 1.004 1.012 0.992 1.007 0.996 1.014 1.016 1.01 1.009 1.008 0.982 1.002 1.002 1.0 1.016 1.011 1.007 0.995 1.0 1.0 1.007 0.988 0.999 1.0 1.0 0.998 0.989 0.996 1.0 0.988 0.985 1.007 1.005 1.0 0.983 1.0 0.991 1.002 1.0 0.999 1.023 1.002 1.005 1.0 1.001 0.987 1.002 0.99 1.0 0.995 0.985 1.007 0.994 1.0 0.999 0.986 0.985 1.014 1.0 0.997 1.017 0.993 0.999 1.0 1.006 0.999 0.994 1.0 1.0 0.985 0.998 1.003 1.0 1.0 1.002 0.983 1.0 1.007 1.0 0.996 0.997 0.983 0.996 1.0 0.997 0.997 1.0 1.005 1.0 0.983 0.998 1.0 0.998 1.0 0.993 0.996 1.0 0.99 1.0 1.002 0.987 1.0 0.99 1.0 1.0 1.009 1.0 0.993 1.0 1.0 0.995 1.0 0.991 1.0 1.0 0.996 1.0 0.995 1.0 1.0 1.024 1.0 1.005 1.0 1.0 1.018 1.0 0.993 1.0 1.0 0.982 1.0 0.981 1.0 1.0 0.991 1.0 0.993 1.0 1.0 0.99 1.0 0.981 1.0 1.0 1.006 1.0 1.0 1.0 1.0 1.007 1.0 1.0 1.0 1.0 1.002 1.0 1.0 1.0 1.0 0.992 1.0 1.0 1.0 1.0 1.0 1.0 1.0 1.0 1.0 1.0 1.0 1.0 1.0 1.0 1.0 1.0 1.0 1.0 1.0 1.0 1.0 1.0 1.0 1.0 1.0 1.0 1.0 1.0 1.0 1.0 1.0 1.0 1.0 1.0 1.0 1.0 1.0 1.0 1.0 1.0 1.0 1.0 1.0 1.0 1.0 1.0 1.0 1.0 1.0 1.0 1.0 1.0 1.0 1.0 1.0 1.0 1.0 1.0 1.0 1.0 1.0 1.0 1.0 1.0 1.0 1.0 1.0 1.0 1.0 1.0 1.0 1.0 1.0 1.0 1.0 1.0 1.0 1.0 1.0 1.0 1.0 1.0 1.0 1.0 1.0 1.0 1.0 1.0 1.0 1.0 1.0 1.0 1.0 1.0 1.0 1.0 1.0 1.0 1.0 1.0 1.0 1.0 1.0 1.0 1.0 1.0 1.0 1.0 1.0 1.0 1.0 1.0 1.0 1.0 1.0 1.0 1.0 1.0 1.0 1.0 1.0 1.0 1.0 1.0 1.0 1.0 1.0 1.0 1.0 1.0 1.0 1.0 1.0 1.0 1.0 1.0 1.0 1.0 1.0 1.0 1.0 1.0 1.0 1.0 1.0 1.0 0.996 1.003 1.005 0.999 0.999 1.003 1.008 1.007 1.0 1.005 0.996 1.009 1.0 1.003 1.01 0.992 1.004 0.99 0.989 1.002 1.01 1.009 1.009 1.005 1.008 0.992 0.992 0.989 0.984 0.992 0.992 1.005 1.009 1.017 0.992 1.006 0.994 0.993 0.983 1.002 0.988 0.988 1.003 1.006 0.989 1.006 1.006 1.01 0.984 1.002 0.999 1.005 1.004 1.001 1.004 0.986 0.992 0.995 0.986 0.995 1.008 0.99 1.0 1.0 1.011 0.989 1.009 1.0 1.0 1.006 1.002 0.992 1.005 1.0 0.984 0.99 1.007 1.004 1.0 1.002 0.995 0.991 0.994 1.0 0.998 1.008 0.992 1.001 1.0 0.995 0.989 1.005 0.996 1.0 0.987 1.006 1.004 1.0 1.0 0.984 1.007 1.002 0.997 1.0 0.995 1.006 1.004 1.003 1.0 0.995 0.988 0.992 1.0 1.0 0.984 0.992 1.007 0.999 1.0 1.023 0.988 0.989 1.003 1.0 1.002 0.99 1.01 0.999 1.0 0.988 0.991 1.001 1.009 1.0 0.993 0.992 0.987 0.998 1.0 1.0 0.991 1.0 1.003 1.0 1.0 0.995 0.996 0.999 1.0 1.0 1.009 1.0 0.999 1.0 1.0 0.991 0.997 0.993 1.0 1.0 0.992 1.0 0.998 1.0 1.0 0.989 1.0 1.01 1.0 1.0 1.0 0.994 1.01 1.0 1.0 1.0 1.007 1.007 1.0 1.0 1.0 0.993 0.994 1.0 1.0 1.0 0.998 0.998 1.0 1.0 1.0 0.998 0.999 1.0 1.0 1.0 0.997 1.003 1.0 1.0 1.0 1.0 0.993 1.0 1.0 1.0 0.998 0.998 1.0 1.0 1.0 0.998 0.981 1.0 1.0 1.0 0.998 0.998 1.0 1.0 1.0 0.996 0.986 1.0 1.0 1.0 0.995 0.982 1.0 1.0 1.0 0.992 0.993 1.0 1.0 1.0 1.001 0.98 1.0 1.0 1.0 0.999 0.993 1.0 1.0 1.0 1.007 1.0 1.0 1.0 1.0 0.987 1.0 1.0 1.0 1.0 0.984 1.0 1.0 1.0 1.0 1.009 1.0 1.0 1.0 1.0 0.98 1.0 1.0 1.0 1.0 0.98 1.0 1.0 1.0 1.0 0.981 1.0 1.0 1.0 1.0 0.993 1.0 1.0 1.0 1.0 0.992 1.0 1.0 1.0 1.0 0.993 1.0 1.0 1.0 1.0 0.991 1.0 1.0 1.0 1.0 1.0 1.0 1.0 1.0 1.0 1.0 1.0 1.0 1.0 1.0 1.0 1.0 1.0 1.0 1.0 1.0 1.0 1.0 1.0 1.0 1.0 1.0 1.0 1.0 1.0 1.0 1.0 1.0 1.0 1.0 1.0 1.0 1.0 1.0 1.0 1.0 1.0 1.0 1.0 1.0 1.0 1.0 1.0 1.0 1.0 1.0 1.0 1.0 1.0 1.0 1.0 1.0 1.0 1.0 1.0 1.0 1.0 1.0 1.0 1.0 1.0 1.0 1.0 1.0 1.0 1.0 1.0 1.0 1.0 1.0 1.0 1.0 1.0 1.0 1.0 1.0 1.0 1.0 1.0 1.005 1.005 0.999 1.004 0.994 0.997 1.007 1.009 1.007 1.008 1.009 1.004 0.999 1.008 1.009 0.993 0.995 0.998 0.989 0.993 1.003 1.003 1.005 0.995 1.001 0.995 1.009 0.993 1.01 0.991 1.005 0.983 1.001 0.989 1.004 0.993 1.007 0.992 1.003 1.003 1.002 1.009 1.006 0.999 1.012 1.004 1.01 1.006 1.01 0.983 0.989 1.006 1.003 1.006 1.007 1.007 0.985 1.002 1.006 1.016 1.003 1.01 1.006 1.012 1.0 1.003 0.984 1.007 1.002 1.005 1.007 1.013 0.983 0.99 0.984 1.008 1.008 0.983 1.009 0.984 1.006 1.001 1.017 1.021 1.0 1.01 0.981 1.018 1.01 1.0 1.009 1.012 1.001 0.981 1.0 1.011 0.998 1.009 1.008 1.0 0.999 0.99 1.01 0.981 1.0 0.998 1.012 0.999 1.002 1.0 0.998 0.999 0.999 1.001 1.0 1.001 1.013 1.02 0.992 1.0 1.001 1.013 0.995 1.007 1.0 1.01 1.0 0.983 1.001 1.0 1.009 1.014 1.011 0.998 1.0 1.007 0.99 0.983 0.985 1.0 0.999 1.015 1.015 0.99 1.0 1.015 0.979 1.015 0.98 1.0 1.015 0.988 1.021 0.989 1.0 0.978 1.003 0.999 1.002 1.0 0.979 1.012 1.017 0.989 1.0 0.979 1.022 0.981 1.0 1.0 0.979 0.981 0.995 1.0 1.0 0.993 0.989 1.0 1.0 1.0 0.993 0.993 1.0 1.0 1.0 0.993 0.995 1.0 1.0 1.0 1.002 0.982 1.0 1.0 1.0 0.995 0.988 1.0 1.0 1.0 1.003 0.992 1.0 1.0 1.0 1.004 1.0 1.0 1.0 1.0 0.988 1.0 1.0 1.0 1.0 1.023 1.0 1.0 1.0 1.0 0.99 1.0 1.0 1.0 1.0 0.997 1.0 1.0 1.0 1.0 1.012 1.0 1.0 1.0 1.0 0.996 1.0 1.0 1.0 1.0 0.994 1.0 1.0 1.0 1.0 1.0 1.0 1.0 1.0 1.0 1.0 1.0 1.0 1.0 1.0 1.0 1.0 1.0 1.0 1.0 1.0 1.0 1.0 1.0 1.0 1.0 1.0 1.0 1.0 1.0 1.0 1.0 1.0 1.0 1.0 1.0 1.0 1.0 1.0 1.0 1.0 1.0 1.0 1.0 1.0 1.0 1.0 1.0 1.0 1.0 1.0 1.0 1.0 1.0 1.0 1.0 1.0 1.0 1.0 1.0 1.0 1.0 1.0 1.0 1.0 1.0 1.0 1.0 1.0 1.0 1.0 1.0 1.0 1.0 1.0 1.0 1.0 1.0 1.0 1.0 1.0 1.0 1.0 1.0 1.0 1.0 1.0 1.0 1.0 1.0 1.0 1.0 1.0 1.0 1.0 1.0 1.0 1.0 1.0 1.0 1.0 1.0 1.0 1.0 1.0 1.0 1.0 1.0 1.0 1.0 1.0 1.0 1.0 1.0 1.0 1.0 1.0 1.0 1.0 1.0 1.0 1.0 1.0 1.0 1.0 1.0 1.0 1.0 1.0 1.0 1.0 1.0 1.0 1.0 1.0 1.0 1.0 1.0 1.0 1.0 0.996 1.001 1.005 1.004 0.994 1.008 0.996 1.007 0.991 1.008 1.002 0.991 0.997 1.008 1.007 0.997 0.991 1.008 0.99 0.997 1.006 1.009 1.008 1.002 0.994 1.005 1.004 0.989 1.004 1.009 1.005 0.99 1.009 1.006 0.997 1.007 0.996 0.989 1.002 1.01 0.994 0.999 1.002 1.009 1.004 0.992 0.995 0.994 1.001 1.004 1.008 1.006 0.995 1.007 1.003 1.005 0.999 1.001 1.0 0.989 0.991 1.007 1.003 1.004 1.005 1.007 0.99 0.992 1.0 1.012 0.989 1.006 0.997 1.003 0.983 1.007 1.006 1.001 1.0 1.018 0.987 1.004 1.004 1.0 1.007 0.987 1.005 0.989 1.0 1.008 1.004 1.002 1.003 1.0 1.025 0.993 0.993 0.999 1.0 0.987 1.002 0.985 1.005 1.0 0.999 1.001 0.985 1.001 1.0 1.002 1.004 1.0 0.989 1.0 1.002 1.009 0.987 1.017 1.0 1.027 0.989 0.994 1.0 1.0 1.006 0.999 1.003 1.014 1.0 0.983 1.009 0.986 0.997 1.0 1.027 0.998 0.996 1.015 1.0 1.005 1.004 1.006 0.986 1.0 0.997 0.993 1.014 0.988 1.0 1.004 1.02 0.998 0.988 1.0 0.987 1.003 1.011 1.001 1.0 0.996 1.0 1.019 1.02 1.0 1.006 1.0 1.02 0.986 1.0 0.998 1.0 0.998 0.997 1.0 0.981 1.0 1.002 0.986 1.0 0.995 1.0 0.984 0.985 1.0 1.0 1.0 0.983 0.985 1.0 1.003 1.0 0.987 1.021 1.0 1.029 1.0 1.0 0.986 1.0 0.992 1.0 1.0 0.986 1.0 1.003 1.0 1.0 1.01 1.0 1.0 1.0 1.0 0.989 1.0 1.0 1.0 1.0 1.001 1.0 1.0 1.0 1.0 1.028 1.0 1.0 1.0 1.0 1.0 1.0 1.0 1.0 1.0 1.0 1.0 1.0 1.0 1.0 1.0 1.0 1.0 1.0 1.0 1.0 1.0 1.0 1.0 1.0 1.0 1.0 1.0 1.0 1.0 1.0 1.0 1.0 1.0 1.0 1.0 1.0 1.0 1.0 1.0 1.0 1.0 1.0 1.0 1.0 1.0 1.0 1.0 1.0 1.0 1.0 1.0 1.0 1.0 1.0 1.0 1.0 1.0 1.0 1.0 1.0 1.0 1.0 1.0 1.0 1.0 1.0 1.0 1.0 1.0 1.0 1.0 1.0 1.0 1.0 1.0 1.0 1.0 1.0 1.0 1.0 1.0 1.0 1.0 1.0 1.0 1.0 1.0 1.0 1.0 1.0 1.0 1.0 1.0 1.0 1.0 1.0 1.0 1.0 1.0 1.0 1.0 1.0 1.0 1.0 1.0 1.0 1.0 1.0 1.0 1.0 1.0 1.0 1.0 1.0 1.0 1.0 1.0 1.0 1.0 1.0 1.0 1.0 1.0 1.0 1.0 1.0 1.0 1.0 1.0 1.0 1.0 1.0 1.0 1.0 1.0 1.0 1.0 1.0 1.0 1.0 1.0 1.0 1.0 1.0 1.0 1.0 1.0 1.0 1.0 1.0 1.0 1.0 1.0 1.0 1.0 1.0 1.0,1.0308082,0.03080821,0.97648066,0.3,0.02699216455221176,0.0003,5,0.14354396
3,0.011133190244436264,0.9997422,1.003 1.004 0.998 0.998 0.998 0.996 1.011 1.011 0.987 0.986 1.004 1.013 0.996 1.012 1.003 1.014 0.984 0.982 0.994 0.991 1.007 1.011 0.995 1.017 1.008 1.005 0.984 1.014 1.004 1.018 1.007 0.984 1.005 0.987 1.021 0.995 0.988 1.016 1.005 1.008 1.008 1.011 1.002 0.981 0.971 0.998 0.984 1.007 1.014 0.994 1.011 0.984 1.007 1.015 0.977 0.994 1.009 1.007 1.006 1.0 0.99 0.987 0.982 1.009 1.0 1.013 1.011 0.978 0.987 1.0 1.003 1.012 1.004 1.009 1.0 1.012 1.019 1.007 1.009 1.0 1.035 0.989 1.027 1.003 1.0 1.035 0.989 1.011 0.972 1.0 1.005 0.984 1.003 1.006 1.0 1.0 0.989 0.981 0.984 1.0 1.017 0.984 0.988 1.009 1.0 0.998 1.01 1.0 0.983 1.0 0.98 0.982 1.0 0.979 1.0 0.979 1.005 1.0 0.98 1.0 0.972 0.999 1.0 0.981 1.0 1.001 1.0 1.0 0.982 1.0 0.981 1.015 1.0 0.981 1.0 1.0 0.996 1.0 1.005 1.0 1.012 1.0 1.0 1.009 1.0 0.966 0.974 1.0 0.999 1.0 0.965 1.014 1.0 0.985 1.0 1.009 1.009 1.0 1.003 1.0 1.048 1.01 1.0 0.997 1.0 1.0 0.998 1.0 1.0 1.0 1.0 0.994 1.0 0.984 1.0 1.0 0.998 1.0 1.009 1.0 1.0 0.989 1.0 0.982 1.0 1.0 0.974 1.0 0.985 1.0 1.0 1.009 1.0 1.0 1.0 1.0 1.036 1.0 1.0 1.0 1.0 0.998 1.0 1.0 1.0 1.0 0.984 1.0 1.0 1.0 1.0 0.985 1.0 1.0 1.0 1.0 0.985 1.0 1.0 1.0 1.0 0.991 1.0 1.0 1.0 1.0 0.986 1.0 1.0 1.0 1.0 1.0 1.0 1.0 1.0 1.0 1.0 1.0 1.0 1.0 1.0 1.0 1.0 1.0 1.0 1.0 1.0 1.0 1.0 1.0 1.0 1.0 1.0 1.0 1.0 1.0 1.0 1.0 1.0 1.0 1.0 1.0 1.0 1.0 1.0 1.0 1.0 1.0 1.0 1.0 1.0 1.0 1.0 1.0 1.0 1.0 1.0 1.0 1.0 1.0 1.0 1.0 1.0 1.0 1.0 1.0 1.0 1.0 1.0 1.0 1.0 1.0 1.0 1.0 1.0 1.0 1.0 1.0 1.0 1.0 1.0 1.0 1.0 1.0 1.0 1.0 1.0 1.0 1.0 1.0 1.0 1.0 1.0 1.0 1.0 1.0 1.0 1.0 1.0 1.0 1.0 1.0 1.0 1.0 1.0 1.0 1.0 1.0 1.0 1.0 1.0 1.0 1.0 1.0 1.0 1.0 1.0 1.0 1.0 1.0 1.0 1.0 1.0 1.0 1.0 1.0 1.0 1.0 1.0 1.0 1.0 1.0 1.0 1.0 1.0 1.0 1.0 1.0 1.0 1.0 1.0 1.0 1.0 1.0 1.0 1.0 1.0 1.0 1.0 1.0 1.0 1.0 1.0 1.0 1.0 1.0 1.0 1.0 1.0 1.0 1.0 0.996 1.007 0.998 0.998 1.012 0.993 0.995 0.988 0.999 1.004 1.006 1.002 0.986 1.012 1.007 0.986 0.994 0.985 1.0 1.0 1.008 1.002 0.989 0.988 1.011 0.987 1.013 1.006 0.982 0.977 1.011 0.992 1.007 0.983 1.01 1.008 1.005 1.014 0.982 0.977 0.983 1.012 0.975 1.019 0.977 1.0 1.004 0.98 1.019 0.977 0.983 0.984 0.986 0.973 1.01 0.983 0.993 1.012 0.974 1.031 1.0 1.009 0.974 0.996 0.999 1.007 1.015 0.976 1.027 0.995 1.004 1.006 1.026 0.977 1.0 1.002 1.004 0.972 1.026 0.997 1.0 0.981 0.972 0.978 1.0 1.007 1.008 0.998 0.979 1.0 1.001 0.981 0.973 1.014 1.0 1.002 1.026 0.996 0.998 1.0 0.992 0.973 0.972 0.977 1.0 0.993 0.996 0.994 1.0 1.0 1.008 0.999 0.999 1.0 1.0 0.991 0.992 0.998 1.0 1.0 1.014 0.983 0.996 1.0 1.0 1.005 0.979 0.976 1.0 1.0 1.017 0.97 1.017 1.0 1.0 0.995 0.991 0.99 1.0 1.0 0.993 1.018 0.979 1.0 1.0 0.996 1.0 1.0 1.0 1.0 1.01 0.98 1.0 1.0 1.0 0.991 0.969 1.0 1.0 1.0 0.988 0.979 1.0 1.0 1.0 0.997 1.035 1.0 1.0 1.0 0.986 1.0 1.0 1.0 1.0 0.986 1.0 1.0 1.0 1.0 0.995 1.0 1.0 1.0 1.0 1.003 1.0 1.0 1.0 1.0 0.995 1.0 1.0 1.0 1.0 1.001 1.0 1.0 1.0 1.0 1.003 1.0 1.0 1.0 1.0 0.978 1.0 1.0 1.0 1.0 1.003 1.0 1.0 1.0 1.0 0.998 1.0 1.0 1.0 1.0 1.017 1.0 1.0 1.0 1.0 0.981 1.0 1.0 1.0 1.0 1.042 1.0 1.0 1.0 1.0 1.031 1.0 1.0 1.0 1.0 0.978 1.0 1.0 1.0 1.0 1.0 1.0 1.0 1.0 1.0 1.0 1.0 1.0 1.0 1.0 1.0 1.0 1.0 1.0 1.0 1.0 1.0 1.0 1.0 1.0 1.0 1.0 1.0 1.0 1.0 1.0 1.0 1.0 1.0 1.0 1.0 1.0 1.0 1.0 1.0 1.0 1.0 1.0 1.0 1.0 1.0 1.0 1.0 1.0 1.0 1.0 1.0 1.0 1.0 1.0 1.0 1.0 1.0 1.0 1.0 1.0 1.0 1.0 1.0 1.0 1.0 1.0 1.0 1.0 1.0 1.0 1.0 1.0 1.0 1.0 1.0 1.0 1.0 1.0 1.0 1.0 1.0 1.0 1.0 1.0 1.0 1.0 1.0 1.0 1.0 1.0 1.0 1.0 1.0 1.0 1.0 1.0 1.0 1.0 1.0 1.0 1.0 1.0 1.0 1.0 1.0 1.0 1.0 1.0 1.0 1.0 1.0 1.0 1.0 1.0 1.0 1.0 1.0 1.0 1.0 1.0 1.0 1.0 1.0 1.0 1.0 1.0 1.0 1.0 1.0 1.0 1.0 1.0 1.0 1.0 1.0 1.0 1.0 1.0 1.008 1.004 0.99 1.007 0.991 0.995 0.995 1.011 0.996 0.987 1.014 1.014 0.994 1.011 1.013 0.992 1.007 1.015 1.012 0.99 1.013 1.008 1.016 0.994 0.988 0.995 0.993 0.993 1.013 1.015 1.009 0.99 1.005 0.982 0.987 0.992 0.993 1.003 0.991 1.014 1.006 1.004 1.01 1.013 0.978 1.006 1.009 1.004 0.991 1.012 0.998 1.014 1.009 1.009 1.009 0.986 0.98 1.002 0.999 0.974 0.999 1.007 1.022 0.981 0.975 1.006 1.005 0.973 1.011 0.998 1.006 1.015 0.995 1.013 0.984 1.003 1.028 0.977 1.012 0.985 1.014 1.03 0.997 1.012 1.007 0.979 1.001 0.992 1.013 1.0 0.981 0.974 0.99 0.975 1.005 1.009 0.974 0.975 0.99 1.025 0.986 0.97 1.033 1.008 0.989 1.007 0.999 1.0 0.997 0.993 0.982 0.97 1.0 0.982 0.985 1.003 0.98 1.0 1.01 1.0 0.983 1.02 1.0 1.035 1.0 0.978 0.981 1.0 0.993 1.0 0.982 1.037 1.0 1.006 1.0 0.987 1.002 1.0 0.996 1.0 0.993 0.991 1.0 1.01 1.0 1.006 1.012 1.0 0.978 1.0 1.001 0.992 1.0 0.992 1.0 0.999 0.985 1.0 1.0 1.0 0.98 0.991 1.0 1.0 1.0 1.005 0.972 1.0 1.0 1.0 1.008 0.981 1.0 1.0 1.0 0.997 0.985 1.0 1.0 1.0 0.986 0.983 1.0 1.0 1.0 1.008 1.0 1.0 1.0 1.0 0.989 1.0 1.0 1.0 1.0 1.001 1.0 1.0 1.0 1.0 0.997 1.0 1.0 1.0 1.0 0.995 1.0 1.0 1.0 1.0 0.991 1.0 1.0 1.0 1.0 0.986 1.0 1.0 1.0 1.0 1.028 1.0 1.0 1.0 1.0 1.026 1.0 1.0 1.0 1.0 1.033 1.0 1.0 1.0 1.0 1.007 1.0 1.0 1.0 1.0 0.984 1.0 1.0 1.0 1.0 0.986 1.0 1.0 1.0 1.0 1.037 1.0 1.0 1.0 1.0 0.982 1.0 1.0 1.0 1.0 1.0 1.0 1.0 1.0 1.0 1.0 1.0 1.0 1.0 1.0 1.0 1.0 1.0 1.0 1.0 1.0 1.0 1.0 1.0 1.0 1.0 1.0 1.0 1.0 1.0 1.0 1.0 1.0 1.0 1.0 1.0 1.0 1.0 1.0 1.0 1.0 1.0 1.0 1.0 1.0 1.0 1.0 1.0 1.0 1.0 1.0 1.0 1.0 1.0 1.0 1.0 1.0 1.0 1.0 1.0 1.0 1.0 1.0 1.0 1.0 1.0 1.0 1.0 1.0 1.0 1.0 1.0 1.0 1.0 1.0 1.0 1.0 1.0 1.0 1.0 1.0 1.0 1.0 1.0 1.0 1.0 1.0 1.0 1.0 1.0 1.0 1.0 1.0 1.0 1.0 1.0 1.0 1.0 1.0 1.0 1.0 1.0 1.0 1.0 1.0 1.0 1.0 1.0 1.0 1.0 1.0 1.0 1.0 1.0 1.0 1.0 1.0 1.0 1.0 1.0 1.0 1.0 1.0 1.0 1.0 1.008 1.002 0.99 1.007 1.006 0.991 0.994 1.013 0.999 0.987 0.993 1.005 0.996 1.0 0.996 0.99 1.006 1.013 0.991 1.016 0.994 1.006 1.002 1.006 0.997 1.008 1.011 1.014 0.984 1.007 1.003 1.006 1.013 1.02 0.985 0.979 1.01 1.012 1.02 1.014 1.011 0.99 1.012 1.006 1.016 0.995 0.985 0.983 1.01 1.009 1.015 1.007 1.0 1.005 1.039 1.02 1.016 1.001 1.037 1.042 1.034 1.003 0.998 0.996 1.012 1.016 1.011 1.011 1.027 0.995 1.034 1.017 1.004 1.039 1.028 0.998 1.034 1.012 1.028 0.975 1.037 0.966 1.019 0.992 1.015 1.02 1.014 0.995 1.043 0.981 0.968 1.017 1.008 0.98 1.003 1.0 1.035 1.003 0.975 1.043 1.034 0.97 1.012 1.001 1.043 0.998 0.998 1.009 0.978 0.976 1.021 1.015 1.009 0.981 1.013 1.014 0.986 0.999 1.037 0.989 1.014 0.987 1.002 1.038 0.988 0.998 1.041 0.991 0.982 0.982 1.038 0.984 0.99 1.006 1.041 1.011 0.988 1.0 0.993 1.026 0.996 1.042 1.0 0.983 0.972 0.977 1.0 0.999 0.964 1.0 0.974 1.0 1.0 1.0 1.0 0.976 1.0 0.991 1.0 1.0 0.978 1.0 0.999 1.0 1.0 1.017 1.0 1.0 1.0 1.0 1.039 1.0 1.016 1.0 1.0 0.99 1.0 1.0 1.0 1.0 1.039 1.0 0.99 1.0 1.0 0.994 1.0 0.989 1.0 1.0 1.002 1.0 0.989 1.0 1.0 0.985 1.0 0.989 1.0 1.0 1.0 1.0 0.994 1.0 1.0 1.0 1.0 1.018 1.0 1.0 1.0 1.0 1.012 1.0 1.0 1.0 1.0 1.002 1.0 1.0 1.0 1.0 1.004 1.0 1.0 1.0 1.0 1.005 1.0 1.0 1.0 1.0 1.001 1.0 1.0 1.0 1.0 1.003 1.0 1.0 1.0 1.0 1.003 1.0 1.0 1.0 1.0 1.0 1.0 1.0 1.0 1.0 0.992 1.0 1.0 1.0 1.0 0.997 1.0 1.0 1.0 1.0 0.997 1.0 1.0 1.0 1.0 0.995 1.0 1.0 1.0 1.0 0.999 1.0 1.0 1.0 1.0 1.006 1.0 1.0 1.0 1.0 1.003 1.0 1.0 1.0 1.0 1.004 1.0 1.0 1.0 1.0 0.993 1.0 1.0 1.0 1.0 1.0 1.0 1.0 1.0 1.0 1.004 1.0 1.0 1.0 1.0 1.002 1.0 1.0 1.0 1.0 0.992 1.0 1.0 1.0 1.0 0.99 1.0 1.0 1.0 1.0 0.996 1.0 1.0 1.0 1.0 0.99 1.0 1.0 1.0 1.0 1.007 1.0 1.0 1.0 1.0 0.996 1.0 1.0 1.0 1.0 1.001 1.0 1.0 1.0 1.0 0.999 1.0 1.0 1.0 1.0 1.0 1.0 1.0 1.0 1.0 0.994 1.0 1.0 1.0 1.0 0.99 1.0 1.0 1.0 1.0 0.987 1.0 1.0 1.0 1.0 0.973 1.0 1.0 1.0 1.0 0.986 1.0 1.0 0.998 1.008 0.998 1.007 0.998 1.013 0.995 1.013 0.987 1.009 0.99 1.005 0.996 0.985 1.016 0.993 1.005 1.013 0.989 1.001 0.993 1.008 0.982 0.994 1.003 1.004 1.012 0.989 1.011 0.993 1.005 0.981 0.99 1.018 0.999 0.987 1.003 1.008 1.011 1.013 0.987 1.009 1.013 1.016 0.978 1.02 1.012 1.004 1.014 1.016 1.02 0.976 1.013 0.978 1.026 1.025 0.997 1.012 1.021 1.017 1.014 1.022 0.977 1.02 0.976 0.985 1.011 1.014 1.017 1.005 0.998 1.014 0.994 1.006 1.018 0.988 1.01 0.993 1.022 1.025 1.016 1.014 1.012 0.973 1.003 1.003 1.0 1.026 1.017 1.011 0.992 1.0 1.0 1.011 0.982 0.999 1.0 0.999 0.997 0.983 0.994 1.0 0.982 0.977 1.011 1.007 1.0 0.975 1.0 0.986 1.003 1.0 0.998 1.036 1.003 1.007 1.0 1.001 0.979 1.003 0.984 1.0 0.993 0.977 1.011 0.99 1.0 0.999 0.978 0.976 1.021 1.0 0.995 1.026 0.989 0.998 1.0 1.01 0.998 0.99 1.0 1.0 0.977 0.997 1.004 1.0 1.0 1.003 0.973 0.999 1.011 1.0 0.993 0.996 0.973 0.993 1.0 0.996 0.994 1.0 1.008 1.0 0.973 0.996 1.0 0.996 1.0 0.989 0.994 1.0 0.985 1.0 1.004 0.98 1.0 0.984 1.0 1.0 1.014 1.0 0.989 1.0 1.0 0.992 1.0 0.986 1.0 1.0 0.993 1.0 0.992 1.0 1.0 1.037 1.0 1.008 1.0 1.0 1.028 1.0 0.99 1.0 1.0 0.972 1.0 0.97 1.0 1.0 0.985 1.0 0.988 1.0 1.0 0.985 1.0 0.971 1.0 1.0 1.01 1.0 1.0 1.0 1.0 1.011 1.0 1.0 1.0 1.0 1.004 1.0 1.0 1.0 1.0 0.987 1.0 1.0 1.0 1.0 1.0 1.0 1.0 1.0 1.0 1.0 1.0 1.0 1.0 1.0 1.0 1.0 1.0 1.0 1.0 1.0 1.0 1.0 1.0 1.0 1.0 1.0 1.0 1.0 1.0 1.0 1.0 1.0 1.0 1.0 1.0 1.0 1.0 1.0 1.0 1.0 1.0 1.0 1.0 1.0 1.0 1.0 1.0 1.0 1.0 1.0 1.0 1.0 1.0 1.0 1.0 1.0 1.0 1.0 1.0 1.0 1.0 1.0 1.0 1.0 1.0 1.0 1.0 1.0 1.0 1.0 1.0 1.0 1.0 1.0 1.0 1.0 1.0 1.0 1.0 1.0 1.0 1.0 1.0 1.0 1.0 1.0 1.0 1.0 1.0 1.0 1.0 1.0 1.0 1.0 1.0 1.0 1.0 1.0 1.0 1.0 1.0 1.0 1.0 1.0 1.0 1.0 1.0 1.0 1.0 1.0 1.0 1.0 1.0 1.0 1.0 1.0 1.0 1.0 1.0 1.0 1.0 1.0 1.0 1.0 1.0 1.0 1.0 1.0 1.0 1.0 1.0 1.0 1.0 1.0 1.0 1.0 1.0 1.0 1.0 1.0 1.0 1.0 1.0 1.0 1.0 1.0 0.993 1.004 1.009 0.999 0.998 1.005 1.012 1.01 0.999 1.008 0.994 1.014 1.001 1.005 1.016 0.987 1.006 0.984 0.984 1.003 1.015 1.014 1.014 1.008 1.012 0.987 0.987 0.983 0.975 0.988 0.988 1.008 1.014 1.027 0.987 1.009 0.99 0.989 0.973 1.002 0.982 0.981 1.005 1.008 0.983 1.01 1.009 1.016 0.976 1.003 0.998 1.007 1.006 1.001 1.005 0.979 0.987 0.993 0.978 0.993 1.012 0.984 1.0 1.0 1.017 0.983 1.015 1.0 1.0 1.009 1.004 0.988 1.007 1.0 0.975 0.985 1.01 1.006 1.0 1.003 0.992 0.987 0.991 1.0 0.996 1.012 0.987 1.001 1.0 0.992 0.983 1.008 0.994 1.0 0.979 1.009 1.007 1.001 1.0 0.975 1.011 1.003 0.996 1.0 0.992 1.009 1.006 1.005 1.0 0.992 0.982 0.988 1.0 1.0 0.976 0.988 1.011 0.998 1.0 1.035 0.981 0.982 1.005 1.0 1.003 0.985 1.016 0.998 1.0 0.982 0.985 1.002 1.014 1.0 0.989 0.988 0.981 0.998 1.0 1.0 0.986 1.0 1.004 1.0 1.0 0.992 0.994 0.998 1.0 1.0 1.014 1.0 0.999 1.0 1.0 0.985 0.996 0.989 1.0 1.0 0.987 1.001 0.997 1.0 1.0 0.982 1.0 1.015 1.0 1.0 1.0 0.991 1.015 1.0 1.0 1.0 1.011 1.011 1.0 1.0 1.0 0.99 0.991 1.0 1.0 1.0 0.997 0.997 1.0 1.0 1.0 0.996 0.999 1.0 1.0 1.0 0.996 1.005 1.0 1.0 1.0 1.0 0.989 1.0 1.0 1.0 0.996 0.997 1.0 1.0 1.0 0.996 0.971 1.0 1.0 1.0 0.997 0.997 1.0 1.0 1.0 0.994 0.978 1.0 1.0 1.0 0.992 0.972 1.0 1.0 1.0 0.988 0.988 1.0 1.0 1.0 1.002 0.969 1.0 1.0 1.0 0.998 0.989 1.0 1.0 1.0 1.011 1.0 1.0 1.0 1.0 0.979 1.0 1.0 1.0 1.0 0.975 1.0 1.0 1.0 1.0 1.014 1.0 1.0 1.0 1.0 0.969 1.0 1.0 1.0 1.0 0.969 1.0 1.0 1.0 1.0 0.971 1.0 1.0 1.0 1.0 0.989 1.0 1.0 1.0 1.0 0.988 1.0 1.0 1.0 1.0 0.988 1.0 1.0 1.0 1.0 0.986 1.0 1.0 1.0 1.0 1.0 1.0 1.0 1.0 1.0 1.0 1.0 1.0 1.0 1.0 1.0 1.0 1.0 1.0 1.0 1.0 1.0 1.0 1.0 1.0 1.0 1.0 1.0 1.0 1.0 1.0 1.0 1.0 1.0 1.0 1.0 1.0 1.0 1.0 1.0 1.0 1.0 1.0 1.0 1.0 1.0 1.0 1.0 1.0 1.0 1.0 1.0 1.0 1.0 1.0 1.0 1.0 1.0 1.0 1.0 1.0 1.0 1.0 1.0 1.0 1.0 1.0 1.0 1.0 1.0 1.0 1.0 1.0 1.0 1.0 1.0 1.0 1.0 1.0 1.0 1.0 1.0 1.0 1.0 1.008 1.008 0.998 1.007 0.991 0.995 1.012 1.014 1.01 1.013 1.014 1.006 0.999 1.013 1.014 0.99 0.992 0.996 0.983 0.989 1.005 1.005 1.008 0.992 1.002 0.991 1.014 0.99 1.015 0.986 1.008 0.974 1.001 0.982 1.007 0.989 1.011 0.987 1.005 1.004 1.004 1.014 1.01 0.998 1.018 1.007 1.016 1.009 1.016 0.974 0.983 1.009 1.004 1.01 1.01 1.01 0.976 1.003 1.01 1.026 1.005 1.015 1.009 1.018 1.0 1.004 0.976 1.011 1.003 1.008 1.011 1.02 0.974 0.984 0.975 1.012 1.011 0.974 1.014 0.975 1.009 1.002 1.026 1.032 1.0 1.016 0.971 1.028 1.015 1.0 1.013 1.019 1.001 0.971 1.0 1.017 0.997 1.015 1.012 1.0 0.999 0.984 1.016 0.971 1.0 0.997 1.018 0.999 1.002 1.0 0.997 0.998 0.998 1.001 1.0 1.001 1.021 1.031 0.988 1.0 1.002 1.021 0.993 1.01 1.0 1.015 1.0 0.974 1.002 1.0 1.013 1.022 1.018 0.997 1.0 1.011 0.984 0.974 0.977 1.0 0.998 1.022 1.024 0.984 1.0 1.024 0.968 1.023 0.969 1.0 1.022 0.981 1.033 0.984 1.0 0.966 1.004 0.998 1.002 1.0 0.967 1.019 1.027 0.983 1.0 0.967 1.035 0.97 1.0 1.0 0.967 0.971 0.992 1.0 1.0 0.99 0.982 1.0 1.0 1.0 0.99 0.989 1.0 1.0 1.0 0.989 0.992 1.0 1.0 1.0 1.004 0.972 1.0 1.0 1.0 0.993 0.982 1.0 1.0 1.0 1.005 0.988 1.0 1.0 1.0 1.006 1.0 1.0 1.0 1.0 0.981 1.0 1.0 1.0 1.0 1.036 1.0 1.0 1.0 1.0 0.985 1.0 1.0 1.0 1.0 0.996 1.0 1.0 1.0 1.0 1.019 1.0 1.0 1.0 1.0 0.994 1.0 1.0 1.0 1.0 0.991 1.0 1.0 1.0 1.0 1.0 1.0 1.0 1.0 1.0 1.0 1.0 1.0 1.0 1.0 1.0 1.0 1.0 1.0 1.0 1.0 1.0 1.0 1.0 1.0 1.0 1.0 1.0 1.0 1.0 1.0 1.0 1.0 1.0 1.0 1.0 1.0 1.0 1.0 1.0 1.0 1.0 1.0 1.0 1.0 1.0 1.0 1.0 1.0 1.0 1.0 1.0 1.0 1.0 1.0 1.0 1.0 1.0 1.0 1.0 1.0 1.0 1.0 1.0 1.0 1.0 1.0 1.0 1.0 1.0 1.0 1.0 1.0 1.0 1.0 1.0 1.0 1.0 1.0 1.0 1.0 1.0 1.0 1.0 1.0 1.0 1.0 1.0 1.0 1.0 1.0 1.0 1.0 1.0 1.0 1.0 1.0 1.0 1.0 1.0 1.0 1.0 1.0 1.0 1.0 1.0 1.0 1.0 1.0 1.0 1.0 1.0 1.0 1.0 1.0 1.0 1.0 1.0 1.0 1.0 1.0 1.0 1.0 1.0 1.0 1.0 1.0 1.0 1.0 1.0 1.0 1.0 1.0 1.0 1.0 1.0 1.0 1.0 1.0 1.0 0.993 1.002 1.009 1.007 0.991 1.012 0.993 1.01 0.986 1.013 1.004 0.987 0.995 1.012 1.011 0.996 0.985 1.012 0.985 0.995 1.009 1.013 1.013 1.003 0.99 1.008 1.007 0.983 1.006 1.014 1.008 0.984 1.014 1.009 0.996 1.011 0.994 0.983 1.003 1.015 0.992 0.999 1.003 1.014 1.006 0.988 0.993 0.991 1.001 1.006 1.012 1.01 0.993 1.011 1.004 1.007 0.999 1.002 0.999 0.982 0.985 1.01 1.004 1.005 1.007 1.011 0.985 0.987 1.0 1.018 0.983 1.009 0.995 1.005 0.973 1.011 1.01 1.001 1.0 1.028 0.979 1.006 1.006 1.0 1.011 0.98 1.007 0.983 1.0 1.013 1.006 1.003 1.005 1.0 1.039 0.989 0.989 0.999 1.0 0.981 1.003 0.977 1.008 1.0 0.999 1.002 0.977 1.001 1.0 1.003 1.006 1.0 0.983 1.0 1.003 1.014 0.98 1.026 1.0 1.042 0.984 0.991 1.0 1.0 1.009 0.998 1.005 1.022 1.0 0.975 1.014 0.978 0.995 1.0 1.042 0.997 0.994 1.024 1.0 1.007 1.005 1.009 0.979 1.0 0.995 0.99 1.022 0.982 1.0 1.006 1.03 0.997 0.982 1.0 0.98 1.005 1.017 1.001 1.0 0.994 1.0 1.029 1.032 1.0 1.009 1.0 1.032 0.978 1.0 0.997 1.0 0.997 0.995 1.0 0.971 1.0 1.002 0.979 1.0 0.992 1.0 0.976 0.976 1.0 0.999 1.0 0.974 0.977 1.0 1.005 1.0 0.98 1.033 1.0 1.046 1.0 1.0 0.979 1.0 0.988 1.0 1.0 0.978 1.0 1.004 1.0 1.0 1.015 1.0 1.0 1.0 1.0 0.983 1.0 1.0 1.0 1.0 1.002 1.0 1.0 1.0 1.0 1.044 1.0 1.0 1.0 1.0 1.0 1.0 1.0 1.0 1.0 1.0 1.0 1.0 1.0 1.0 1.0 1.0 1.0 1.0 1.0 1.0 1.0 1.0 1.0 1.0 1.0 1.0 1.0 1.0 1.0 1.0 1.0 1.0 1.0 1.0 1.0 1.0 1.0 1.0 1.0 1.0 1.0 1.0 1.0 1.0 1.0 1.0 1.0 1.0 1.0 1.0 1.0 1.0 1.0 1.0 1.0 1.0 1.0 1.0 1.0 1.0 1.0 1.0 1.0 1.0 1.0 1.0 1.0 1.0 1.0 1.0 1.0 1.0 1.0 1.0 1.0 1.0 1.0 1.0 1.0 1.0 1.0 1.0 1.0 1.0 1.0 1.0 1.0 1.0 1.0 1.0 1.0 1.0 1.0 1.0 1.0 1.0 1.0 1.0 1.0 1.0 1.0 1.0 1.0 1.0 1.0 1.0 1.0 1.0 1.0 1.0 1.0 1.0 1.0 1.0 1.0 1.0 1.0 1.0 1.0 1.0 1.0 1.0 1.0 1.0 1.0 1.0 1.0 1.0 1.0 1.0 1.0 1.0 1.0 1.0 1.0 1.0 1.0 1.0 1.0 1.0 1.0 1.0 1.0 1.0 1.0 1.0 1.0 1.0 1.0 1.0 1.0 1.0 1.0 1.0 1.0 1.0 1.0,1.0480515,0.048051476,0.96380967,0.3,0.04176845774054527,0.0003,5,0.22371244
4,0.01527874544262886,0.99964565,1.003 1.005 0.997 0.997 0.997 0.995 1.015 1.015 0.982 0.981 1.006 1.018 0.995 1.016 1.003 1.02 0.979 0.975 0.992 0.988 1.009 1.014 0.993 1.023 1.01 1.007 0.978 1.019 1.006 1.025 1.009 0.978 1.007 0.982 1.028 0.993 0.983 1.022 1.007 1.01 1.011 1.015 1.002 0.975 0.961 0.997 0.978 1.009 1.019 0.991 1.015 0.978 1.009 1.021 0.968 0.992 1.012 1.009 1.007 1.0 0.986 0.982 0.976 1.013 1.0 1.018 1.015 0.969 0.982 1.0 1.004 1.017 1.006 1.012 1.0 1.017 1.026 1.01 1.012 1.0 1.049 0.985 1.038 1.004 1.0 1.048 0.985 1.016 0.962 1.0 1.006 0.978 1.004 1.007 1.0 1.0 0.985 0.975 0.979 1.0 1.022 0.978 0.984 1.012 1.0 0.997 1.014 1.0 0.977 1.0 0.973 0.976 1.0 0.971 1.0 0.972 1.006 1.0 0.973 1.0 0.961 0.999 1.0 0.975 1.0 1.002 0.999 1.0 0.975 1.0 0.975 1.02 1.0 0.973 1.0 0.999 0.994 1.0 1.006 1.0 1.017 1.0 1.0 1.012 1.0 0.953 0.965 1.0 0.998 1.0 0.953 1.019 1.0 0.979 1.0 1.012 1.012 1.0 1.003 1.0 1.066 1.014 1.0 0.996 1.0 1.0 0.997 1.0 1.0 1.0 1.0 0.992 1.0 0.978 1.0 1.0 0.997 1.0 1.013 1.0 1.0 0.985 1.0 0.975 1.0 1.0 0.965 1.0 0.98 1.0 1.0 1.012 1.0 1.0 1.0 1.0 1.049 1.0 1.0 1.0 1.0 0.997 1.0 1.0 1.0 1.0 0.979 1.0 1.0 1.0 1.0 0.979 1.0 1.0 1.0 1.0 0.98 1.0 1.0 1.0 1.0 0.988 1.0 1.0 1.0 1.0 0.98 1.0 1.0 1.0 1.0 1.0 1.0 1.0 1.0 1.0 1.0 1.0 1.0 1.0 1.0 1.0 1.0 1.0 1.0 1.0 1.0 1.0 1.0 1.0 1.0 1.0 1.0 1.0 1.0 1.0 1.0 1.0 1.0 1.0 1.0 1.0 1.0 1.0 1.0 1.0 1.0 1.0 1.0 1.0 1.0 1.0 1.0 1.0 1.0 1.0 1.0 1.0 1.0 1.0 1.0 1.0 1.0 1.0 1.0 1.0 1.0 1.0 1.0 1.0 1.0 1.0 1.0 1.0 1.0 1.0 1.0 1.0 1.0 1.0 1.0 1.0 1.0 1.0 1.0 1.0 1.0 1.0 1.0 1.0 1.0 1.0 1.0 1.0 1.0 1.0 1.0 1.0 1.0 1.0 1.0 1.0 1.0 1.0 1.0 1.0 1.0 1.0 1.0 1.0 1.0 1.0 1.0 1.0 1.0 1.0 1.0 1.0 1.0 1.0 1.0 1.0 1.0 1.0 1.0 1.0 1.0 1.0 1.0 1.0 1.0 1.0 1.0 1.0 1.0 1.0 1.0 1.0 1.0 1.0 1.0 1.0 1.0 1.0 1.0 1.0 1.0 1.0 1.0 1.0 1.0 1.0 1.0 1.0 1.0 1.0 1.0 1.0 1.0 1.0 1.0 0.995 1.01 0.997 0.997 1.017 0.99 0.994 0.983 0.999 1.006 1.008 1.002 0.981 1.016 1.01 0.981 0.991 0.98 1.0 1.0 1.011 1.003 0.985 0.984 1.014 0.982 1.018 1.008 0.975 0.969 1.015 0.989 1.009 0.977 1.013 1.01 1.007 1.019 0.976 0.968 0.977 1.016 0.966 1.026 0.969 1.001 1.006 0.973 1.027 0.969 0.977 0.978 0.981 0.963 1.014 0.978 0.991 1.016 0.965 1.043 0.999 1.012 0.964 0.994 0.999 1.009 1.02 0.968 1.037 0.993 1.006 1.008 1.036 0.969 0.999 1.002 1.005 0.961 1.036 0.995 1.0 0.974 0.963 0.97 1.0 1.01 1.011 0.997 0.972 1.0 1.001 0.974 0.963 1.019 1.0 1.003 1.035 0.994 0.997 1.0 0.99 0.963 0.962 0.969 1.0 0.991 0.995 0.991 1.0 1.0 1.01 0.998 0.998 1.0 1.0 0.987 0.988 0.997 1.0 1.0 1.02 0.977 0.994 1.0 1.0 1.007 0.971 0.967 1.0 1.0 1.023 0.96 1.023 1.0 1.0 0.993 0.988 0.986 1.0 1.0 0.99 1.025 0.971 1.0 1.0 0.995 1.0 1.0 1.0 1.0 1.014 0.973 1.0 1.0 1.0 0.987 0.957 1.0 1.0 1.0 0.984 0.971 1.0 1.0 1.0 0.995 1.048 1.0 1.0 1.0 0.981 1.0 1.0 1.0 1.0 0.98 1.0 1.0 1.0 1.0 0.993 1.0 1.0 1.0 1.0 1.005 1.0 1.0 1.0 1.0 0.993 1.0 1.0 1.0 1.0 1.001 1.0 1.0 1.0 1.0 1.003 1.0 1.0 1.0 1.0 0.97 1.0 1.0 1.0 1.0 1.003 1.0 1.0 1.0 1.0 0.997 1.0 1.0 1.0 1.0 1.024 1.0 1.0 1.0 1.0 0.975 1.0 1.0 1.0 1.0 1.058 1.0 1.0 1.0 1.0 1.042 1.0 1.0 1.0 1.0 0.969 1.0 1.0 1.0 1.0 1.0 1.0 1.0 1.0 1.0 1.0 1.0 1.0 1.0 1.0 1.0 1.0 1.0 1.0 1.0 1.0 1.0 1.0 1.0 1.0 1.0 1.0 1.0 1.0 1.0 1.0 1.0 1.0 1.0 1.0 1.0 1.0 1.0 1.0 1.0 1.0 1.0 1.0 1.0 1.0 1.0 1.0 1.0 1.0 1.0 1.0 1.0 1.0 1.0 1.0 1.0 1.0 1.0 1.0 1.0 1.0 1.0 1.0 1.0 1.0 1.0 1.0 1.0 1.0 1.0 1.0 1.0 1.0 1.0 1.0 1.0 1.0 1.0 1.0 1.0 1.0 1.0 1.0 1.0 1.0 1.0 1.0 1.0 1.0 1.0 1.0 1.0 1.0 1.0 1.0 1.0 1.0 1.0 1.0 1.0 1.0 1.0 1.0 1.0 1.0 1.0 1.0 1.0 1.0 1.0 1.0 1.0 1.0 1.0 1.0 1.0 1.0 1.0 1.0 1.0 1.0 1.0 1.0 1.0 1.0 1.0 1.0 1.0 1.0 1.0 1.0 1.0 1.0 1.0 1.0 1.0 1.0 1.0 1.0 1.012 1.005 0.986 1.009 0.988 0.993 0.993 1.015 0.995 0.982 1.019 1.019 0.992 1.015 1.018 0.989 1.009 1.021 1.017 0.987 1.018 1.011 1.022 0.991 0.984 0.993 0.99 0.991 1.018 1.02 1.012 0.986 1.007 0.976 0.982 0.989 0.991 1.004 0.988 1.019 1.008 1.006 1.013 1.018 0.971 1.009 1.012 1.005 0.988 1.016 0.998 1.018 1.013 1.012 1.013 0.98 0.973 1.002 0.998 0.964 0.999 1.009 1.03 0.974 0.967 1.008 1.007 0.963 1.015 0.997 1.009 1.021 0.993 1.018 0.978 1.004 1.039 0.969 1.017 0.98 1.019 1.041 0.996 1.017 1.009 0.972 1.001 0.989 1.018 1.0 0.974 0.965 0.987 0.965 1.007 1.012 0.965 0.966 0.986 1.034 0.981 0.959 1.045 1.011 0.984 1.01 0.998 1.0 0.995 0.991 0.975 0.959 1.0 0.976 0.98 1.004 0.973 1.0 1.013 1.0 0.976 1.027 1.0 1.049 1.0 0.97 0.974 1.0 0.991 1.0 0.975 1.051 1.0 1.008 1.0 0.982 1.003 1.0 0.995 1.0 0.99 0.988 1.0 1.013 1.0 1.008 1.017 1.0 0.97 1.0 1.001 0.988 1.0 0.99 1.0 0.998 0.98 1.0 1.0 1.0 0.973 0.988 1.0 1.0 1.0 1.007 0.961 1.0 1.0 1.0 1.01 0.975 1.0 1.0 1.0 0.996 0.979 1.0 1.0 1.0 0.981 0.977 1.0 1.0 1.0 1.011 0.999 1.0 1.0 1.0 0.985 1.0 1.0 1.0 1.0 1.002 1.0 1.0 1.0 1.0 0.996 1.0 1.0 1.0 1.0 0.993 1.0 1.0 1.0 1.0 0.987 1.0 1.0 1.0 1.0 0.981 1.0 1.0 1.0 1.0 1.039 1.0 1.0 1.0 1.0 1.035 1.0 1.0 1.0 1.0 1.045 1.0 1.0 1.0 1.0 1.01 1.0 1.0 1.0 1.0 0.978 1.0 1.0 1.0 1.0 0.981 1.0 1.0 1.0 1.0 1.051 1.0 1.0 1.0 1.0 0.976 1.0 1.0 1.0 1.0 1.0 1.0 1.0 1.0 1.0 1.0 1.0 1.0 1.0 1.0 1.0 1.0 1.0 1.0 1.0 1.0 1.0 1.0 1.0 1.0 1.0 1.0 1.0 1.0 1.0 1.0 1.0 1.0 1.0 1.0 1.0 1.0 1.0 1.0 1.0 1.0 1.0 1.0 1.0 1.0 1.0 1.0 1.0 1.0 1.0 1.0 1.0 1.0 1.0 1.0 1.0 1.0 1.0 1.0 1.0 1.0 1.0 1.0 1.0 1.0 1.0 1.0 1.0 1.0 1.0 1.0 1.0 1.0 1.0 1.0 1.0 1.0 1.0 1.0 1.0 1.0 1.0 1.0 1.0 1.0 1.0 1.0 1.0 1.0 1.0 1.0 1.0 1.0 1.0 1.0 1.0 1.0 1.0 1.0 1.0 1.0 1.0 1.0 1.0 1.0 1.0 1.0 1.0 1.0 1.0 1.0 1.0 1.0 1.0 1.0 1.0 1.0 1.0 1.0 1.0 1.0 1.0 1.0 1.0 1.0 1.012 1.003 0.986 1.009 1.008 0.988 0.992 1.018 0.999 0.982 0.99 1.007 0.994 1.0 0.994 0.986 1.008 1.018 0.988 1.022 0.991 1.008 1.003 1.008 0.996 1.011 1.015 1.018 0.978 1.01 1.004 1.009 1.018 1.027 0.979 0.972 1.014 1.016 1.027 1.019 1.015 0.987 1.017 1.009 1.022 0.994 0.979 0.977 1.013 1.012 1.02 1.01 1.0 1.006 1.054 1.027 1.022 1.001 1.051 1.057 1.047 1.003 0.997 0.995 1.016 1.021 1.015 1.015 1.037 0.993 1.046 1.023 1.005 1.053 1.038 0.997 1.047 1.016 1.039 0.966 1.051 0.954 1.026 0.989 1.021 1.027 1.019 0.993 1.059 0.974 0.957 1.023 1.011 0.972 1.003 1.0 1.047 1.004 0.966 1.059 1.047 0.96 1.017 1.001 1.059 0.997 0.997 1.012 0.97 0.967 1.029 1.02 1.013 0.974 1.018 1.019 0.981 0.999 1.051 0.985 1.019 0.983 1.002 1.052 0.983 0.997 1.056 0.987 0.976 0.975 1.052 0.978 0.986 1.008 1.057 1.015 0.983 1.0 0.99 1.036 0.995 1.057 1.0 0.977 0.962 0.969 1.0 0.999 0.951 1.0 0.965 1.0 1.0 1.0 1.0 0.967 1.0 0.988 1.0 1.0 0.97 1.0 0.999 1.0 1.0 1.023 1.0 1.0 1.0 1.0 1.053 1.0 1.022 1.0 1.0 0.985 1.0 1.0 1.0 1.0 1.054 1.0 0.986 1.0 1.0 0.992 1.0 0.986 1.0 1.0 1.002 1.0 0.985 1.0 1.0 0.979 1.0 0.985 1.0 1.0 1.0 1.0 0.991 1.0 1.0 1.0 1.0 1.024 1.0 1.0 1.0 1.0 1.017 1.0 1.0 1.0 1.0 1.002 1.0 1.0 1.0 1.0 1.006 1.0 1.0 1.0 1.0 1.007 1.0 1.0 1.0 1.0 1.001 1.0 1.0 1.0 1.0 1.005 1.0 1.0 1.0 1.0 1.004 1.0 1.0 1.0 1.0 1.0 1.0 1.0 1.0 1.0 0.988 1.0 1.0 1.0 1.0 0.996 1.0 1.0 1.0 1.0 0.995 1.0 1.0 1.0 1.0 0.993 1.0 1.0 1.0 1.0 0.999 1.0 1.0 1.0 1.0 1.008 1.0 1.0 1.0 1.0 1.004 1.0 1.0 1.0 1.0 1.006 1.0 1.0 1.0 1.0 0.99 1.0 1.0 1.0 1.0 1.0 1.0 1.0 1.0 1.0 1.006 1.0 1.0 1.0 1.0 1.003 1.0 1.0 1.0 1.0 0.988 1.0 1.0 1.0 1.0 0.986 1.0 1.0 1.0 1.0 0.995 1.0 1.0 1.0 1.0 0.986 1.0 1.0 1.0 1.0 1.009 1.0 1.0 1.0 1.0 0.994 1.0 1.0 1.0 1.0 1.001 1.0 1.0 1.0 1.0 0.999 1.0 1.0 1.0 1.0 1.0 1.0 1.0 1.0 1.0 0.992 1.0 1.0 1.0 1.0 0.986 1.0 1.0 1.0 1.0 0.982 1.0 1.0 1.0 1.0 0.963 1.0 1.0 1.0 1.0 0.981 1.0 1.0 0.997 1.011 0.997 1.01 0.997 1.017 0.992 1.018 0.982 1.012 0.987 1.006 0.995 0.98 1.022 0.991 1.006 1.018 0.985 1.001 0.99 1.01 0.976 0.991 1.004 1.005 1.017 0.985 1.015 0.991 1.007 0.974 0.986 1.024 0.999 0.982 1.005 1.011 1.015 1.018 0.983 1.013 1.018 1.022 0.97 1.027 1.016 1.006 1.019 1.022 1.027 0.968 1.017 0.97 1.036 1.034 0.996 1.016 1.029 1.023 1.02 1.031 0.968 1.027 0.968 0.979 1.015 1.018 1.022 1.007 0.997 1.02 0.992 1.008 1.024 0.984 1.013 0.99 1.03 1.035 1.022 1.019 1.017 0.963 1.004 1.004 1.0 1.035 1.023 1.015 0.989 1.0 0.999 1.015 0.976 0.998 1.0 0.999 0.996 0.977 0.992 1.0 0.975 0.968 1.014 1.01 1.0 0.965 1.0 0.981 1.005 1.0 0.997 1.05 1.004 1.01 1.0 1.001 0.972 1.004 0.979 1.0 0.99 0.968 1.014 0.986 1.0 0.998 0.97 0.968 1.029 1.0 0.994 1.036 0.985 0.997 1.0 1.013 0.997 0.987 1.0 1.0 0.969 0.996 1.005 0.999 1.0 1.004 0.964 0.999 1.015 1.0 0.991 0.994 0.963 0.991 1.0 0.994 0.992 1.0 1.011 1.0 0.964 0.994 1.0 0.995 1.0 0.984 0.992 1.0 0.979 1.0 1.005 0.972 1.0 0.979 1.0 1.0 1.02 1.0 0.985 1.0 1.0 0.989 1.0 0.981 1.0 1.0 0.99 1.0 0.989 1.0 1.0 1.05 1.0 1.011 1.0 1.0 1.039 1.0 0.986 1.0 1.0 0.961 1.0 0.96 1.0 1.0 0.98 1.0 0.984 1.0 1.0 0.98 1.0 0.961 1.0 1.0 1.013 1.0 1.0 1.0 1.0 1.015 1.0 1.0 1.0 1.0 1.005 1.0 1.0 1.0 1.0 0.982 1.0 1.0 1.0 1.0 1.0 1.0 1.0 1.0 1.0 1.0 1.0 1.0 1.0 1.0 1.0 1.0 1.0 1.0 1.0 1.0 1.0 1.0 1.0 1.0 1.0 1.0 1.0 1.0 1.0 1.0 1.0 1.0 1.0 1.0 1.0 1.0 1.0 1.0 1.0 1.0 1.0 1.0 1.0 1.0 1.0 1.0 1.0 1.0 1.0 1.0 1.0 1.0 1.0 1.0 1.0 1.0 1.0 1.0 1.0 1.0 1.0 1.0 1.0 1.0 1.0 1.0 1.0 1.0 1.0 1.0 1.0 1.0 1.0 1.0 1.0 1.0 1.0 1.0 1.0 1.0 1.0 1.0 1.0 1.0 1.0 1.0 1.0 1.0 1.0 1.0 1.0 1.0 1.0 1.0 1.0 1.0 1.0 1.0 1.0 1.0 1.0 1.0 1.0 1.0 1.0 1.0 1.0 1.0 1.0 1.0 1.0 1.0 1.0 1.0 1.0 1.0 1.0 1.0 1.0 1.0 1.0 1.0 1.0 1.0 1.0 1.0 1.0 1.0 1.0 1.0 1.0 1.0 1.0 1.0 1.0 1.0 1.0 1.0 1.0 1.0 1.0 1.0 1.0 1.0 1.0 1.0 0.991 1.005 1.012 0.998 0.997 1.006 1.016 1.014 0.999 1.011 0.992 1.019 1.001 1.006 1.022 0.983 1.009 0.978 0.978 1.004 1.021 1.02 1.019 1.01 1.016 0.982 0.983 0.976 0.967 0.983 0.983 1.011 1.019 1.037 0.982 1.012 0.987 0.986 0.964 1.003 0.976 0.974 1.007 1.011 0.977 1.014 1.012 1.022 0.968 1.004 0.997 1.01 1.008 1.001 1.007 0.971 0.982 0.99 0.97 0.99 1.016 0.979 0.999 1.0 1.023 0.976 1.02 1.0 1.0 1.012 1.005 0.983 1.01 1.0 0.966 0.979 1.014 1.008 1.0 1.005 0.989 0.982 0.987 1.0 0.995 1.017 0.983 1.002 1.0 0.989 0.977 1.011 0.992 1.0 0.972 1.012 1.009 1.001 1.0 0.966 1.015 1.004 0.994 1.0 0.988 1.012 1.009 1.006 1.0 0.989 0.975 0.984 1.0 1.0 0.967 0.983 1.015 0.998 1.0 1.048 0.974 0.976 1.007 1.0 1.004 0.979 1.022 0.997 1.0 0.975 0.98 1.002 1.02 1.0 0.985 0.983 0.974 0.997 1.0 1.0 0.981 0.999 1.006 1.0 1.0 0.988 0.992 0.998 1.0 1.0 1.02 1.001 0.998 1.0 1.0 0.98 0.994 0.985 1.0 1.0 0.982 1.001 0.996 1.0 1.0 0.976 1.0 1.021 1.0 1.0 1.0 0.987 1.021 1.0 1.0 1.0 1.015 1.015 1.0 1.0 1.0 0.986 0.988 1.0 1.0 1.0 0.996 0.995 1.0 1.0 1.0 0.995 0.998 1.0 1.0 1.0 0.995 1.007 1.0 1.0 1.0 1.001 0.985 1.0 1.0 1.0 0.995 0.995 1.0 1.0 1.0 0.995 0.96 1.0 1.0 1.0 0.996 0.996 1.0 1.0 1.0 0.992 0.97 1.0 1.0 1.0 0.988 0.961 1.0 1.0 1.0 0.983 0.984 1.0 1.0 1.0 1.003 0.958 1.0 1.0 1.0 0.998 0.986 1.0 1.0 1.0 1.014 1.0 1.0 1.0 1.0 0.972 1.0 1.0 1.0 1.0 0.966 1.0 1.0 1.0 1.0 1.018 1.0 1.0 1.0 1.0 0.958 1.0 1.0 1.0 1.0 0.958 1.0 1.0 1.0 1.0 0.96 1.0 1.0 1.0 1.0 0.985 1.0 1.0 1.0 1.0 0.983 1.0 1.0 1.0 1.0 0.984 1.0 1.0 1.0 1.0 0.98 1.0 1.0 1.0 1.0 1.0 1.0 1.0 1.0 1.0 1.0 1.0 1.0 1.0 1.0 1.0 1.0 1.0 1.0 1.0 1.0 1.0 1.0 1.0 1.0 1.0 1.0 1.0 1.0 1.0 1.0 1.0 1.0 1.0 1.0 1.0 1.0 1.0 1.0 1.0 1.0 1.0 1.0 1.0 1.0 1.0 1.0 1.0 1.0 1.0 1.0 1.0 1.0 1.0 1.0 1.0 1.0 1.0 1.0 1.0 1.0 1.0 1.0 1.0 1.0 1.0 1.0 1.0 1.0 1.0 1.0 1.0 1.0 1.0 1.0 1.0 1.0 1.0 1.0 1.0 1.0 1.0 1.0 1.0 1.012 1.011 0.998 1.009 0.988 0.993 1.016 1.019 1.014 1.017 1.019 1.009 0.998 1.017 1.019 0.986 0.99 0.995 0.977 0.984 1.007 1.007 1.011 0.988 1.003 0.988 1.02 0.986 1.021 0.981 1.011 0.965 1.001 0.976 1.009 0.986 1.015 0.983 1.007 1.006 1.005 1.019 1.014 0.998 1.025 1.009 1.022 1.013 1.022 0.965 0.977 1.013 1.005 1.013 1.013 1.014 0.968 1.004 1.013 1.035 1.006 1.02 1.012 1.025 1.0 1.006 0.967 1.015 1.004 1.01 1.015 1.027 0.965 0.978 0.967 1.017 1.015 0.965 1.019 0.966 1.012 1.003 1.036 1.044 1.0 1.022 0.961 1.038 1.02 1.0 1.018 1.026 1.001 0.961 1.0 1.023 0.996 1.02 1.017 1.0 0.999 0.978 1.021 0.961 1.0 0.995 1.025 0.998 1.003 1.0 0.996 0.997 0.998 1.001 1.0 1.001 1.028 1.042 0.983 1.0 1.003 1.028 0.99 1.014 1.0 1.021 1.0 0.964 1.002 1.0 1.018 1.03 1.024 0.995 1.0 1.016 0.978 0.964 0.969 1.0 0.997 1.031 1.032 0.979 1.0 1.032 0.957 1.031 0.959 1.0 1.031 0.975 1.045 0.978 1.0 0.954 1.005 0.998 1.003 1.0 0.955 1.026 1.037 0.977 1.0 0.955 1.048 0.96 1.0 1.0 0.956 0.961 0.989 1.0 1.0 0.986 0.976 1.0 1.0 1.0 0.986 0.985 1.0 1.0 1.0 0.985 0.989 1.0 1.0 1.0 1.005 0.962 1.0 1.0 1.0 0.99 0.976 1.0 1.0 1.0 1.007 0.983 1.0 1.0 1.0 1.008 1.0 1.0 1.0 1.0 0.975 1.0 1.0 1.0 1.0 1.049 1.0 1.0 1.0 1.0 0.979 1.0 1.0 1.0 1.0 0.994 1.0 1.0 1.0 1.0 1.026 1.0 1.0 1.0 1.0 0.991 1.0 1.0 1.0 1.0 0.987 1.0 1.0 1.0 1.0 1.0 1.0 1.0 1.0 1.0 1.0 1.0 1.0 1.0 1.0 1.0 1.0 1.0 1.0 1.0 1.0 1.0 1.0 1.0 1.0 1.0 1.0 1.0 1.0 1.0 1.0 1.0 1.0 1.0 1.0 1.0 1.0 1.0 1.0 1.0 1.0 1.0 1.0 1.0 1.0 1.0 1.0 1.0 1.0 1.0 1.0 1.0 1.0 1.0 1.0 1.0 1.0 1.0 1.0 1.0 1.0 1.0 1.0 1.0 1.0 1.0 1.0 1.0 1.0 1.0 1.0 1.0 1.0 1.0 1.0 1.0 1.0 1.0 1.0 1.0 1.0 1.0 1.0 1.0 1.0 1.0 1.0 1.0 1.0 1.0 1.0 1.0 1.0 1.0 1.0 1.0 1.0 1.0 1.0 1.0 1.0 1.0 1.0 1.0 1.0 1.0 1.0 1.0 1.0 1.0 1.0 1.0 1.0 1.0 1.0 1.0 1.0 1.0 1.0 1.0 1.0 1.0 1.0 1.0 1.0 1.0 1.0 1.0 1.0 1.0 1.0 1.0 1.0 1.0 1.0 1.0 1.0 1.0 1.0 1.0 0.991 1.003 1.012 1.009 0.988 1.017 0.99 1.014 0.981 1.018 1.005 0.982 0.994 1.017 1.015 0.994 0.98 1.017 0.979 0.994 1.012 1.018 1.017 1.004 0.987 1.011 1.009 0.976 1.008 1.019 1.011 0.979 1.019 1.012 0.994 1.016 0.992 0.976 1.004 1.021 0.989 0.998 1.004 1.019 1.008 0.983 0.99 0.988 1.002 1.008 1.017 1.013 0.99 1.014 1.006 1.009 0.998 1.002 0.999 0.976 0.98 1.014 1.005 1.007 1.01 1.015 0.979 0.983 1.0 1.024 0.977 1.012 0.993 1.006 0.964 1.015 1.014 1.001 1.0 1.038 0.972 1.008 1.008 1.0 1.014 0.973 1.01 0.977 1.0 1.018 1.008 1.004 1.007 1.0 1.053 0.985 0.985 0.998 1.0 0.974 1.005 0.969 1.011 1.0 0.998 1.002 0.969 1.002 1.0 1.004 1.009 1.0 0.976 1.0 1.004 1.018 0.973 1.035 1.0 1.058 0.978 0.987 1.0 1.0 1.012 0.998 1.007 1.03 1.0 0.965 1.02 0.97 0.992 1.0 1.058 0.996 0.992 1.032 1.0 1.01 1.007 1.012 0.972 1.0 0.993 0.986 1.03 0.976 1.0 1.008 1.042 0.996 0.975 1.0 0.973 1.006 1.023 1.001 1.0 0.992 1.0 1.04 1.043 1.0 1.012 1.0 1.044 0.97 1.0 0.996 1.0 0.995 0.992 1.0 0.961 1.0 1.003 0.971 1.0 0.989 1.0 0.967 0.968 1.0 0.999 1.0 0.965 0.969 1.0 1.007 1.0 0.972 1.045 1.0 1.063 1.0 1.0 0.971 1.0 0.983 1.0 1.0 0.97 1.0 1.006 1.0 1.0 1.021 1.0 1.0 1.0 1.0 0.977 1.0 1.0 1.0 1.0 1.003 1.0 1.0 1.0 1.0 1.061 1.0 1.0 1.0 1.0 1.0 1.0 1.0 1.0 1.0 1.0 1.0 1.0 1.0 1.0 1.0 1.0 1.0 1.0 1.0 1.0 1.0 1.0 1.0 1.0 1.0 1.0 1.0 1.0 1.0 1.0 1.0 1.0 1.0 1.0 1.0 1.0 1.0 1.0 1.0 1.0 1.0 1.0 1.0 1.0 1.0 1.0 1.0 1.0 1.0 1.0 1.0 1.0 1.0 1.0 1.0 1.0 1.0 1.0 1.0 1.0 1.0 1.0 1.0 1.0 1.0 1.0 1.0 1.0 1.0 1.0 1.0 1.0 1.0 1.0 1.0 1.0 1.0 1.0 1.0 1.0 1.0 1.0 1.0 1.0 1.0 1.0 1.0 1.0 1.0 1.0 1.0 1.0 1.0 1.0 1.0 1.0 1.0 1.0 1.0 1.0 1.0 1.0 1.0 1.0 1.0 1.0 1.0 1.0 1.0 1.0 1.0 1.0 1.0 1.0 1.0 1.0 1.0 1.0 1.0 1.0 1.0 1.0 1.0 1.0 1.0 1.0 1.0 1.0 1.0 1.0 1.0 1.0 1.0 1.0 1.0 1.0 1.0 1.0 1.0 1.0 1.0 1.0 1.0 1.0 1.0 1.0 1.0 1.0 1.0 1.0 1.0 1.0 1.0 1.0 1.0 1.0 1.0,1.0660983,0.06609833,0.95087254,0.3,0.056984782218933105,0.0003,5,0.30729556
5,0.01957743987441063,0.99954575,1.004 1.007 0.996 0.996 0.996 0.993 1.02 1.019 0.977 0.976 1.008 1.023 0.993 1.02 1.004 1.025 0.973 0.968 0.989 0.984 1.011 1.018 0.991 1.03 1.013 1.009 0.972 1.025 1.008 1.032 1.012 0.971 1.009 0.978 1.036 0.991 0.978 1.028 1.008 1.013 1.014 1.019 1.003 0.968 0.951 0.997 0.971 1.011 1.025 0.988 1.02 0.972 1.012 1.027 0.96 0.99 1.016 1.011 1.009 0.999 0.982 0.977 0.969 1.016 1.0 1.023 1.019 0.961 0.978 1.0 1.005 1.021 1.007 1.015 1.0 1.021 1.034 1.012 1.015 1.0 1.062 0.981 1.048 1.005 1.0 1.061 0.98 1.02 0.952 1.0 1.008 0.972 1.004 1.009 1.0 1.0 0.981 0.968 0.973 1.0 1.028 0.972 0.979 1.016 1.0 0.997 1.018 1.0 0.971 1.0 0.965 0.969 1.0 0.964 1.0 0.964 1.008 1.0 0.966 1.0 0.951 0.999 1.0 0.968 1.0 1.002 0.999 1.0 0.969 1.0 0.968 1.026 1.0 0.966 1.0 0.999 0.993 1.0 1.008 1.0 1.021 0.999 1.0 1.015 1.0 0.941 0.955 1.0 0.998 1.0 0.94 1.024 1.0 0.974 1.0 1.015 1.016 1.0 1.004 1.0 1.085 1.017 1.0 0.995 1.0 1.0 0.996 1.0 0.999 1.0 1.0 0.99 1.0 0.972 1.0 1.0 0.996 1.0 1.016 1.0 1.0 0.981 1.0 0.969 1.0 1.0 0.955 1.0 0.975 1.0 1.0 1.015 1.0 1.0 1.0 1.0 1.064 1.0 1.0 1.0 1.0 0.996 1.0 1.0 1.0 1.0 0.973 1.0 1.0 1.0 1.0 0.974 1.0 1.0 1.0 1.0 0.975 1.0 1.0 1.0 1.0 0.984 1.0 1.0 1.0 1.0 0.975 1.0 1.0 1.0 1.0 1.0 1.0 1.0 1.0 1.0 1.0 1.0 1.0 1.0 1.0 1.0 1.0 1.0 1.0 1.0 1.0 1.0 1.0 1.0 1.0 1.0 1.0 1.0 1.0 1.0 1.0 1.0 1.0 1.0 1.0 1.0 1.0 1.0 1.0 1.0 1.0 1.0 1.0 1.0 1.0 1.0 1.0 1.0 1.0 1.0 1.0 1.0 1.0 1.0 1.0 1.0 1.0 1.0 1.0 1.0 1.0 1.0 1.0 1.0 1.0 1.0 1.0 1.0 1.0 1.0 1.0 1.0 1.0 1.0 1.0 1.0 1.0 1.0 1.0 1.0 1.0 1.0 1.0 1.0 1.0 1.0 1.0 1.0 1.0 1.0 1.0 1.0 1.0 1.0 1.0 1.0 1.0 1.0 1.0 1.0 1.0 1.0 1.0 1.0 1.0 1.0 1.0 1.0 1.0 1.0 1.0 1.0 1.0 1.0 1.0 1.0 1.0 1.0 1.0 1.0 1.0 1.0 1.0 1.0 1.0 1.0 1.0 1.0 1.0 1.0 1.0 1.0 1.0 1.0 1.0 1.0 1.0 1.0 1.0 1.0 1.0 1.0 1.0 1.0 1.0 1.0 1.0 1.0 1.0 1.0 1.0 1.0 1.0 1.0 1.0 0.993 1.013 0.996 0.996 1.022 0.988 0.992 0.978 0.999 1.007 1.01 1.003 0.976 1.02 1.013 0.976 0.989 0.974 1.0 1.0 1.014 1.004 0.981 0.979 1.018 0.977 1.023 1.01 0.969 0.961 1.019 0.986 1.011 0.971 1.017 1.013 1.009 1.024 0.969 0.96 0.971 1.021 0.957 1.033 0.961 1.001 1.008 0.965 1.034 0.961 0.971 0.971 0.976 0.954 1.017 0.972 0.989 1.02 0.955 1.055 0.999 1.016 0.954 0.992 0.998 1.012 1.026 0.959 1.047 0.992 1.007 1.01 1.047 0.961 0.999 1.003 1.006 0.951 1.045 0.994 1.0 0.967 0.953 0.962 1.0 1.013 1.013 0.996 0.965 1.0 1.001 0.967 0.954 1.024 1.0 1.004 1.045 0.992 0.996 1.0 0.987 0.954 0.952 0.961 1.0 0.988 0.993 0.989 1.0 1.0 1.013 0.997 0.997 1.0 1.0 0.984 0.985 0.996 1.0 1.0 1.025 0.97 0.991 1.0 1.0 1.009 0.963 0.958 1.0 1.0 1.029 0.949 1.03 1.0 1.0 0.992 0.984 0.982 1.0 1.0 0.987 1.032 0.963 1.0 1.0 0.993 1.0 1.0 1.0 1.0 1.018 0.965 1.0 1.0 1.0 0.984 0.946 1.0 1.0 1.0 0.979 0.963 1.0 1.0 1.0 0.994 1.062 1.0 1.0 1.0 0.976 1.0 1.0 1.0 1.0 0.975 1.0 1.0 1.0 1.0 0.991 1.0 1.0 1.0 1.0 1.006 1.0 1.0 1.0 1.0 0.99 1.0 1.0 1.0 1.0 1.001 1.0 1.0 1.0 1.0 1.004 1.0 1.0 1.0 1.0 0.961 1.0 1.0 1.0 1.0 1.004 1.0 1.0 1.0 1.0 0.997 1.0 1.0 1.0 1.0 1.03 1.0 1.0 1.0 1.0 0.967 1.0 1.0 1.0 1.0 1.074 1.0 1.0 1.0 1.0 1.054 1.0 1.0 1.0 1.0 0.961 1.0 1.0 1.0 1.0 1.0 1.0 1.0 1.0 1.0 1.0 1.0 1.0 1.0 1.0 1.0 1.0 1.0 1.0 1.0 1.0 1.0 1.0 1.0 1.0 1.0 1.0 1.0 1.0 1.0 1.0 1.0 1.0 1.0 1.0 1.0 1.0 1.0 1.0 1.0 1.0 1.0 1.0 1.0 1.0 1.0 1.0 1.0 1.0 1.0 1.0 1.0 1.0 1.0 1.0 1.0 1.0 1.0 1.0 1.0 1.0 1.0 1.0 1.0 1.0 1.0 1.0 1.0 1.0 1.0 1.0 1.0 1.0 1.0 1.0 1.0 1.0 1.0 1.0 1.0 1.0 1.0 1.0 1.0 1.0 1.0 1.0 1.0 1.0 1.0 1.0 1.0 1.0 1.0 1.0 1.0 1.0 1.0 1.0 1.0 1.0 1.0 1.0 1.0 1.0 1.0 1.0 1.0 1.0 1.0 1.0 1.0 1.0 1.0 1.0 1.0 1.0 1.0 1.0 1.0 1.0 1.0 1.0 1.0 1.0 1.0 1.0 1.0 1.0 1.0 1.0 1.0 1.0 1.0 1.0 1.0 1.0 1.0 1.0 1.015 1.007 0.982 1.012 0.984 0.991 0.99 1.019 0.993 0.977 1.024 1.025 0.99 1.019 1.022 0.986 1.011 1.027 1.022 0.983 1.023 1.014 1.028 0.988 0.98 0.991 0.987 0.988 1.023 1.025 1.015 0.983 1.009 0.969 0.977 0.987 0.988 1.005 0.985 1.025 1.009 1.007 1.017 1.023 0.963 1.011 1.016 1.007 0.985 1.021 0.997 1.023 1.017 1.015 1.016 0.975 0.966 1.002 0.998 0.954 0.999 1.012 1.038 0.967 0.958 1.011 1.008 0.953 1.019 0.996 1.012 1.026 0.991 1.023 0.972 1.005 1.05 0.961 1.021 0.974 1.024 1.052 0.995 1.021 1.012 0.964 1.001 0.986 1.023 1.0 0.966 0.956 0.983 0.956 1.008 1.015 0.955 0.956 0.982 1.044 0.976 0.948 1.057 1.014 0.98 1.012 0.998 1.0 0.994 0.988 0.969 0.949 1.0 0.97 0.974 1.005 0.965 1.0 1.016 1.0 0.969 1.035 1.0 1.062 1.0 0.962 0.967 1.0 0.988 1.0 0.968 1.065 1.0 1.01 1.0 0.977 1.003 1.0 0.994 1.0 0.988 0.985 1.0 1.016 1.0 1.011 1.021 1.0 0.962 1.0 1.001 0.985 1.0 0.987 1.0 0.998 0.974 1.0 1.0 1.0 0.965 0.984 1.0 1.0 1.0 1.008 0.951 1.0 1.0 1.0 1.013 0.968 1.0 1.0 1.0 0.995 0.974 1.0 1.0 1.0 0.976 0.97 1.0 1.0 1.0 1.014 0.998 1.0 1.0 1.0 0.982 1.0 1.0 1.0 1.0 1.002 1.0 1.0 1.0 1.0 0.994 1.0 1.0 1.0 1.0 0.992 1.0 1.0 1.0 1.0 0.984 1.0 1.0 1.0 1.0 0.976 1.0 1.0 1.0 1.0 1.05 1.0 1.0 1.0 1.0 1.045 1.0 1.0 1.0 1.0 1.058 1.0 1.0 1.0 1.0 1.012 1.0 1.0 1.0 1.0 0.972 1.0 1.0 1.0 1.0 0.976 1.0 1.0 1.0 1.0 1.065 1.0 1.0 1.0 1.0 0.969 1.0 1.0 1.0 1.0 1.0 1.0 1.0 1.0 1.0 1.0 1.0 1.0 1.0 1.0 1.0 1.0 1.0 1.0 1.0 1.0 1.0 1.0 1.0 1.0 1.0 1.0 1.0 1.0 1.0 1.0 1.0 1.0 1.0 1.0 1.0 1.0 1.0 1.0 1.0 1.0 1.0 1.0 1.0 1.0 1.0 1.0 1.0 1.0 1.0 1.0 1.0 1.0 1.0 1.0 1.0 1.0 1.0 1.0 1.0 1.0 1.0 1.0 1.0 1.0 1.0 1.0 1.0 1.0 1.0 1.0 1.0 1.0 1.0 1.0 1.0 1.0 1.0 1.0 1.0 1.0 1.0 1.0 1.0 1.0 1.0 1.0 1.0 1.0 1.0 1.0 1.0 1.0 1.0 1.0 1.0 1.0 1.0 1.0 1.0 1.0 1.0 1.0 1.0 1.0 1.0 1.0 1.0 1.0 1.0 1.0 1.0 1.0 1.0 1.0 1.0 1.0 1.0 1.0 1.0 1.0 1.0 1.0 1.0 1.0 1.015 1.003 0.982 1.012 1.01 0.985 0.99 1.023 0.999 0.976 0.987 1.009 0.993 1.0 0.993 0.982 1.01 1.022 0.984 1.028 0.989 1.011 1.003 1.011 0.995 1.014 1.019 1.023 0.972 1.012 1.006 1.011 1.023 1.034 0.974 0.965 1.017 1.021 1.035 1.025 1.02 0.984 1.022 1.011 1.028 0.992 0.974 0.971 1.017 1.015 1.025 1.012 1.001 1.008 1.069 1.034 1.029 1.001 1.066 1.074 1.06 1.004 0.996 0.992 1.02 1.026 1.019 1.019 1.048 0.991 1.059 1.03 1.006 1.068 1.049 0.997 1.06 1.02 1.05 0.956 1.065 0.942 1.034 0.986 1.026 1.033 1.024 0.991 1.075 0.967 0.945 1.029 1.014 0.965 1.004 0.999 1.06 1.006 0.957 1.076 1.06 0.949 1.021 1.001 1.075 0.997 0.996 1.015 0.962 0.958 1.036 1.026 1.016 0.967 1.023 1.024 0.976 0.999 1.065 0.981 1.023 0.978 1.003 1.066 0.979 0.996 1.072 0.984 0.97 0.968 1.067 0.972 0.983 1.01 1.073 1.019 0.979 1.0 0.987 1.047 0.993 1.073 1.0 0.97 0.952 0.96 1.0 0.998 0.938 1.0 0.955 1.0 1.0 1.0 1.0 0.958 1.0 0.984 1.0 1.0 0.961 1.0 0.998 1.0 1.0 1.029 1.0 1.001 1.0 1.0 1.068 1.0 1.028 1.0 1.0 0.981 1.0 0.999 1.0 1.0 1.07 1.0 0.982 1.0 1.0 0.989 1.0 0.981 1.0 1.0 1.002 1.0 0.981 1.0 1.0 0.973 1.0 0.981 1.0 1.0 1.0 1.0 0.989 1.0 1.0 1.0 1.0 1.031 1.0 1.0 1.0 1.0 1.021 1.0 1.0 1.0 1.0 1.003 1.0 1.0 1.0 1.0 1.007 1.0 1.0 1.0 1.0 1.008 1.0 1.0 1.0 1.0 1.001 1.0 1.0 1.0 1.0 1.006 1.0 1.0 1.0 1.0 1.005 1.0 1.0 1.0 1.0 1.0 1.0 1.0 1.0 1.0 0.985 1.0 1.0 1.0 1.0 0.994 1.0 1.0 1.0 1.0 0.994 1.0 1.0 1.0 1.0 0.991 1.0 1.0 1.0 1.0 0.998 1.0 1.0 1.0 1.0 1.01 1.0 1.0 1.0 1.0 1.005 1.0 1.0 1.0 1.0 1.008 1.0 1.0 1.0 1.0 0.987 1.0 1.0 1.0 1.0 1.0 1.0 1.0 1.0 1.0 1.007 1.0 1.0 1.0 1.0 1.004 1.0 1.0 1.0 1.0 0.985 1.0 1.0 1.0 1.0 0.982 1.0 1.0 1.0 1.0 0.993 1.0 1.0 1.0 1.0 0.982 1.0 1.0 1.0 1.0 1.011 1.0 1.0 1.0 1.0 0.993 1.0 1.0 1.0 1.0 1.001 1.0 1.0 1.0 1.0 0.999 1.0 1.0 1.0 1.0 1.001 1.0 1.0 1.0 1.0 0.989 1.0 1.0 1.0 1.0 0.982 1.0 1.0 1.0 1.0 0.977 1.0 1.0 1.0 1.0 0.954 1.0 1.0 1.0 1.0 0.975 1.0 1.0 0.995 1.014 0.996 1.013 0.997 1.022 0.99 1.023 0.977 1.016 0.983 1.008 0.994 0.974 1.028 0.988 1.008 1.023 0.981 1.002 0.988 1.013 0.969 0.989 1.005 1.007 1.021 0.981 1.02 0.988 1.008 0.968 0.983 1.031 0.998 0.977 1.006 1.014 1.019 1.023 0.978 1.016 1.023 1.028 0.962 1.035 1.021 1.007 1.023 1.028 1.035 0.959 1.022 0.962 1.046 1.043 0.994 1.02 1.037 1.029 1.025 1.039 0.96 1.034 0.959 0.973 1.019 1.023 1.028 1.009 0.996 1.025 0.989 1.01 1.03 0.98 1.017 0.988 1.038 1.045 1.028 1.025 1.021 0.953 1.005 1.005 1.0 1.045 1.029 1.019 0.986 1.0 0.999 1.019 0.969 0.998 1.0 0.998 0.994 0.971 0.99 1.0 0.969 0.96 1.018 1.013 1.0 0.956 0.999 0.976 1.006 1.0 0.996 1.064 1.005 1.012 1.0 1.002 0.965 1.005 0.973 1.0 0.987 0.96 1.018 0.982 1.0 0.997 0.963 0.959 1.037 1.0 0.992 1.046 0.981 0.996 1.0 1.016 0.996 0.983 1.0 1.0 0.961 0.995 1.007 0.999 1.0 1.004 0.954 0.999 1.02 1.0 0.989 0.992 0.954 0.988 1.0 0.993 0.99 1.0 1.014 1.0 0.954 0.993 1.0 0.994 1.0 0.98 0.99 1.0 0.973 1.0 1.005 0.965 1.0 0.973 1.0 1.0 1.025 1.0 0.98 1.0 1.0 0.986 1.0 0.975 1.0 1.0 0.987 1.0 0.986 1.0 1.0 1.065 1.0 1.014 1.0 1.0 1.05 1.0 0.982 1.0 1.0 0.951 1.0 0.949 1.0 1.0 0.974 1.0 0.979 1.0 1.0 0.974 1.0 0.951 1.0 1.0 1.017 1.0 1.0 1.0 1.0 1.019 1.0 1.0 1.0 1.0 1.006 1.0 1.0 1.0 1.0 0.977 1.0 1.0 1.0 1.0 1.0 1.0 1.0 1.0 1.0 1.0 1.0 1.0 1.0 1.0 1.0 1.0 1.0 1.0 1.0 1.0 1.0 1.0 1.0 1.0 1.0 1.0 1.0 1.0 1.0 1.0 1.0 1.0 1.0 1.0 1.0 1.0 1.0 1.0 1.0 1.0 1.0 1.0 1.0 1.0 1.0 1.0 1.0 1.0 1.0 1.0 1.0 1.0 1.0 1.0 1.0 1.0 1.0 1.0 1.0 1.0 1.0 1.0 1.0 1.0 1.0 1.0 1.0 1.0 1.0 1.0 1.0 1.0 1.0 1.0 1.0 1.0 1.0 1.0 1.0 1.0 1.0 1.0 1.0 1.0 1.0 1.0 1.0 1.0 1.0 1.0 1.0 1.0 1.0 1.0 1.0 1.0 1.0 1.0 1.0 1.0 1.0 1.0 1.0 1.0 1.0 1.0 1.0 1.0 1.0 1.0 1.0 1.0 1.0 1.0 1.0 1.0 1.0 1.0 1.0 1.0 1.0 1.0 1.0 1.0 1.0 1.0 1.0 1.0 1.0 1.0 1.0 1.0 1.0 1.0 1.0 1.0 1.0 1.0 1.0 1.0 1.0 1.0 1.0 1.0 1.0 1.0 0.988 1.007 1.016 0.998 0.997 1.008 1.021 1.017 0.999 1.015 0.99 1.024 1.001 1.008 1.028 0.978 1.011 0.971 0.972 1.005 1.027 1.026 1.024 1.013 1.02 0.977 0.978 0.97 0.958 0.978 0.978 1.014 1.025 1.047 0.977 1.015 0.983 0.982 0.955 1.004 0.969 0.967 1.008 1.014 0.971 1.017 1.015 1.028 0.959 1.004 0.997 1.013 1.011 1.001 1.009 0.964 0.977 0.987 0.962 0.988 1.02 0.972 0.999 1.0 1.029 0.97 1.026 1.0 1.0 1.015 1.006 0.978 1.012 1.0 0.957 0.974 1.018 1.01 1.0 1.006 0.985 0.977 0.984 1.0 0.993 1.021 0.978 1.002 1.0 0.986 0.971 1.014 0.99 1.0 0.964 1.015 1.011 1.001 1.0 0.956 1.019 1.005 0.993 1.0 0.985 1.015 1.011 1.008 1.0 0.985 0.968 0.979 0.999 1.0 0.958 0.978 1.019 0.997 1.0 1.062 0.967 0.969 1.008 1.0 1.005 0.973 1.028 0.996 1.0 0.968 0.974 1.003 1.025 1.0 0.981 0.979 0.966 0.996 1.0 1.0 0.975 0.999 1.007 1.0 1.0 0.985 0.99 0.997 1.0 1.0 1.025 1.001 0.997 1.0 1.0 0.975 0.993 0.98 1.0 1.0 0.977 1.001 0.995 1.0 1.0 0.969 1.0 1.027 1.0 1.0 1.0 0.984 1.028 1.0 1.0 1.0 1.02 1.02 1.0 1.0 1.0 0.982 0.985 1.0 1.0 1.0 0.994 0.994 1.0 1.0 1.0 0.994 0.998 1.0 1.0 1.0 0.993 1.008 1.0 1.0 1.0 1.001 0.981 1.0 1.0 1.0 0.993 0.994 1.0 1.0 1.0 0.993 0.949 1.0 1.0 1.0 0.995 0.995 1.0 1.0 1.0 0.989 0.962 1.0 1.0 1.0 0.985 0.951 1.0 1.0 1.0 0.979 0.979 1.0 1.0 1.0 1.003 0.947 1.0 1.0 1.0 0.997 0.981 1.0 1.0 1.0 1.018 1.0 1.0 1.0 1.0 0.964 1.0 1.0 1.0 1.0 0.957 1.0 1.0 1.0 1.0 1.023 1.0 1.0 1.0 1.0 0.946 1.0 1.0 1.0 1.0 0.947 1.0 1.0 1.0 1.0 0.949 1.0 1.0 1.0 1.0 0.981 1.0 1.0 1.0 1.0 0.979 1.0 1.0 1.0 1.0 0.979 1.0 1.0 1.0 1.0 0.975 1.0 1.0 1.0 1.0 1.0 1.0 1.0 1.0 1.0 1.0 1.0 1.0 1.0 1.0 1.0 1.0 1.0 1.0 1.0 1.0 1.0 1.0 1.0 1.0 1.0 1.0 1.0 1.0 1.0 1.0 1.0 1.0 1.0 1.0 1.0 1.0 1.0 1.0 1.0 1.0 1.0 1.0 1.0 1.0 1.0 1.0 1.0 1.0 1.0 1.0 1.0 1.0 1.0 1.0 1.0 1.0 1.0 1.0 1.0 1.0 1.0 1.0 1.0 1.0 1.0 1.0 1.0 1.0 1.0 1.0 1.0 1.0 1.0 1.0 1.0 1.0 1.0 1.0 1.0 1.0 1.0 1.0 1.0 1.015 1.014 0.997 1.012 0.984 0.99 1.021 1.025 1.018 1.022 1.025 1.011 0.998 1.022 1.024 0.982 0.987 0.993 0.971 0.98 1.008 1.008 1.014 0.985 1.004 0.985 1.025 0.983 1.027 0.976 1.014 0.955 1.002 0.969 1.012 0.982 1.018 0.979 1.01 1.007 1.006 1.023 1.017 0.997 1.032 1.012 1.027 1.016 1.028 0.955 0.971 1.016 1.006 1.017 1.017 1.018 0.959 1.004 1.016 1.045 1.008 1.025 1.015 1.031 1.0 1.007 0.959 1.018 1.005 1.013 1.019 1.034 0.956 0.973 0.958 1.022 1.019 0.956 1.024 0.957 1.015 1.003 1.046 1.057 1.0 1.028 0.95 1.049 1.026 1.0 1.023 1.033 1.001 0.95 1.0 1.029 0.995 1.025 1.021 1.0 0.998 0.973 1.027 0.951 1.0 0.994 1.031 0.997 1.003 1.0 0.994 0.996 0.997 1.001 1.0 1.002 1.036 1.054 0.978 1.0 1.003 1.036 0.987 1.018 1.0 1.027 1.0 0.955 1.002 1.0 1.023 1.038 1.031 0.994 1.0 1.02 0.972 0.955 0.96 1.0 0.997 1.039 1.042 0.973 1.0 1.042 0.946 1.04 0.948 1.0 1.039 0.968 1.058 0.972 1.0 0.942 1.006 0.997 1.003 1.0 0.943 1.032 1.047 0.971 1.0 0.944 1.061 0.949 1.0 1.0 0.944 0.95 0.986 1.0 1.0 0.982 0.97 1.0 1.0 1.0 0.982 0.981 1.0 1.0 1.0 0.98 0.986 1.0 1.0 1.0 1.006 0.952 1.0 1.0 1.0 0.987 0.969 1.0 1.0 1.0 1.009 0.979 1.0 1.0 1.0 1.011 1.0 1.0 1.0 1.0 0.968 1.0 1.0 1.0 1.0 1.063 1.0 1.0 1.0 1.0 0.973 1.0 1.0 1.0 1.0 0.993 1.0 1.0 1.0 1.0 1.033 1.0 1.0 1.0 1.0 0.989 1.0 1.0 1.0 1.0 0.983 1.0 1.0 1.0 1.0 1.0 1.0 1.0 1.0 1.0 1.0 1.0 1.0 1.0 1.0 1.0 1.0 1.0 1.0 1.0 1.0 1.0 1.0 1.0 1.0 1.0 1.0 1.0 1.0 1.0 1.0 1.0 1.0 1.0 1.0 1.0 1.0 1.0 1.0 1.0 1.0 1.0 1.0 1.0 1.0 1.0 1.0 1.0 1.0 1.0 1.0 1.0 1.0 1.0 1.0 1.0 1.0 1.0 1.0 1.0 1.0 1.0 1.0 1.0 1.0 1.0 1.0 1.0 1.0 1.0 1.0 1.0 1.0 1.0 1.0 1.0 1.0 1.0 1.0 1.0 1.0 1.0 1.0 1.0 1.0 1.0 1.0 1.0 1.0 1.0 1.0 1.0 1.0 1.0 1.0 1.0 1.0 1.0 1.0 1.0 1.0 1.0 1.0 1.0 1.0 1.0 1.0 1.0 1.0 1.0 1.0 1.0 1.0 1.0 1.0 1.0 1.0 1.0 1.0 1.0 1.0 1.0 1.0 1.0 1.0 1.0 1.0 1.0 1.0 1.0 1.0 1.0 1.0 1.0 1.0 1.0 1.0 1.0 1.0 1.0 0.988 1.003 1.016 1.012 0.984 1.021 0.988 1.018 0.976 1.023 1.006 0.977 0.992 1.022 1.019 0.992 0.975 1.021 0.973 0.992 1.015 1.024 1.022 1.005 0.983 1.014 1.011 0.969 1.01 1.024 1.013 0.973 1.024 1.015 0.992 1.02 0.99 0.969 1.006 1.027 0.986 0.998 1.005 1.024 1.01 0.979 0.988 0.985 1.002 1.01 1.021 1.017 0.987 1.018 1.007 1.012 0.998 1.003 0.999 0.97 0.975 1.018 1.007 1.008 1.013 1.019 0.973 0.978 1.0 1.03 0.971 1.015 0.99 1.008 0.954 1.019 1.017 1.002 1.0 1.049 0.965 1.01 1.01 1.0 1.018 0.966 1.013 0.971 1.0 1.022 1.01 1.004 1.009 1.0 1.068 0.981 0.98 0.998 1.0 0.967 1.006 0.96 1.013 1.0 0.998 1.003 0.96 1.002 1.0 1.005 1.011 1.001 0.97 1.0 1.005 1.023 0.965 1.045 1.0 1.074 0.972 0.984 1.0 1.0 1.015 0.997 1.008 1.039 1.0 0.956 1.025 0.963 0.99 1.0 1.074 0.994 0.989 1.041 1.0 1.012 1.009 1.015 0.964 1.0 0.991 0.982 1.038 0.969 1.0 1.01 1.053 0.995 0.969 1.0 0.966 1.008 1.029 1.002 1.0 0.989 1.0 1.051 1.056 1.0 1.015 1.0 1.056 0.962 1.0 0.995 1.0 0.994 0.99 1.0 0.95 1.0 1.004 0.963 1.0 0.985 1.0 0.958 0.959 1.0 0.998 1.0 0.955 0.96 1.0 1.008 1.0 0.965 1.058 1.0 1.081 1.0 1.0 0.963 1.0 0.978 1.0 1.0 0.961 1.0 1.007 1.0 1.0 1.027 1.0 1.0 1.0 1.0 0.97 1.0 1.0 1.0 1.0 1.003 1.0 1.0 1.0 1.0 1.079 1.0 1.0 1.0 1.0 1.0 1.0 1.0 1.0 1.0 1.0 1.0 1.0 1.0 1.0 1.0 1.0 1.0 1.0 1.0 1.0 1.0 1.0 1.0 1.0 1.0 1.0 1.0 1.0 1.0 1.0 1.0 1.0 1.0 1.0 1.0 1.0 1.0 1.0 1.0 1.0 1.0 1.0 1.0 1.0 1.0 1.0 1.0 1.0 1.0 1.0 1.0 1.0 1.0 1.0 1.0 1.0 1.0 1.0 1.0 1.0 1.0 1.0 1.0 1.0 1.0 1.0 1.0 1.0 1.0 1.0 1.0 1.0 1.0 1.0 1.0 1.0 1.0 1.0 1.0 1.0 1.0 1.0 1.0 1.0 1.0 1.0 1.0 1.0 1.0 1.0 1.0 1.0 1.0 1.0 1.0 1.0 1.0 1.0 1.0 1.0 1.0 1.0 1.0 1.0 1.0 1.0 1.0 1.0 1.0 1.0 1.0 1.0 1.0 1.0 1.0 1.0 1.0 1.0 1.0 1.0 1.0 1.0 1.0 1.0 1.0 1.0 1.0 1.0 1.0 1.0 1.0 1.0 1.0 1.0 1.0 1.0 1.0 1.0 1.0 1.0 1.0 1.0 1.0 1.0 1.0 1.0 1.0 1.0 1.0 1.0 1.0 1.0 1.0 1.0 1.0 1.0 1.0,1.0848577,0.0848577,0.93777585,0.3,0.07256941497325897,0.0003,5,0.3941704
6,0.024005111306905746,0.9994425,1.005 1.008 0.995 0.995 0.996 0.991 1.025 1.023 0.972 0.971 1.01 1.029 0.991 1.024 1.005 1.031 0.967 0.96 0.987 0.981 1.014 1.022 0.988 1.037 1.016 1.011 0.965 1.03 1.009 1.039 1.015 0.965 1.012 0.973 1.044 0.988 0.973 1.034 1.01 1.015 1.017 1.023 1.004 0.961 0.94 0.996 0.965 1.014 1.03 0.985 1.024 0.965 1.015 1.032 0.951 0.988 1.019 1.014 1.011 0.999 0.979 0.972 0.963 1.02 1.0 1.027 1.024 0.953 0.973 1.0 1.006 1.026 1.008 1.018 1.0 1.026 1.041 1.014 1.017 1.0 1.076 0.977 1.059 1.006 1.0 1.075 0.976 1.024 0.942 1.0 1.009 0.965 1.005 1.011 1.0 1.0 0.976 0.961 0.967 1.0 1.034 0.965 0.975 1.019 1.0 0.996 1.022 1.0 0.965 1.0 0.958 0.963 1.0 0.956 1.0 0.957 1.01 1.0 0.959 1.0 0.941 0.999 1.0 0.961 1.0 1.002 0.999 1.0 0.962 1.0 0.961 1.031 1.0 0.959 1.0 0.998 0.991 1.0 1.009 1.0 1.025 0.999 1.0 1.018 1.0 0.929 0.945 1.0 0.997 1.0 0.927 1.029 1.0 0.968 1.0 1.019 1.019 1.0 1.004 1.0 1.104 1.021 1.0 0.994 1.0 1.0 0.995 1.0 0.999 1.0 1.0 0.988 1.0 0.966 1.0 1.0 0.995 1.0 1.019 1.0 1.0 0.976 1.0 0.962 1.0 1.0 0.946 1.0 0.969 1.0 1.0 1.019 1.0 1.0 1.0 1.0 1.078 1.0 1.0 1.0 1.0 0.995 1.0 1.0 1.0 1.0 0.967 1.0 1.0 1.0 1.0 0.968 1.0 1.0 1.0 1.0 0.969 1.0 1.0 1.0 1.0 0.98 1.0 1.0 1.0 1.0 0.969 1.0 1.0 1.0 1.0 1.0 1.0 1.0 1.0 1.0 1.0 1.0 1.0 1.0 1.0 1.0 1.0 1.0 1.0 1.0 1.0 1.0 1.0 1.0 1.0 1.0 1.0 1.0 1.0 1.0 1.0 1.0 1.0 1.0 1.0 1.0 1.0 1.0 1.0 1.0 1.0 1.0 1.0 1.0 1.0 1.0 1.0 1.0 1.0 1.0 1.0 1.0 1.0 1.0 1.0 1.0 1.0 1.0 1.0 1.0 1.0 1.0 1.0 1.0 1.0 1.0 1.0 1.0 1.0 1.0 1.0 1.0 1.0 1.0 1.0 1.0 1.0 1.0 1.0 1.0 1.0 1.0 1.0 1.0 1.0 1.0 1.0 1.0 1.0 1.0 1.0 1.0 1.0 1.0 1.0 1.0 1.0 1.0 1.0 1.0 1.0 1.0 1.0 1.0 1.0 1.0 1.0 1.0 1.0 1.0 1.0 1.0 1.0 1.0 1.0 1.0 1.0 1.0 1.0 1.0 1.0 1.0 1.0 1.0 1.0 1.0 1.0 1.0 1.0 1.0 1.0 1.0 1.0 1.0 1.0 1.0 1.0 1.0 1.0 1.0 1.0 1.0 1.0 1.0 1.0 1.0 1.0 1.0 1.0 1.0 1.0 1.0 1.0 1.0 1.0 0.992 1.015 0.995 0.996 1.026 0.985 0.99 0.974 0.999 1.008 1.012 1.003 0.97 1.025 1.015 0.971 0.986 0.969 1.0 1.0 1.017 1.005 0.977 0.975 1.022 0.972 1.028 1.012 0.962 0.952 1.024 0.983 1.014 0.965 1.02 1.016 1.011 1.03 0.963 0.951 0.964 1.025 0.948 1.041 0.953 1.001 1.009 0.958 1.042 0.953 0.965 0.965 0.971 0.944 1.021 0.966 0.986 1.024 0.946 1.067 0.999 1.019 0.944 0.99 0.998 1.014 1.032 0.95 1.058 0.99 1.009 1.012 1.057 0.953 0.998 1.003 1.007 0.94 1.055 0.993 1.0 0.96 0.943 0.954 1.0 1.015 1.016 0.995 0.957 1.0 1.002 0.959 0.944 1.029 1.0 1.004 1.055 0.99 0.995 1.0 0.984 0.944 0.942 0.953 1.0 0.986 0.991 0.986 1.0 1.0 1.016 0.996 0.996 1.0 1.0 0.98 0.981 0.995 1.0 1.0 1.031 0.964 0.989 1.0 1.0 1.011 0.955 0.949 1.0 1.0 1.035 0.938 1.036 1.0 1.0 0.99 0.98 0.977 1.0 1.0 0.984 1.039 0.955 1.0 1.0 0.991 0.999 1.0 1.0 1.0 1.022 0.957 1.0 1.0 1.0 0.98 0.934 1.0 1.0 1.0 0.974 0.954 1.0 1.0 1.0 0.992 1.077 1.0 1.0 1.0 0.97 1.0 1.0 1.0 1.0 0.969 1.0 1.0 1.0 1.0 0.989 1.0 1.0 1.0 1.0 1.007 1.0 1.0 1.0 1.0 0.988 1.0 1.0 1.0 1.0 1.001 1.0 1.0 1.0 1.0 1.005 1.0 1.0 1.0 1.0 0.953 1.0 1.0 1.0 1.0 1.005 1.0 1.0 1.0 1.0 0.996 1.0 1.0 1.0 1.0 1.037 1.0 1.0 1.0 1.0 0.96 1.0 1.0 1.0 1.0 1.092 1.0 1.0 1.0 1.0 1.066 1.0 1.0 1.0 1.0 0.952 1.0 1.0 1.0 1.0 1.0 1.0 1.0 1.0 1.0 1.0 1.0 1.0 1.0 1.0 1.0 1.0 1.0 1.0 1.0 1.0 1.0 1.0 1.0 1.0 1.0 1.0 1.0 1.0 1.0 1.0 1.0 1.0 1.0 1.0 1.0 1.0 1.0 1.0 1.0 1.0 1.0 1.0 1.0 1.0 1.0 1.0 1.0 1.0 1.0 1.0 1.0 1.0 1.0 1.0 1.0 1.0 1.0 1.0 1.0 1.0 1.0 1.0 1.0 1.0 1.0 1.0 1.0 1.0 1.0 1.0 1.0 1.0 1.0 1.0 1.0 1.0 1.0 1.0 1.0 1.0 1.0 1.0 1.0 1.0 1.0 1.0 1.0 1.0 1.0 1.0 1.0 1.0 1.0 1.0 1.0 1.0 1.0 1.0 1.0 1.0 1.0 1.0 1.0 1.0 1.0 1.0 1.0 1.0 1.0 1.0 1.0 1.0 1.0 1.0 1.0 1.0 1.0 1.0 1.0 1.0 1.0 1.0 1.0 1.0 1.0 1.0 1.0 1.0 1.0 1.0 1.0 1.0 1.0 1.0 1.0 1.0 1.0 1.0 1.018 1.008 0.978 1.014 0.98 0.989 0.987 1.023 0.992 0.972 1.03 1.03 0.988 1.024 1.028 0.983 1.014 1.034 1.026 0.979 1.028 1.017 1.035 0.986 0.976 0.989 0.984 0.985 1.029 1.031 1.019 0.979 1.011 0.962 0.973 0.984 0.986 1.006 0.981 1.03 1.011 1.009 1.02 1.028 0.955 1.013 1.019 1.008 0.981 1.025 0.997 1.028 1.02 1.018 1.019 0.97 0.959 1.002 0.997 0.945 0.999 1.014 1.047 0.96 0.949 1.013 1.01 0.943 1.022 0.995 1.014 1.031 0.989 1.028 0.967 1.005 1.061 0.953 1.026 0.969 1.029 1.064 0.993 1.026 1.014 0.956 1.001 0.982 1.028 1.0 0.959 0.946 0.979 0.947 1.01 1.019 0.945 0.947 0.978 1.053 0.971 0.937 1.07 1.017 0.975 1.015 0.997 1.0 0.993 0.985 0.962 0.938 1.0 0.963 0.969 1.006 0.958 1.0 1.02 1.0 0.963 1.042 1.0 1.077 1.0 0.954 0.96 1.0 0.986 1.0 0.961 1.08 1.0 1.013 1.0 0.972 1.003 1.0 0.992 1.0 0.985 0.981 1.0 1.019 1.0 1.013 1.026 1.0 0.954 1.0 1.002 0.982 1.0 0.984 1.0 0.997 0.968 1.0 1.0 1.0 0.958 0.981 1.0 1.0 1.0 1.01 0.941 1.0 1.0 1.0 1.016 0.961 1.0 1.0 1.0 0.994 0.968 1.0 1.0 1.0 0.971 0.964 1.0 1.0 1.0 1.017 0.998 1.0 1.0 1.0 0.978 1.0 1.0 1.0 1.0 1.003 1.0 1.0 1.0 1.0 0.993 1.0 1.0 1.0 1.0 0.99 1.0 1.0 1.0 1.0 0.98 1.0 1.0 1.0 1.0 0.971 1.0 1.0 1.0 1.0 1.061 1.0 1.0 1.0 1.0 1.056 1.0 1.0 1.0 1.0 1.071 1.0 1.0 1.0 1.0 1.015 1.0 1.0 1.0 1.0 0.965 1.0 1.0 1.0 1.0 0.97 1.0 1.0 1.0 1.0 1.08 1.0 1.0 1.0 1.0 0.961 1.0 1.0 1.0 1.0 1.0 1.0 1.0 1.0 1.0 1.0 1.0 1.0 1.0 1.0 1.0 1.0 1.0 1.0 1.0 1.0 1.0 1.0 1.0 1.0 1.0 1.0 1.0 1.0 1.0 1.0 1.0 1.0 1.0 1.0 1.0 1.0 1.0 1.0 1.0 1.0 1.0 1.0 1.0 1.0 1.0 1.0 1.0 1.0 1.0 1.0 1.0 1.0 1.0 1.0 1.0 1.0 1.0 1.0 1.0 1.0 1.0 1.0 1.0 1.0 1.0 1.0 1.0 1.0 1.0 1.0 1.0 1.0 1.0 1.0 1.0 1.0 1.0 1.0 1.0 1.0 1.0 1.0 1.0 1.0 1.0 1.0 1.0 1.0 1.0 1.0 1.0 1.0 1.0 1.0 1.0 1.0 1.0 1.0 1.0 1.0 1.0 1.0 1.0 1.0 1.0 1.0 1.0 1.0 1.0 1.0 1.0 1.0 1.0 1.0 1.0 1.0 1.0 1.0 1.0 1.0 1.0 1.0 1.0 1.0 1.018 1.004 0.978 1.014 1.013 0.981 0.987 1.028 0.998 0.971 0.984 1.011 0.991 1.0 0.991 0.978 1.012 1.027 0.981 1.035 0.986 1.013 1.004 1.013 0.994 1.018 1.023 1.029 0.967 1.015 1.007 1.014 1.028 1.042 0.968 0.957 1.021 1.026 1.042 1.03 1.024 0.98 1.027 1.013 1.033 0.99 0.968 0.965 1.02 1.018 1.03 1.014 1.001 1.009 1.085 1.041 1.035 1.001 1.081 1.09 1.073 1.004 0.995 0.99 1.025 1.031 1.023 1.023 1.059 0.989 1.073 1.036 1.008 1.083 1.06 0.996 1.073 1.025 1.061 0.947 1.08 0.93 1.041 0.982 1.032 1.04 1.029 0.989 1.092 0.96 0.934 1.035 1.017 0.958 1.004 0.999 1.074 1.007 0.948 1.093 1.074 0.938 1.026 1.001 1.092 0.996 0.994 1.018 0.954 0.949 1.044 1.031 1.02 0.96 1.028 1.03 0.971 0.998 1.08 0.977 1.028 0.973 1.004 1.081 0.974 0.995 1.088 0.98 0.963 0.961 1.082 0.966 0.979 1.011 1.089 1.023 0.974 1.0 0.984 1.057 0.991 1.09 1.0 0.964 0.941 0.952 1.0 0.998 0.925 1.0 0.946 1.0 1.0 1.0 1.0 0.949 1.0 0.981 1.0 1.0 0.953 1.0 0.998 1.0 1.0 1.035 1.0 1.001 1.0 1.0 1.084 1.0 1.034 1.0 1.0 0.977 1.0 0.999 1.0 1.0 1.086 1.0 0.978 1.0 1.0 0.987 1.0 0.977 1.0 1.0 1.002 1.0 0.977 1.0 1.0 0.967 1.0 0.977 1.0 1.0 1.0 1.0 0.987 1.0 1.0 1.0 1.0 1.038 1.0 1.0 1.0 1.0 1.026 1.0 1.0 1.0 1.0 1.003 1.0 1.0 1.0 1.0 1.009 1.0 1.0 1.0 1.0 1.01 1.0 1.0 1.0 1.0 1.002 1.0 1.0 1.0 1.0 1.007 1.0 1.0 1.0 1.0 1.005 1.0 1.0 1.0 1.0 1.0 1.0 1.0 1.0 1.0 0.982 1.0 1.0 1.0 1.0 0.993 1.0 1.0 1.0 1.0 0.993 1.0 1.0 1.0 1.0 0.989 1.0 1.0 1.0 1.0 0.998 1.0 1.0 1.0 1.0 1.013 1.0 1.0 1.0 1.0 1.006 1.0 1.0 1.0 1.0 1.01 1.0 1.0 1.0 1.0 0.985 1.0 1.0 1.0 1.0 1.0 1.0 1.0 1.0 1.0 1.009 1.0 1.0 1.0 1.0 1.005 1.0 1.0 1.0 1.0 0.982 1.0 1.0 1.0 1.0 0.978 1.0 1.0 1.0 1.0 0.992 1.0 1.0 1.0 1.0 0.978 1.0 1.0 1.0 1.0 1.013 1.0 1.0 1.0 1.0 0.991 1.0 1.0 1.0 1.0 1.002 1.0 1.0 1.0 1.0 0.998 1.0 1.0 1.0 1.0 1.001 1.0 1.0 1.0 1.0 0.987 1.0 1.0 1.0 1.0 0.978 1.0 1.0 1.0 1.0 0.971 1.0 1.0 1.0 1.0 0.944 1.0 1.0 1.0 1.0 0.969 1.0 1.0 0.994 1.018 0.995 1.016 0.996 1.027 0.988 1.028 0.972 1.019 0.98 1.01 0.992 0.968 1.035 0.985 1.01 1.028 0.977 1.002 0.985 1.016 0.962 0.987 1.006 1.009 1.026 0.976 1.024 0.986 1.01 0.961 0.979 1.037 0.998 0.972 1.007 1.017 1.024 1.028 0.973 1.019 1.028 1.034 0.954 1.043 1.025 1.009 1.028 1.034 1.042 0.95 1.027 0.954 1.056 1.053 0.993 1.024 1.046 1.035 1.03 1.048 0.951 1.041 0.95 0.968 1.023 1.028 1.033 1.011 0.995 1.031 0.987 1.012 1.037 0.976 1.02 0.985 1.046 1.055 1.035 1.03 1.026 0.942 1.006 1.006 1.0 1.055 1.035 1.022 0.983 1.0 0.999 1.023 0.963 0.997 1.0 0.998 0.993 0.965 0.987 1.0 0.962 0.951 1.022 1.016 1.0 0.947 0.999 0.971 1.007 1.0 0.995 1.079 1.006 1.015 1.0 1.002 0.957 1.005 0.967 1.0 0.984 0.951 1.022 0.978 1.0 0.996 0.955 0.951 1.046 1.0 0.99 1.057 0.977 0.995 1.0 1.02 0.994 0.979 0.999 1.0 0.953 0.993 1.008 0.999 1.0 1.005 0.944 0.999 1.024 1.0 0.987 0.99 0.944 0.986 1.0 0.992 0.987 1.0 1.017 1.0 0.944 0.991 1.0 0.993 1.0 0.976 0.988 1.0 0.967 1.0 1.006 0.957 1.0 0.967 1.0 1.0 1.031 1.0 0.976 1.0 1.0 0.982 1.0 0.97 1.0 1.0 0.984 1.0 0.983 1.0 1.0 1.079 1.0 1.017 1.0 1.0 1.062 1.0 0.978 1.0 1.0 0.94 1.0 0.938 1.0 1.0 0.968 1.0 0.974 1.0 1.0 0.968 1.0 0.94 1.0 1.0 1.02 1.0 1.0 1.0 1.0 1.023 1.0 1.0 1.0 1.0 1.007 1.0 1.0 1.0 1.0 0.972 1.0 1.0 1.0 1.0 1.0 1.0 1.0 1.0 1.0 1.0 1.0 1.0 1.0 1.0 1.0 1.0 1.0 1.0 1.0 1.0 1.0 1.0 1.0 1.0 1.0 1.0 1.0 1.0 1.0 1.0 1.0 1.0 1.0 1.0 1.0 1.0 1.0 1.0 1.0 1.0 1.0 1.0 1.0 1.0 1.0 1.0 1.0 1.0 1.0 1.0 1.0 1.0 1.0 1.0 1.0 1.0 1.0 1.0 1.0 1.0 1.0 1.0 1.0 1.0 1.0 1.0 1.0 1.0 1.0 1.0 1.0 1.0 1.0 1.0 1.0 1.0 1.0 1.0 1.0 1.0 1.0 1.0 1.0 1.0 1.0 1.0 1.0 1.0 1.0 1.0 1.0 1.0 1.0 1.0 1.0 1.0 1.0 1.0 1.0 1.0 1.0 1.0 1.0 1.0 1.0 1.0 1.0 1.0 1.0 1.0 1.0 1.0 1.0 1.0 1.0 1.0 1.0 1.0 1.0 1.0 1.0 1.0 1.0 1.0 1.0 1.0 1.0 1.0 1.0 1.0 1.0 1.0 1.0 1.0 1.0 1.0 1.0 1.0 1.0 1.0 1.0 1.0 1.0 1.0 1.0 1.0 0.986 1.008 1.019 0.997 0.996 1.009 1.026 1.021 0.998 1.018 0.987 1.03 1.001 1.009 1.035 0.973 1.013 0.965 0.966 1.006 1.033 1.032 1.03 1.016 1.025 0.972 0.973 0.963 0.949 0.973 0.974 1.017 1.03 1.057 0.973 1.018 0.979 0.977 0.945 1.005 0.962 0.96 1.01 1.016 0.965 1.021 1.018 1.034 0.95 1.005 0.996 1.015 1.013 1.001 1.011 0.956 0.972 0.984 0.954 0.985 1.025 0.966 0.999 1.0 1.035 0.964 1.032 1.0 1.0 1.018 1.007 0.973 1.015 1.0 0.948 0.968 1.022 1.012 1.0 1.007 0.982 0.972 0.981 1.0 0.991 1.026 0.973 1.002 1.0 0.983 0.965 1.017 0.987 1.0 0.956 1.018 1.014 1.002 1.0 0.947 1.023 1.006 0.991 1.0 0.982 1.019 1.013 1.009 1.0 0.982 0.961 0.975 0.999 1.0 0.949 0.973 1.023 0.996 1.0 1.076 0.96 0.962 1.01 1.0 1.006 0.967 1.035 0.995 1.0 0.961 0.968 1.003 1.031 1.0 0.977 0.974 0.959 0.995 1.0 1.0 0.97 0.999 1.009 1.0 1.0 0.982 0.988 0.997 1.0 1.0 1.031 1.001 0.997 1.0 1.0 0.97 0.991 0.976 1.0 1.0 0.971 1.001 0.994 1.0 1.0 0.963 0.999 1.033 1.0 1.0 1.0 0.98 1.034 1.0 1.0 1.0 1.024 1.024 1.0 1.0 1.0 0.977 0.981 1.0 1.0 1.0 0.993 0.993 1.0 1.0 1.0 0.992 0.997 1.0 1.0 1.0 0.992 1.01 1.0 1.0 1.0 1.001 0.977 1.0 1.0 1.0 0.991 0.992 1.0 1.0 1.0 0.991 0.938 1.0 1.0 1.0 0.995 0.994 1.0 1.0 1.0 0.987 0.954 1.0 1.0 1.0 0.981 0.94 1.0 1.0 1.0 0.974 0.974 1.0 1.0 1.0 1.004 0.935 1.0 1.0 1.0 0.997 0.977 1.0 1.0 1.0 1.022 1.0 1.0 1.0 1.0 0.956 1.0 1.0 1.0 1.0 0.947 1.0 1.0 1.0 1.0 1.028 1.0 1.0 1.0 1.0 0.935 1.0 1.0 1.0 1.0 0.936 1.0 1.0 1.0 1.0 0.939 1.0 1.0 1.0 1.0 0.977 1.0 1.0 1.0 1.0 0.974 1.0 1.0 1.0 1.0 0.974 1.0 1.0 1.0 1.0 0.969 1.0 1.0 1.0 1.0 1.0 1.0 1.0 1.0 1.0 1.0 1.0 1.0 1.0 1.0 1.0 1.0 1.0 1.0 1.0 1.0 1.0 1.0 1.0 1.0 1.0 1.0 1.0 1.0 1.0 1.0 1.0 1.0 1.0 1.0 1.0 1.0 1.0 1.0 1.0 1.0 1.0 1.0 1.0 1.0 1.0 1.0 1.0 1.0 1.0 1.0 1.0 1.0 1.0 1.0 1.0 1.0 1.0 1.0 1.0 1.0 1.0 1.0 1.0 1.0 1.0 1.0 1.0 1.0 1.0 1.0 1.0 1.0 1.0 1.0 1.0 1.0 1.0 1.0 1.0 1.0 1.0 1.0 1.0 1.018 1.018 0.996 1.014 0.98 0.988 1.026 1.03 1.021 1.028 1.03 1.013 0.998 1.026 1.03 0.978 0.984 0.991 0.964 0.976 1.01 1.01 1.018 0.982 1.005 0.981 1.03 0.979 1.033 0.971 1.017 0.946 1.002 0.962 1.014 0.978 1.022 0.974 1.012 1.008 1.008 1.028 1.021 0.996 1.039 1.014 1.033 1.02 1.034 0.946 0.965 1.019 1.007 1.02 1.02 1.022 0.95 1.005 1.019 1.055 1.01 1.029 1.018 1.038 1.0 1.009 0.95 1.022 1.006 1.015 1.024 1.041 0.946 0.967 0.949 1.027 1.023 0.946 1.029 0.947 1.018 1.004 1.057 1.069 1.0 1.034 0.939 1.06 1.031 1.0 1.029 1.04 1.001 0.94 1.0 1.035 0.994 1.031 1.026 1.0 0.998 0.967 1.033 0.94 1.0 0.993 1.038 0.996 1.004 1.0 0.993 0.995 0.996 1.001 1.0 1.002 1.044 1.066 0.973 1.0 1.004 1.044 0.984 1.022 1.0 1.033 1.0 0.945 1.002 1.0 1.028 1.046 1.038 0.992 1.0 1.024 0.966 0.945 0.952 1.0 0.996 1.047 1.051 0.967 1.0 1.051 0.934 1.049 0.937 1.0 1.048 0.961 1.071 0.966 1.0 0.93 1.006 0.996 1.003 1.0 0.931 1.039 1.057 0.964 1.0 0.932 1.075 0.938 1.0 1.0 0.932 0.94 0.982 1.0 1.0 0.977 0.963 1.0 1.0 1.0 0.978 0.977 1.0 1.0 1.0 0.976 0.983 1.0 1.0 1.0 1.008 0.942 1.0 1.0 1.0 0.985 0.962 1.0 1.0 1.0 1.011 0.974 1.0 1.0 1.0 1.013 1.0 1.0 1.0 1.0 0.961 1.0 1.0 1.0 1.0 1.077 1.0 1.0 1.0 1.0 0.967 1.0 1.0 1.0 1.0 0.991 1.0 1.0 1.0 1.0 1.04 1.0 1.0 1.0 1.0 0.987 1.0 1.0 1.0 1.0 0.979 1.0 1.0 1.0 1.0 1.0 1.0 1.0 1.0 1.0 1.0 1.0 1.0 1.0 1.0 1.0 1.0 1.0 1.0 1.0 1.0 1.0 1.0 1.0 1.0 1.0 1.0 1.0 1.0 1.0 1.0 1.0 1.0 1.0 1.0 1.0 1.0 1.0 1.0 1.0 1.0 1.0 1.0 1.0 1.0 1.0 1.0 1.0 1.0 1.0 1.0 1.0 1.0 1.0 1.0 1.0 1.0 1.0 1.0 1.0 1.0 1.0 1.0 1.0 1.0 1.0 1.0 1.0 1.0 1.0 1.0 1.0 1.0 1.0 1.0 1.0 1.0 1.0 1.0 1.0 1.0 1.0 1.0 1.0 1.0 1.0 1.0 1.0 1.0 1.0 1.0 1.0 1.0 1.0 1.0 1.0 1.0 1.0 1.0 1.0 1.0 1.0 1.0 1.0 1.0 1.0 1.0 1.0 1.0 1.0 1.0 1.0 1.0 1.0 1.0 1.0 1.0 1.0 1.0 1.0 1.0 1.0 1.0 1.0 1.0 1.0 1.0 1.0 1.0 1.0 1.0 1.0 1.0 1.0 1.0 1.0 1.0 1.0 1.0 1.0 0.986 1.004 1.019 1.014 0.98 1.026 0.985 1.022 0.971 1.028 1.007 0.971 0.99 1.027 1.023 0.991 0.969 1.026 0.968 0.99 1.018 1.029 1.027 1.006 0.979 1.017 1.014 0.962 1.012 1.03 1.016 0.967 1.029 1.019 0.991 1.024 0.987 0.962 1.007 1.032 0.983 0.997 1.005 1.03 1.012 0.974 0.985 0.981 1.003 1.012 1.026 1.02 0.985 1.022 1.009 1.014 0.998 1.003 0.998 0.963 0.969 1.021 1.008 1.01 1.016 1.023 0.968 0.973 1.0 1.037 0.965 1.019 0.988 1.01 0.944 1.023 1.021 1.002 1.0 1.061 0.957 1.013 1.012 1.0 1.021 0.959 1.015 0.965 1.0 1.027 1.011 1.005 1.011 1.0 1.083 0.976 0.976 0.997 1.0 0.96 1.007 0.952 1.016 1.0 0.997 1.003 0.952 1.002 1.0 1.005 1.013 1.001 0.963 1.0 1.006 1.028 0.958 1.056 1.0 1.091 0.966 0.98 0.999 1.0 1.018 0.997 1.01 1.048 1.0 0.947 1.03 0.955 0.987 1.0 1.091 0.993 0.987 1.051 1.0 1.015 1.011 1.018 0.956 1.0 0.988 0.978 1.047 0.963 1.0 1.011 1.065 0.994 0.962 1.0 0.959 1.009 1.035 1.001 1.0 0.987 1.0 1.063 1.068 1.0 1.018 1.0 1.068 0.954 1.0 0.993 1.0 0.993 0.988 1.0 0.94 1.0 1.004 0.955 1.0 0.982 1.0 0.95 0.95 1.0 0.998 1.0 0.946 0.951 1.0 1.01 1.0 0.957 1.071 1.0 1.1 1.0 1.0 0.955 1.0 0.973 1.0 1.0 0.953 1.0 1.008 1.0 1.0 1.032 1.0 1.0 1.0 1.0 0.964 1.0 1.0 1.0 1.0 1.003 1.0 1.0 1.0 1.0 1.097 1.0 1.0 1.0 1.0 1.0 1.0 1.0 1.0 1.0 1.0 1.0 1.0 1.0 1.0 1.0 1.0 1.0 1.0 1.0 1.0 1.0 1.0 1.0 1.0 1.0 1.0 1.0 1.0 1.0 1.0 1.0 1.0 1.0 1.0 1.0 1.0 1.0 1.0 1.0 1.0 1.0 1.0 1.0 1.0 1.0 1.0 1.0 1.0 1.0 1.0 1.0 1.0 1.0 1.0 1.0 1.0 1.0 1.0 1.0 1.0 1.0 1.0 1.0 1.0 1.0 1.0 1.0 1.0 1.0 1.0 1.0 1.0 1.0 1.0 1.0 1.0 1.0 1.0 1.0 1.0 1.0 1.0 1.0 1.0 1.0 1.0 1.0 1.0 1.0 1.0 1.0 1.0 1.0 1.0 1.0 1.0 1.0 1.0 1.0 1.0 1.0 1.0 1.0 1.0 1.0 1.0 1.0 1.0 1.0 1.0 1.0 1.0 1.0 1.0 1.0 1.0 1.0 1.0 1.0 1.0 1.0 1.0 1.0 1.0 1.0 1.0 1.0 1.0 1.0 1.0 1.0 1.0 1.0 1.0 1.0 1.0 1.0 1.0 1.0 1.0 1.0 1.0 1.0 1.0 1.0 1.0 1.0 1.0 1.0 1.0 1.0 1.0 1.0 1.0 1.0 1.0 1.0,1.1043082,0.10430825,0.9245611,0.3,0.0884677916765213,0.0003,5,0.48404455
7,0.028556909412145615,0.9993356,1.006 1.01 0.994 0.995 0.995 0.988 1.029 1.027 0.967 0.966 1.011 1.034 0.99 1.029 1.006 1.037 0.96 0.953 0.984 0.978 1.016 1.026 0.986 1.044 1.018 1.013 0.959 1.036 1.011 1.046 1.018 0.958 1.014 0.968 1.052 0.986 0.968 1.041 1.012 1.018 1.02 1.027 1.004 0.955 0.93 0.995 0.959 1.016 1.036 0.982 1.028 0.959 1.017 1.038 0.942 0.986 1.022 1.016 1.013 0.998 0.975 0.967 0.956 1.023 1.0 1.032 1.028 0.944 0.968 1.0 1.007 1.03 1.009 1.02 1.0 1.03 1.049 1.016 1.02 1.0 1.091 0.973 1.07 1.007 1.0 1.089 0.971 1.028 0.932 1.0 1.01 0.958 1.005 1.012 1.0 1.0 0.972 0.953 0.961 1.0 1.04 0.958 0.97 1.022 1.0 0.995 1.026 1.0 0.959 1.0 0.95 0.956 1.0 0.948 1.0 0.949 1.012 1.0 0.952 1.0 0.93 0.999 1.0 0.954 1.0 1.002 0.999 1.0 0.955 1.0 0.954 1.037 1.0 0.952 1.0 0.997 0.989 1.0 1.01 1.0 1.029 0.999 1.0 1.021 1.0 0.916 0.936 1.0 0.997 1.0 0.914 1.034 1.0 0.963 1.0 1.022 1.022 1.0 1.005 1.0 1.124 1.025 1.0 0.993 1.0 1.0 0.994 1.0 0.998 1.0 1.0 0.986 1.0 0.96 1.0 1.0 0.994 1.0 1.022 1.0 1.0 0.972 1.0 0.955 1.0 1.0 0.936 1.0 0.964 1.0 1.0 1.022 1.0 1.0 1.0 1.0 1.093 1.0 1.0 1.0 1.0 0.994 1.0 1.0 1.0 1.0 0.961 1.0 1.0 1.0 1.0 0.962 1.0 1.0 1.0 1.0 0.964 1.0 1.0 1.0 1.0 0.977 1.0 1.0 1.0 1.0 0.964 1.0 1.0 1.0 1.0 1.0 1.0 1.0 1.0 1.0 1.0 1.0 1.0 1.0 1.0 1.0 1.0 1.0 1.0 1.0 1.0 1.0 1.0 1.0 1.0 1.0 1.0 1.0 1.0 1.0 1.0 1.0 1.0 1.0 1.0 1.0 1.0 1.0 1.0 1.0 1.0 1.0 1.0 1.0 1.0 1.0 1.0 1.0 1.0 1.0 1.0 1.0 1.0 1.0 1.0 1.0 1.0 1.0 1.0 1.0 1.0 1.0 1.0 1.0 1.0 1.0 1.0 1.0 1.0 1.0 1.0 1.0 1.0 1.0 1.0 1.0 1.0 1.0 1.0 1.0 1.0 1.0 1.0 1.0 1.0 1.0 1.0 1.0 1.0 1.0 1.0 1.0 1.0 1.0 1.0 1.0 1.0 1.0 1.0 1.0 1.0 1.0 1.0 1.0 1.0 1.0 1.0 1.0 1.0 1.0 1.0 1.0 1.0 1.0 1.0 1.0 1.0 1.0 1.0 1.0 1.0 1.0 1.0 1.0 1.0 1.0 1.0 1.0 1.0 1.0 1.0 1.0 1.0 1.0 1.0 1.0 1.0 1.0 1.0 1.0 1.0 1.0 1.0 1.0 1.0 1.0 1.0 1.0 1.0 1.0 1.0 1.0 1.0 1.0 1.001 0.99 1.018 0.995 0.995 1.031 0.982 0.988 0.969 0.999 1.01 1.015 1.004 0.965 1.029 1.018 0.965 0.983 0.963 1.001 1.0 1.02 1.005 0.973 0.971 1.026 0.967 1.033 1.015 0.956 0.944 1.028 0.98 1.016 0.959 1.024 1.019 1.013 1.035 0.957 0.943 0.958 1.03 0.939 1.048 0.944 1.001 1.011 0.951 1.05 0.945 0.959 0.959 0.965 0.934 1.024 0.96 0.984 1.028 0.936 1.08 0.998 1.023 0.934 0.988 0.998 1.017 1.038 0.941 1.069 0.988 1.01 1.015 1.068 0.944 0.998 1.004 1.008 0.93 1.066 0.991 1.0 0.953 0.932 0.946 1.0 1.018 1.018 0.994 0.949 1.0 1.002 0.952 0.934 1.034 1.0 1.005 1.065 0.987 0.994 1.0 0.981 0.934 0.931 0.944 1.0 0.983 0.989 0.983 1.0 1.0 1.019 0.995 0.995 1.0 1.0 0.976 0.977 0.994 1.0 1.0 1.036 0.957 0.987 1.0 1.0 1.012 0.947 0.94 1.0 1.0 1.042 0.927 1.043 1.0 1.0 0.988 0.976 0.972 1.0 1.0 0.981 1.046 0.947 1.0 1.0 0.99 0.998 1.0 1.0 1.0 1.026 0.949 1.0 1.0 1.0 0.976 0.923 1.0 1.0 1.0 0.97 0.946 1.0 1.0 1.0 0.991 1.091 1.0 1.0 1.0 0.965 1.0 1.0 1.0 1.0 0.964 1.0 1.0 1.0 1.0 0.987 1.0 1.0 1.0 1.0 1.008 1.0 1.0 1.0 1.0 0.986 1.0 1.0 1.0 1.0 1.001 1.0 1.0 1.0 1.0 1.006 1.0 1.0 1.0 1.0 0.944 1.0 1.0 1.0 1.0 1.005 1.0 1.0 1.0 1.0 0.995 1.0 1.0 1.0 1.0 1.043 1.0 1.0 1.0 1.0 0.952 1.0 1.0 1.0 1.0 1.109 1.0 1.0 1.0 1.0 1.079 1.0 1.0 1.0 1.0 0.944 1.0 1.0 1.0 1.0 1.0 1.0 1.0 1.0 1.0 1.0 1.0 1.0 1.0 1.0 1.0 1.0 1.0 1.0 1.0 1.0 1.0 1.0 1.0 1.0 1.0 1.0 1.0 1.0 1.0 1.0 1.0 1.0 1.0 1.0 1.0 1.0 1.0 1.0 1.0 1.0 1.0 1.0 1.0 1.0 1.0 1.0 1.0 1.0 1.0 1.0 1.0 1.0 1.0 1.0 1.0 1.0 1.0 1.0 1.0 1.0 1.0 1.0 1.0 1.0 1.0 1.0 1.0 1.0 1.0 1.0 1.0 1.0 1.0 1.0 1.0 1.0 1.0 1.0 1.0 1.0 1.0 1.0 1.0 1.0 1.0 1.0 1.0 1.0 1.0 1.0 1.0 1.0 1.0 1.0 1.0 1.0 1.0 1.0 1.0 1.0 1.0 1.0 1.0 1.0 1.0 1.0 1.0 1.0 1.0 1.0 1.0 1.0 1.0 1.0 1.0 1.0 1.0 1.0 1.0 1.0 1.0 1.0 1.0 1.0 1.0 1.0 1.0 1.0 1.0 1.0 1.0 1.0 1.0 1.0 1.0 1.0 1.0 1.0 1.022 1.01 0.974 1.017 0.977 0.987 0.984 1.027 0.99 0.967 1.035 1.036 0.985 1.028 1.033 0.98 1.016 1.04 1.031 0.976 1.033 1.02 1.042 0.983 0.972 0.987 0.981 0.982 1.034 1.036 1.023 0.975 1.013 0.954 0.968 0.981 0.983 1.007 0.978 1.036 1.013 1.01 1.023 1.034 0.947 1.016 1.022 1.009 0.978 1.029 0.996 1.033 1.024 1.021 1.022 0.965 0.951 1.002 0.997 0.935 0.998 1.017 1.055 0.952 0.94 1.015 1.012 0.933 1.026 0.994 1.017 1.037 0.987 1.032 0.961 1.006 1.072 0.944 1.03 0.963 1.034 1.076 0.992 1.03 1.017 0.949 1.001 0.978 1.032 0.999 0.952 0.937 0.974 0.938 1.011 1.022 0.936 0.937 0.975 1.063 0.965 0.926 1.084 1.02 0.971 1.018 0.996 1.0 0.991 0.982 0.956 0.927 1.0 0.957 0.963 1.006 0.951 1.0 1.023 1.0 0.956 1.049 1.0 1.091 1.0 0.946 0.953 1.0 0.983 1.0 0.954 1.095 1.0 1.015 1.0 0.966 1.004 1.0 0.991 1.0 0.982 0.978 1.0 1.022 1.0 1.015 1.03 1.0 0.946 1.0 1.002 0.978 1.0 0.981 1.0 0.996 0.963 1.0 1.0 1.0 0.951 0.977 1.0 1.0 1.0 1.012 0.931 1.0 1.0 1.0 1.019 0.953 1.0 1.0 1.0 0.992 0.962 1.0 1.0 1.0 0.966 0.957 1.0 1.0 1.0 1.02 0.997 1.0 1.0 1.0 0.974 1.0 1.0 1.0 1.0 1.003 1.0 1.0 1.0 1.0 0.992 1.0 1.0 1.0 1.0 0.988 1.0 1.0 1.0 1.0 0.976 1.0 1.0 1.0 1.0 0.966 1.0 1.0 1.0 1.0 1.072 1.0 1.0 1.0 1.0 1.066 1.0 1.0 1.0 1.0 1.085 1.0 1.0 1.0 1.0 1.017 1.0 1.0 1.0 1.0 0.959 1.0 1.0 1.0 1.0 0.965 1.0 1.0 1.0 1.0 1.096 1.0 1.0 1.0 1.0 0.954 1.0 1.0 1.0 1.0 1.0 1.0 1.0 1.0 1.0 1.0 1.0 1.0 1.0 1.0 1.0 1.0 1.0 1.0 1.0 1.0 1.0 1.0 1.0 1.0 1.0 1.0 1.0 1.0 1.0 1.0 1.0 1.0 1.0 1.0 1.0 1.0 1.0 1.0 1.0 1.0 1.0 1.0 1.0 1.0 1.0 1.0 1.0 1.0 1.0 1.0 1.0 1.0 1.0 1.0 1.0 1.0 1.0 1.0 1.0 1.0 1.0 1.0 1.0 1.0 1.0 1.0 1.0 1.0 1.0 1.0 1.0 1.0 1.0 1.0 1.0 1.0 1.0 1.0 1.0 1.0 1.0 1.0 1.0 1.0 1.0 1.0 1.0 1.0 1.0 1.0 1.0 1.0 1.0 1.0 1.0 1.0 1.0 1.0 1.0 1.0 1.0 1.0 1.0 1.0 1.0 1.0 1.0 1.0 1.0 1.0 1.0 1.0 1.0 1.0 1.0 1.0 1.0 1.0 1.0 1.0 1.0 1.0 1.0 1.0 1.022 1.004 0.974 1.017 1.015 0.978 0.985 1.033 0.998 0.966 0.981 1.012 0.989 1.0 0.99 0.974 1.014 1.032 0.977 1.042 0.983 1.016 1.005 1.015 0.993 1.021 1.027 1.034 0.961 1.017 1.008 1.016 1.033 1.049 0.963 0.95 1.025 1.031 1.05 1.035 1.028 0.977 1.032 1.015 1.039 0.988 0.963 0.958 1.024 1.021 1.035 1.016 1.001 1.01 1.102 1.048 1.041 1.002 1.097 1.108 1.087 1.004 0.994 0.988 1.029 1.037 1.026 1.027 1.07 0.987 1.087 1.042 1.009 1.099 1.072 0.995 1.087 1.029 1.072 0.938 1.095 0.917 1.049 0.978 1.037 1.047 1.034 0.987 1.109 0.953 0.922 1.042 1.02 0.95 1.005 0.998 1.088 1.008 0.938 1.11 1.088 0.927 1.031 1.0 1.11 0.995 0.993 1.021 0.945 0.94 1.052 1.036 1.024 0.953 1.033 1.035 0.966 0.998 1.095 0.972 1.033 0.968 1.004 1.096 0.969 0.994 1.105 0.977 0.956 0.954 1.097 0.959 0.975 1.013 1.106 1.027 0.969 0.999 0.98 1.068 0.99 1.107 1.0 0.957 0.931 0.943 1.0 0.997 0.911 1.0 0.936 1.0 1.0 1.0 1.0 0.94 1.0 0.977 1.0 1.0 0.945 1.0 0.998 1.0 1.0 1.041 1.0 1.0 1.0 1.0 1.101 1.0 1.041 1.0 1.0 0.972 1.0 0.999 1.0 1.0 1.103 1.0 0.974 1.0 1.0 0.984 1.0 0.973 1.0 1.0 1.002 1.0 0.973 1.0 1.0 0.961 1.0 0.973 1.0 1.0 1.0 1.0 0.985 1.0 1.0 1.0 1.0 1.045 1.0 1.0 1.0 1.0 1.031 1.0 1.0 1.0 1.0 1.004 1.0 1.0 1.0 1.0 1.01 1.0 1.0 1.0 1.0 1.012 1.0 1.0 1.0 1.0 1.002 1.0 1.0 1.0 1.0 1.009 1.0 1.0 1.0 1.0 1.006 1.0 1.0 1.0 1.0 1.0 1.0 1.0 1.0 1.0 0.978 1.0 1.0 1.0 1.0 0.991 1.0 1.0 1.0 1.0 0.992 1.0 1.0 1.0 1.0 0.987 1.0 1.0 1.0 1.0 0.998 1.0 1.0 1.0 1.0 1.015 1.0 1.0 1.0 1.0 1.007 1.0 1.0 1.0 1.0 1.011 1.0 1.0 1.0 1.0 0.982 1.0 1.0 1.0 1.0 0.999 1.0 1.0 1.0 1.0 1.01 1.0 1.0 1.0 1.0 1.006 1.0 1.0 1.0 1.0 0.979 1.0 1.0 1.0 1.0 0.974 1.0 1.0 1.0 1.0 0.991 1.0 1.0 1.0 1.0 0.974 1.0 1.0 1.0 1.0 1.015 1.0 1.0 1.0 1.0 0.99 1.0 1.0 1.0 1.0 1.002 1.0 1.0 1.0 1.0 0.998 1.0 1.0 1.0 1.0 1.001 1.0 1.0 1.0 1.0 0.984 1.0 1.0 1.0 1.0 0.974 1.0 1.0 1.0 1.0 0.966 1.0 1.0 1.0 1.0 0.933 1.0 1.0 1.0 1.0 0.964 1.0 1.0 0.992 1.021 0.994 1.019 0.995 1.032 0.985 1.034 0.967 1.022 0.976 1.012 0.991 0.963 1.042 0.982 1.013 1.033 0.972 1.002 0.983 1.019 0.956 0.984 1.007 1.01 1.03 0.972 1.028 0.984 1.012 0.954 0.975 1.044 0.997 0.967 1.008 1.02 1.028 1.033 0.969 1.022 1.033 1.04 0.946 1.05 1.03 1.01 1.033 1.04 1.05 0.942 1.032 0.946 1.067 1.063 0.991 1.028 1.054 1.041 1.036 1.057 0.942 1.048 0.942 0.962 1.026 1.033 1.039 1.013 0.994 1.037 0.985 1.014 1.043 0.972 1.023 0.982 1.054 1.066 1.041 1.036 1.03 0.932 1.007 1.007 1.0 1.065 1.041 1.026 0.979 1.0 0.998 1.026 0.956 0.996 1.0 0.997 0.991 0.958 0.985 1.0 0.955 0.942 1.026 1.019 1.0 0.937 0.998 0.966 1.008 1.0 0.994 1.094 1.006 1.017 1.0 1.002 0.949 1.006 0.961 1.0 0.982 0.942 1.026 0.974 1.0 0.995 0.946 0.942 1.054 1.0 0.988 1.068 0.973 0.994 1.0 1.023 0.993 0.976 0.999 1.0 0.944 0.992 1.009 0.999 1.0 1.006 0.934 0.999 1.028 1.0 0.984 0.988 0.934 0.983 1.0 0.99 0.985 1.0 1.021 1.0 0.934 0.989 1.0 0.991 1.0 0.971 0.986 1.0 0.961 1.0 1.007 0.949 1.0 0.961 1.0 1.0 1.036 1.0 0.971 1.0 1.0 0.979 1.0 0.965 1.0 1.0 0.98 1.0 0.979 1.0 1.0 1.094 1.0 1.02 1.0 1.0 1.073 1.0 0.973 1.0 1.0 0.93 1.0 0.927 1.0 1.0 0.962 1.0 0.969 1.0 1.0 0.962 1.0 0.929 1.0 1.0 1.024 1.0 1.0 1.0 1.0 1.027 1.0 1.0 1.0 1.0 1.007 1.0 1.0 1.0 1.0 0.966 1.0 1.0 1.0 1.0 1.0 1.0 1.0 1.0 1.0 1.0 1.0 1.0 1.0 1.0 1.0 1.0 1.0 1.0 1.0 1.0 1.0 1.0 1.0 1.0 1.0 1.0 1.0 1.0 1.0 1.0 1.0 1.0 1.0 1.0 1.0 1.0 1.0 1.0 1.0 1.0 1.0 1.0 1.0 1.0 1.0 1.0 1.0 1.0 1.0 1.0 1.0 1.0 1.0 1.0 1.0 1.0 1.0 1.0 1.0 1.0 1.0 1.0 1.0 1.0 1.0 1.0 1.0 1.0 1.0 1.0 1.0 1.0 1.0 1.0 1.0 1.0 1.0 1.0 1.0 1.0 1.0 1.0 1.0 1.0 1.0 1.0 1.0 1.0 1.0 1.0 1.0 1.0 1.0 1.0 1.0 1.0 1.0 1.0 1.0 1.0 1.0 1.0 1.0 1.0 1.0 1.0 1.0 1.0 1.0 1.0 1.0 1.0 1.0 1.0 1.0 1.0 1.0 1.0 1.0 1.0 1.0 1.0 1.0 1.0 1.0 1.0 1.0 1.0 1.0 1.0 1.0 1.0 1.0 1.0 1.0 1.0 1.0 1.0 1.0 1.0 1.0 1.0 1.0 1.0 1.0 1.0 0.983 1.01 1.023 0.997 0.995 1.01 1.031 1.025 0.998 1.021 0.985 1.035 1.001 1.011 1.041 0.968 1.015 0.958 0.961 1.007 1.04 1.038 1.035 1.019 1.029 0.967 0.968 0.956 0.94 0.968 0.969 1.02 1.035 1.068 0.968 1.021 0.975 0.973 0.936 1.005 0.956 0.953 1.012 1.019 0.959 1.025 1.022 1.041 0.942 1.006 0.995 1.018 1.015 1.0 1.013 0.948 0.968 0.981 0.946 0.982 1.029 0.96 0.998 1.0 1.042 0.957 1.038 1.0 1.0 1.022 1.009 0.968 1.018 1.0 0.939 0.962 1.025 1.014 1.0 1.008 0.979 0.967 0.977 1.0 0.99 1.031 0.968 1.003 1.0 0.98 0.958 1.02 0.985 1.0 0.949 1.021 1.016 1.002 1.0 0.937 1.026 1.007 0.99 1.0 0.978 1.022 1.016 1.011 1.0 0.979 0.954 0.971 0.999 1.0 0.94 0.968 1.028 0.996 1.0 1.091 0.953 0.956 1.012 1.0 1.006 0.962 1.041 0.995 1.0 0.954 0.962 1.003 1.037 1.0 0.972 0.969 0.952 0.994 1.0 1.0 0.964 0.998 1.01 1.0 1.0 0.978 0.986 0.996 1.0 1.0 1.036 1.002 0.996 1.0 1.0 0.964 0.989 0.971 1.0 1.0 0.966 1.001 0.992 1.0 1.0 0.956 0.999 1.039 1.0 1.0 1.0 0.976 1.04 1.0 1.0 1.0 1.029 1.029 1.0 1.0 1.0 0.973 0.978 1.0 1.0 1.0 0.992 0.992 1.0 1.0 1.0 0.991 0.997 1.0 1.0 1.0 0.99 1.012 1.0 1.0 1.0 1.001 0.974 1.0 1.0 1.0 0.99 0.99 1.0 1.0 1.0 0.99 0.926 1.0 1.0 1.0 0.994 0.992 1.0 1.0 1.0 0.985 0.945 1.0 1.0 1.0 0.978 0.93 1.0 1.0 1.0 0.97 0.968 1.0 1.0 1.0 1.005 0.924 1.0 1.0 1.0 0.996 0.973 1.0 1.0 1.0 1.026 1.0 1.0 1.0 1.0 0.948 1.0 1.0 1.0 1.0 0.938 1.0 1.0 1.0 1.0 1.032 1.0 1.0 1.0 1.0 0.923 1.0 1.0 1.0 1.0 0.924 1.0 1.0 1.0 1.0 0.928 1.0 1.0 1.0 1.0 0.973 1.0 1.0 1.0 1.0 0.969 1.0 1.0 1.0 1.0 0.969 1.0 1.0 1.0 1.0 0.963 1.0 1.0 1.0 1.0 1.0 1.0 1.0 1.0 1.0 1.0 1.0 1.0 1.0 1.0 1.0 1.0 1.0 1.0 1.0 1.0 1.0 1.0 1.0 1.0 1.0 1.0 1.0 1.0 1.0 1.0 1.0 1.0 1.0 1.0 1.0 1.0 1.0 1.0 1.0 1.0 1.0 1.0 1.0 1.0 1.0 1.0 1.0 1.0 1.0 1.0 1.0 1.0 1.0 1.0 1.0 1.0 1.0 1.0 1.0 1.0 1.0 1.0 1.0 1.0 1.0 1.0 1.0 1.0 1.0 1.0 1.0 1.0 1.0 1.0 1.0 1.0 1.0 1.0 1.0 1.0 1.0 1.0 1.0 1.022 1.021 0.996 1.017 0.977 0.986 1.032 1.036 1.025 1.033 1.036 1.015 0.998 1.031 1.035 0.974 0.981 0.99 0.958 0.971 1.012 1.012 1.021 0.978 1.006 0.978 1.035 0.975 1.04 0.966 1.021 0.936 1.002 0.955 1.016 0.974 1.026 0.97 1.014 1.01 1.009 1.033 1.025 0.995 1.046 1.017 1.039 1.023 1.04 0.936 0.959 1.023 1.008 1.024 1.023 1.026 0.941 1.006 1.023 1.065 1.011 1.034 1.02 1.045 0.999 1.011 0.941 1.026 1.006 1.018 1.028 1.049 0.936 0.961 0.94 1.031 1.027 0.936 1.034 0.938 1.021 1.004 1.067 1.083 1.0 1.04 0.929 1.071 1.037 1.0 1.034 1.047 1.001 0.929 1.0 1.042 0.993 1.036 1.03 1.0 0.997 0.961 1.04 0.93 1.0 0.992 1.045 0.995 1.004 1.0 0.992 0.994 0.995 1.0 1.0 1.002 1.052 1.078 0.968 1.0 1.005 1.052 0.981 1.026 1.0 1.039 1.0 0.935 1.002 1.0 1.032 1.054 1.045 0.99 1.0 1.028 0.96 0.935 0.943 1.0 0.995 1.056 1.061 0.961 1.0 1.06 0.923 1.058 0.925 1.0 1.057 0.953 1.084 0.96 1.0 0.918 1.007 0.994 1.004 1.0 0.919 1.046 1.068 0.958 1.0 0.92 1.089 0.927 1.0 1.0 0.92 0.929 0.979 1.0 1.0 0.973 0.956 1.0 1.0 1.0 0.973 0.973 1.0 1.0 1.0 0.971 0.979 1.0 1.0 1.0 1.009 0.931 1.0 1.0 1.0 0.982 0.956 1.0 1.0 1.0 1.013 0.969 1.0 1.0 1.0 1.016 1.0 1.0 1.0 1.0 0.954 1.0 1.0 1.0 1.0 1.092 1.0 1.0 1.0 1.0 0.961 1.0 1.0 1.0 1.0 0.989 1.0 1.0 1.0 1.0 1.047 1.0 1.0 1.0 1.0 0.984 1.0 1.0 1.0 1.0 0.975 1.0 1.0 1.0 1.0 1.0 1.0 1.0 1.0 1.0 1.0 1.0 1.0 1.0 1.0 1.0 1.0 1.0 1.0 1.0 1.0 1.0 1.0 1.0 1.0 1.0 1.0 1.0 1.0 1.0 1.0 1.0 1.0 1.0 1.0 1.0 1.0 1.0 1.0 1.0 1.0 1.0 1.0 1.0 1.0 1.0 1.0 1.0 1.0 1.0 1.0 1.0 1.0 1.0 1.0 1.0 1.0 1.0 1.0 1.0 1.0 1.0 1.0 1.0 1.0 1.0 1.0 1.0 1.0 1.0 1.0 1.0 1.0 1.0 1.0 1.0 1.0 1.0 1.0 1.0 1.0 1.0 1.0 1.0 1.0 1.0 1.0 1.0 1.0 1.0 1.0 1.0 1.0 1.0 1.0 1.0 1.0 1.0 1.0 1.0 1.0 1.0 1.0 1.0 1.0 1.0 1.0 1.0 1.0 1.0 1.0 1.0 1.0 1.0 1.0 1.0 1.0 1.0 1.0 1.0 1.0 1.0 1.0 1.0 1.0 1.0 1.0 1.0 1.0 1.0 1.0 1.0 1.0 1.0 1.0 1.0 1.0 1.0 1.0 1.0 0.983 1.004 1.023 1.017 0.977 1.031 0.982 1.026 0.966 1.034 1.009 0.966 0.988 1.032 1.027 0.989 0.963 1.03 0.962 0.988 1.021 1.035 1.032 1.008 0.975 1.02 1.016 0.955 1.014 1.035 1.019 0.961 1.034 1.022 0.989 1.029 0.985 0.955 1.007 1.038 0.98 0.997 1.006 1.035 1.014 0.97 0.982 0.978 1.003 1.014 1.031 1.024 0.982 1.026 1.01 1.017 0.997 1.004 0.997 0.957 0.964 1.025 1.01 1.011 1.018 1.027 0.962 0.968 1.0 1.043 0.958 1.022 0.986 1.011 0.935 1.028 1.025 1.002 1.0 1.072 0.95 1.015 1.015 1.0 1.025 0.952 1.018 0.959 1.0 1.032 1.013 1.005 1.012 1.0 1.099 0.972 0.972 0.997 1.0 0.953 1.009 0.943 1.019 1.0 0.996 1.004 0.943 1.002 1.0 1.006 1.015 1.001 0.956 1.0 1.006 1.033 0.951 1.066 1.0 1.109 0.96 0.977 0.999 1.0 1.021 0.997 1.011 1.057 1.0 0.937 1.035 0.947 0.985 1.0 1.109 0.992 0.985 1.06 1.0 1.017 1.013 1.022 0.948 1.0 0.986 0.974 1.056 0.956 1.0 1.013 1.078 0.993 0.955 1.0 0.951 1.01 1.042 1.001 1.0 0.984 1.0 1.075 1.081 1.0 1.02 1.0 1.081 0.946 1.0 0.992 1.0 0.991 0.985 1.0 0.929 1.0 1.005 0.947 1.0 0.978 1.0 0.941 0.941 1.0 0.997 1.0 0.936 0.943 1.0 1.011 1.0 0.949 1.084 1.0 1.119 1.0 1.0 0.947 1.0 0.967 1.0 1.0 0.944 1.0 1.009 1.0 1.0 1.038 1.0 1.0 1.0 1.0 0.957 1.0 1.0 1.0 1.0 1.004 1.0 1.0 1.0 1.0 1.115 1.0 1.0 1.0 1.0 1.0 1.0 1.0 1.0 1.0 1.0 1.0 1.0 1.0 1.0 1.0 1.0 1.0 1.0 1.0 1.0 1.0 1.0 1.0 1.0 1.0 1.0 1.0 1.0 1.0 1.0 1.0 1.0 1.0 1.0 1.0 1.0 1.0 1.0 1.0 1.0 1.0 1.0 1.0 1.0 1.0 1.0 1.0 1.0 1.0 1.0 1.0 1.0 1.0 1.0 1.0 1.0 1.0 1.0 1.0 1.0 1.0 1.0 1.0 1.0 1.0 1.0 1.0 1.0 1.0 1.0 1.0 1.0 1.0 1.0 1.0 1.0 1.0 1.0 1.0 1.0 1.0 1.0 1.0 1.0 1.0 1.0 1.0 1.0 1.0 1.0 1.0 1.0 1.0 1.0 1.0 1.0 1.0 1.0 1.0 1.0 1.0 1.0 1.0 1.0 1.0 1.0 1.0 1.0 1.0 1.0 1.0 1.0 1.0 1.0 1.0 1.0 1.0 1.0 1.0 1.0 1.0 1.0 1.0 1.0 1.0 1.0 1.0 1.0 1.0 1.0 1.0 1.0 1.0 1.0 1.0 1.0 1.0 1.0 1.0 1.0 1.0 1.0 1.0 1.0 1.0 1.0 1.0 1.0 1.0 1.0 1.0 1.0 1.0 1.0 1.0 1.0 1.0,1.1244497,0.12444973,0.91123307,0.3,0.10463616251945496,0.0003,5,0.5769541
8,0.03323414549231529,0.99922454,1.007 1.011 0.993 0.994 0.995 0.986 1.034 1.032 0.962 0.961 1.013 1.04 0.988 1.033 1.007 1.043 0.954 0.946 0.981 0.975 1.019 1.03 0.983 1.051 1.021 1.015 0.953 1.042 1.012 1.053 1.02 0.952 1.016 0.963 1.06 0.984 0.963 1.047 1.013 1.02 1.023 1.031 1.005 0.948 0.919 0.995 0.952 1.019 1.042 0.978 1.032 0.953 1.02 1.044 0.933 0.984 1.026 1.018 1.015 0.997 0.971 0.962 0.949 1.027 1.0 1.037 1.032 0.936 0.963 1.0 1.008 1.035 1.01 1.023 1.0 1.034 1.057 1.018 1.023 1.0 1.105 0.968 1.082 1.008 1.0 1.103 0.967 1.032 0.921 1.0 1.011 0.952 1.005 1.013 1.0 1.0 0.967 0.946 0.955 1.0 1.046 0.951 0.965 1.025 1.0 0.994 1.03 1.0 0.953 1.0 0.943 0.949 1.0 0.94 1.0 0.941 1.014 1.0 0.944 1.0 0.92 0.999 1.0 0.947 1.0 1.001 0.999 1.0 0.949 1.0 0.947 1.042 1.0 0.944 1.0 0.996 0.987 1.0 1.012 1.0 1.034 0.999 1.0 1.024 1.0 0.904 0.926 1.0 0.996 1.0 0.902 1.04 1.0 0.957 1.0 1.024 1.026 1.0 1.005 1.0 1.145 1.028 1.0 0.991 1.0 1.0 0.992 1.0 0.997 1.0 1.0 0.984 1.0 0.954 1.0 1.0 0.993 1.0 1.025 1.0 1.0 0.967 1.0 0.949 1.0 1.0 0.926 1.0 0.958 1.0 1.0 1.025 1.0 1.0 1.0 1.0 1.109 1.0 1.0 1.0 1.0 0.993 1.0 1.0 1.0 1.0 0.955 1.0 1.0 1.0 1.0 0.956 1.0 1.0 1.0 1.0 0.958 1.0 1.0 1.0 1.0 0.973 1.0 1.0 1.0 1.0 0.958 1.0 1.0 1.0 1.0 1.0 1.0 1.0 1.0 1.0 1.0 1.0 1.0 1.0 1.0 1.0 1.0 1.0 1.0 1.0 1.0 1.0 1.0 1.0 1.0 1.0 1.0 1.0 1.0 1.0 1.0 1.0 1.0 1.0 1.0 1.0 1.0 1.0 1.0 1.0 1.0 1.0 1.0 1.0 1.0 1.0 1.0 1.0 1.0 1.0 1.0 1.0 1.0 1.0 1.0 1.0 1.0 1.0 1.0 1.0 1.0 1.0 1.0 1.0 1.0 1.0 1.0 1.0 1.0 1.0 1.0 1.0 1.0 1.0 1.0 1.0 1.0 1.0 1.0 1.0 1.0 1.0 1.0 1.0 1.0 1.0 1.0 1.0 1.0 1.0 1.0 1.0 1.0 1.0 1.0 1.0 1.0 1.0 1.0 1.0 1.0 1.0 1.0 1.0 1.0 1.0 1.0 1.0 1.0 1.0 1.0 1.0 1.0 1.0 1.0 1.0 1.0 1.0 1.0 1.0 1.0 1.0 1.0 1.0 1.0 1.0 1.0 1.0 1.0 1.0 1.0 1.0 1.0 1.0 1.0 1.0 1.0 1.0 1.0 1.0 1.0 1.0 1.0 1.0 1.0 1.0 1.0 1.0 1.0 1.0 1.0 1.0 1.0 1.0 1.001 0.988 1.02 0.994 0.995 1.036 0.979 0.986 0.964 0.998 1.011 1.016 1.004 0.959 1.033 1.02 0.96 0.98 0.957 1.001 0.999 1.023 1.006 0.968 0.967 1.029 0.962 1.038 1.017 0.949 0.936 1.033 0.977 1.018 0.953 1.027 1.022 1.016 1.041 0.95 0.934 0.952 1.034 0.93 1.056 0.936 1.002 1.012 0.943 1.058 0.936 0.953 0.953 0.96 0.924 1.027 0.954 0.982 1.033 0.927 1.093 0.998 1.026 0.924 0.985 0.997 1.019 1.044 0.932 1.08 0.986 1.012 1.017 1.08 0.936 0.997 1.004 1.009 0.919 1.076 0.99 1.0 0.946 0.922 0.938 1.0 1.021 1.021 0.993 0.942 1.0 1.002 0.945 0.924 1.039 1.0 1.006 1.076 0.985 0.993 1.0 0.978 0.924 0.921 0.936 1.0 0.98 0.987 0.98 1.0 1.0 1.022 0.994 0.994 1.0 1.0 0.973 0.972 0.993 1.0 1.0 1.042 0.951 0.984 1.0 1.0 1.014 0.939 0.931 1.0 1.0 1.048 0.916 1.049 1.0 1.0 0.986 0.972 0.967 1.0 1.0 0.978 1.053 0.939 1.0 1.0 0.988 0.998 1.0 1.0 1.0 1.031 0.941 1.0 1.0 1.0 0.972 0.911 1.0 1.0 1.0 0.965 0.937 1.0 1.0 1.0 0.989 1.106 1.0 1.0 1.0 0.959 1.0 1.0 1.0 1.0 0.958 1.0 1.0 1.0 1.0 0.985 1.0 1.0 1.0 1.0 1.01 1.0 1.0 1.0 1.0 0.984 1.0 1.0 1.0 1.0 1.001 1.0 1.0 1.0 1.0 1.007 1.0 1.0 1.0 1.0 0.935 1.0 1.0 1.0 1.0 1.006 1.0 1.0 1.0 1.0 0.994 1.0 1.0 1.0 1.0 1.05 1.0 1.0 1.0 1.0 0.944 1.0 1.0 1.0 1.0 1.127 1.0 1.0 1.0 1.0 1.092 1.0 1.0 1.0 1.0 0.935 1.0 1.0 1.0 1.0 1.0 1.0 1.0 1.0 1.0 1.0 1.0 1.0 1.0 1.0 1.0 1.0 1.0 1.0 1.0 1.0 1.0 1.0 1.0 1.0 1.0 1.0 1.0 1.0 1.0 1.0 1.0 1.0 1.0 1.0 1.0 1.0 1.0 1.0 1.0 1.0 1.0 1.0 1.0 1.0 1.0 1.0 1.0 1.0 1.0 1.0 1.0 1.0 1.0 1.0 1.0 1.0 1.0 1.0 1.0 1.0 1.0 1.0 1.0 1.0 1.0 1.0 1.0 1.0 1.0 1.0 1.0 1.0 1.0 1.0 1.0 1.0 1.0 1.0 1.0 1.0 1.0 1.0 1.0 1.0 1.0 1.0 1.0 1.0 1.0 1.0 1.0 1.0 1.0 1.0 1.0 1.0 1.0 1.0 1.0 1.0 1.0 1.0 1.0 1.0 1.0 1.0 1.0 1.0 1.0 1.0 1.0 1.0 1.0 1.0 1.0 1.0 1.0 1.0 1.0 1.0 1.0 1.0 1.0 1.0 1.0 1.0 1.0 1.0 1.0 1.0 1.0 1.0 1.0 1.0 1.0 1.0 1.0 1.0 1.025 1.011 0.97 1.019 0.973 0.985 0.982 1.031 0.989 0.962 1.041 1.043 0.983 1.032 1.039 0.977 1.018 1.047 1.036 0.972 1.039 1.023 1.049 0.98 0.967 0.985 0.978 0.979 1.039 1.042 1.026 0.972 1.015 0.947 0.963 0.978 0.98 1.008 0.974 1.041 1.015 1.011 1.027 1.04 0.939 1.018 1.026 1.01 0.974 1.034 0.995 1.038 1.028 1.024 1.025 0.959 0.944 1.002 0.996 0.925 0.998 1.019 1.064 0.945 0.932 1.018 1.013 0.923 1.03 0.993 1.02 1.042 0.984 1.037 0.955 1.006 1.084 0.935 1.035 0.958 1.039 1.089 0.991 1.035 1.019 0.941 1.001 0.974 1.037 0.999 0.945 0.927 0.97 0.928 1.013 1.025 0.926 0.928 0.971 1.074 0.96 0.916 1.098 1.023 0.966 1.02 0.995 1.0 0.99 0.979 0.949 0.916 1.0 0.95 0.957 1.008 0.943 1.0 1.026 1.0 0.949 1.057 1.0 1.107 1.0 0.938 0.945 1.0 0.98 1.0 0.946 1.111 1.0 1.017 1.0 0.961 1.004 1.0 0.989 1.0 0.979 0.974 1.0 1.025 1.0 1.018 1.035 1.0 0.938 1.0 1.002 0.975 1.0 0.977 1.0 0.996 0.957 1.0 1.0 1.0 0.943 0.974 1.0 1.0 1.0 1.013 0.92 1.0 1.0 1.0 1.022 0.946 1.0 1.0 1.0 0.991 0.956 1.0 1.0 1.0 0.961 0.95 1.0 1.0 1.0 1.024 0.995 1.0 1.0 1.0 0.97 1.0 1.0 1.0 1.0 1.004 1.0 1.0 1.0 1.0 0.991 1.0 1.0 1.0 1.0 0.986 1.0 1.0 1.0 1.0 0.972 1.0 1.0 1.0 1.0 0.961 1.0 1.0 1.0 1.0 1.084 1.0 1.0 1.0 1.0 1.077 1.0 1.0 1.0 1.0 1.099 1.0 1.0 1.0 1.0 1.02 1.0 1.0 1.0 1.0 0.952 1.0 1.0 1.0 1.0 0.959 1.0 1.0 1.0 1.0 1.112 1.0 1.0 1.0 1.0 0.946 1.0 1.0 1.0 1.0 1.0 1.0 1.0 1.0 1.0 1.0 1.0 1.0 1.0 1.0 1.0 1.0 1.0 1.0 1.0 1.0 1.0 1.0 1.0 1.0 1.0 1.0 1.0 1.0 1.0 1.0 1.0 1.0 1.0 1.0 1.0 1.0 1.0 1.0 1.0 1.0 1.0 1.0 1.0 1.0 1.0 1.0 1.0 1.0 1.0 1.0 1.0 1.0 1.0 1.0 1.0 1.0 1.0 1.0 1.0 1.0 1.0 1.0 1.0 1.0 1.0 1.0 1.0 1.0 1.0 1.0 1.0 1.0 1.0 1.0 1.0 1.0 1.0 1.0 1.0 1.0 1.0 1.0 1.0 1.0 1.0 1.0 1.0 1.0 1.0 1.0 1.0 1.0 1.0 1.0 1.0 1.0 1.0 1.0 1.0 1.0 1.0 1.0 1.0 1.0 1.0 1.0 1.0 1.0 1.0 1.0 1.0 1.0 1.0 1.0 1.0 1.0 1.0 1.0 1.0 1.0 1.0 1.0 1.0 1.0 1.025 1.005 0.97 1.019 1.017 0.975 0.982 1.039 0.997 0.96 0.978 1.014 0.987 0.999 0.988 0.969 1.016 1.037 0.974 1.049 0.98 1.018 1.005 1.018 0.993 1.024 1.031 1.039 0.955 1.02 1.009 1.019 1.038 1.057 0.957 0.942 1.029 1.036 1.057 1.04 1.033 0.973 1.038 1.017 1.045 0.986 0.957 0.952 1.027 1.024 1.039 1.018 1.001 1.011 1.118 1.055 1.048 1.002 1.113 1.126 1.102 1.004 0.994 0.985 1.034 1.042 1.03 1.031 1.082 0.984 1.101 1.048 1.01 1.116 1.083 0.994 1.102 1.034 1.084 0.928 1.111 0.905 1.057 0.974 1.043 1.054 1.038 0.985 1.127 0.946 0.911 1.049 1.023 0.942 1.005 0.997 1.102 1.009 0.929 1.128 1.102 0.916 1.035 1.0 1.128 0.994 0.992 1.025 0.937 0.931 1.06 1.041 1.028 0.946 1.038 1.04 0.96 0.998 1.111 0.968 1.038 0.963 1.005 1.112 0.964 0.992 1.122 0.973 0.949 0.947 1.113 0.953 0.971 1.014 1.124 1.03 0.965 0.999 0.976 1.079 0.988 1.124 1.0 0.95 0.92 0.934 1.0 0.996 0.898 1.0 0.926 1.0 1.001 1.0 1.0 0.93 1.0 0.973 1.0 1.0 0.936 1.0 0.997 1.0 1.0 1.047 1.0 1.001 1.0 1.0 1.118 1.0 1.047 1.0 1.0 0.968 1.0 0.999 1.0 1.0 1.12 1.0 0.97 1.0 1.0 0.982 1.0 0.969 1.0 1.0 1.002 1.0 0.969 1.0 1.0 0.955 1.0 0.969 1.0 1.0 1.0 1.0 0.982 1.0 1.0 1.0 1.0 1.053 1.0 1.0 1.0 1.0 1.036 1.0 1.0 1.0 1.0 1.005 1.0 1.0 1.0 1.0 1.012 1.0 1.0 1.0 1.0 1.014 1.0 1.0 1.0 1.0 1.002 1.0 1.0 1.0 1.0 1.01 1.0 1.0 1.0 1.0 1.007 1.0 1.0 1.0 1.0 1.0 1.0 1.0 1.0 1.0 0.975 1.0 1.0 1.0 1.0 0.989 1.0 1.0 1.0 1.0 0.991 1.0 1.0 1.0 1.0 0.985 1.0 1.0 1.0 1.0 0.998 1.0 1.0 1.0 1.0 1.017 1.0 1.0 1.0 1.0 1.008 1.0 1.0 1.0 1.0 1.013 1.0 1.0 1.0 1.0 0.979 1.0 1.0 1.0 1.0 0.999 1.0 1.0 1.0 1.0 1.012 1.0 1.0 1.0 1.0 1.006 1.0 1.0 1.0 1.0 0.976 1.0 1.0 1.0 1.0 0.97 1.0 1.0 1.0 1.0 0.989 1.0 1.0 1.0 1.0 0.97 1.0 1.0 1.0 1.0 1.018 1.0 1.0 1.0 1.0 0.988 1.0 1.0 1.0 1.0 1.003 1.0 1.0 1.0 1.0 0.997 1.0 1.0 1.0 1.0 1.001 1.0 1.0 1.0 1.0 0.981 1.0 1.0 1.0 1.0 0.97 1.0 1.0 1.0 1.0 0.961 1.0 1.0 1.0 1.0 0.923 1.0 1.0 1.0 1.0 0.958 1.0 1.0 0.991 1.025 0.993 1.023 0.994 1.038 0.983 1.039 0.962 1.026 0.972 1.014 0.989 0.957 1.049 0.979 1.015 1.038 0.968 1.001 0.98 1.021 0.949 0.982 1.008 1.012 1.035 0.968 1.033 0.982 1.013 0.947 0.971 1.05 0.996 0.962 1.009 1.023 1.032 1.038 0.964 1.025 1.038 1.046 0.937 1.058 1.035 1.012 1.038 1.046 1.058 0.933 1.036 0.938 1.078 1.073 0.989 1.033 1.063 1.048 1.041 1.066 0.934 1.056 0.933 0.956 1.03 1.038 1.045 1.014 0.993 1.042 0.982 1.016 1.05 0.968 1.026 0.98 1.062 1.076 1.047 1.041 1.035 0.922 1.007 1.008 1.0 1.076 1.047 1.03 0.976 1.0 0.998 1.03 0.95 0.995 1.0 0.996 0.989 0.952 0.982 1.0 0.949 0.932 1.029 1.022 1.0 0.928 0.997 0.96 1.009 1.0 0.993 1.11 1.007 1.02 1.0 1.002 0.942 1.006 0.955 1.0 0.979 0.933 1.03 0.969 1.0 0.994 0.938 0.933 1.063 1.0 0.986 1.079 0.969 0.993 1.0 1.027 0.992 0.972 0.999 1.0 0.936 0.99 1.01 0.998 1.0 1.007 0.924 0.999 1.033 1.0 0.982 0.986 0.924 0.98 1.0 0.989 0.982 1.0 1.024 1.0 0.924 0.987 1.0 0.99 1.0 0.967 0.984 1.0 0.954 1.0 1.007 0.941 1.0 0.954 1.0 1.0 1.042 1.0 0.966 1.0 1.0 0.976 1.0 0.959 1.0 1.0 0.977 1.0 0.976 1.0 1.0 1.11 1.0 1.023 1.0 1.0 1.085 1.0 0.969 1.0 1.0 0.919 1.0 0.916 1.0 1.0 0.956 1.0 0.964 1.0 1.0 0.956 1.0 0.918 1.0 1.0 1.027 1.0 1.0 1.0 1.0 1.031 1.0 1.0 1.0 1.0 1.008 1.0 1.0 1.0 1.0 0.961 1.0 1.0 1.0 1.0 1.0 1.0 1.0 1.0 1.0 1.0 1.0 1.0 1.0 1.0 1.0 1.0 1.0 1.0 1.0 1.0 1.0 1.0 1.0 1.0 1.0 1.0 1.0 1.0 1.0 1.0 1.0 1.0 1.0 1.0 1.0 1.0 1.0 1.0 1.0 1.0 1.0 1.0 1.0 1.0 1.0 1.0 1.0 1.0 1.0 1.0 1.0 1.0 1.0 1.0 1.0 1.0 1.0 1.0 1.0 1.0 1.0 1.0 1.0 1.0 1.0 1.0 1.0 1.0 1.0 1.0 1.0 1.0 1.0 1.0 1.0 1.0 1.0 1.0 1.0 1.0 1.0 1.0 1.0 1.0 1.0 1.0 1.0 1.0 1.0 1.0 1.0 1.0 1.0 1.0 1.0 1.0 1.0 1.0 1.0 1.0 1.0 1.0 1.0 1.0 1.0 1.0 1.0 1.0 1.0 1.0 1.0 1.0 1.0 1.0 1.0 1.0 1.0 1.0 1.0 1.0 1.0 1.0 1.0 1.0 1.0 1.0 1.0 1.0 1.0 1.0 1.0 1.0 1.0 1.0 1.0 1.0 1.0 1.0 1.0 1.0 1.0 1.0 1.0 1.0 1.0 1.0 0.981 1.011 1.027 0.996 0.994 1.012 1.037 1.029 0.997 1.024 0.982 1.041 1.001 1.013 1.048 0.963 1.017 0.951 0.955 1.008 1.046 1.044 1.04 1.021 1.034 0.962 0.963 0.95 0.932 0.963 0.964 1.023 1.041 1.079 0.963 1.025 0.971 0.969 0.926 1.006 0.949 0.946 1.014 1.021 0.953 1.028 1.025 1.048 0.933 1.007 0.994 1.021 1.017 1.0 1.015 0.941 0.963 0.977 0.938 0.98 1.034 0.954 0.998 1.0 1.048 0.951 1.044 1.0 1.0 1.025 1.01 0.963 1.02 1.0 0.93 0.956 1.029 1.017 1.0 1.009 0.975 0.963 0.974 1.0 0.988 1.036 0.963 1.003 1.0 0.976 0.952 1.024 0.982 1.0 0.941 1.025 1.018 1.002 1.0 0.927 1.03 1.007 0.988 1.0 0.975 1.026 1.018 1.013 1.0 0.975 0.947 0.966 0.999 1.0 0.93 0.963 1.032 0.995 1.0 1.106 0.945 0.949 1.014 1.0 1.007 0.956 1.048 0.994 1.0 0.946 0.955 1.004 1.044 1.0 0.968 0.964 0.944 0.993 1.0 1.0 0.958 0.997 1.012 1.0 1.0 0.975 0.984 0.995 1.0 1.0 1.042 1.002 0.996 1.0 1.0 0.959 0.987 0.966 1.0 1.0 0.961 1.001 0.991 1.0 1.0 0.949 0.999 1.046 1.0 1.0 1.0 0.972 1.047 1.0 1.0 1.0 1.034 1.034 1.0 1.0 1.0 0.969 0.974 1.0 1.0 1.0 0.991 0.991 1.0 1.0 1.0 0.99 0.996 1.0 1.0 1.0 0.989 1.013 1.0 1.0 1.0 1.001 0.97 1.0 1.0 1.0 0.988 0.988 1.0 1.0 1.0 0.988 0.915 1.0 1.0 1.0 0.993 0.991 1.0 1.0 1.0 0.982 0.937 1.0 1.0 1.0 0.974 0.919 1.0 1.0 1.0 0.965 0.963 1.0 1.0 1.0 1.005 0.912 1.0 1.0 1.0 0.996 0.969 1.0 1.0 1.0 1.029 1.0 1.0 1.0 1.0 0.94 1.0 1.0 1.0 1.0 0.928 1.0 1.0 1.0 1.0 1.037 1.0 1.0 1.0 1.0 0.911 1.0 1.0 1.0 1.0 0.913 1.0 1.0 1.0 1.0 0.917 1.0 1.0 1.0 1.0 0.968 1.0 1.0 1.0 1.0 0.964 1.0 1.0 1.0 1.0 0.964 1.0 1.0 1.0 1.0 0.957 1.0 1.0 1.0 1.0 1.0 1.0 1.0 1.0 1.0 1.0 1.0 1.0 1.0 1.0 1.0 1.0 1.0 1.0 1.0 1.0 1.0 1.0 1.0 1.0 1.0 1.0 1.0 1.0 1.0 1.0 1.0 1.0 1.0 1.0 1.0 1.0 1.0 1.0 1.0 1.0 1.0 1.0 1.0 1.0 1.0 1.0 1.0 1.0 1.0 1.0 1.0 1.0 1.0 1.0 1.0 1.0 1.0 1.0 1.0 1.0 1.0 1.0 1.0 1.0 1.0 1.0 1.0 1.0 1.0 1.0 1.0 1.0 1.0 1.0 1.0 1.0 1.0 1.0 1.0 1.0 1.0 1.0 1.0 1.025 1.025 0.995 1.019 0.973 0.983 1.037 1.043 1.029 1.038 1.042 1.018 0.997 1.035 1.041 0.97 0.978 0.988 0.951 0.967 1.013 1.013 1.025 0.975 1.008 0.975 1.041 0.972 1.046 0.961 1.024 0.927 1.002 0.948 1.019 0.97 1.03 0.965 1.016 1.011 1.01 1.038 1.029 0.995 1.053 1.019 1.044 1.027 1.046 0.927 0.953 1.026 1.009 1.027 1.027 1.03 0.933 1.006 1.026 1.075 1.013 1.039 1.023 1.052 0.999 1.012 0.932 1.029 1.007 1.02 1.032 1.056 0.927 0.955 0.931 1.036 1.031 0.927 1.039 0.929 1.025 1.005 1.079 1.096 1.0 1.046 0.918 1.083 1.042 1.0 1.039 1.054 1.0 0.918 1.0 1.048 0.991 1.042 1.034 1.0 0.996 0.955 1.046 0.919 1.0 0.991 1.051 0.994 1.004 1.0 0.99 0.993 0.993 0.999 1.0 1.002 1.061 1.091 0.963 1.0 1.006 1.059 0.978 1.03 1.0 1.045 1.0 0.925 1.001 1.0 1.037 1.063 1.052 0.987 1.0 1.032 0.954 0.925 0.934 1.0 0.994 1.064 1.071 0.955 1.0 1.07 0.911 1.068 0.914 1.0 1.066 0.946 1.098 0.954 1.0 0.906 1.007 0.993 1.004 1.0 0.907 1.053 1.079 0.951 1.0 0.908 1.104 0.916 1.0 1.0 0.909 0.919 0.975 1.0 1.0 0.969 0.949 1.0 1.0 1.0 0.969 0.968 1.0 1.0 1.0 0.967 0.976 1.0 1.0 1.0 1.011 0.921 1.0 1.0 1.0 0.979 0.949 1.0 1.0 1.0 1.015 0.964 1.0 1.0 1.0 1.019 1.0 1.0 1.0 1.0 0.947 1.0 1.0 1.0 1.0 1.107 1.0 1.0 1.0 1.0 0.955 1.0 1.0 1.0 1.0 0.987 1.0 1.0 1.0 1.0 1.054 1.0 1.0 1.0 1.0 0.981 1.0 1.0 1.0 1.0 0.97 1.0 1.0 1.0 1.0 1.0 1.0 1.0 1.0 1.0 1.0 1.0 1.0 1.0 1.0 1.0 1.0 1.0 1.0 1.0 1.0 1.0 1.0 1.0 1.0 1.0 1.0 1.0 1.0 1.0 1.0 1.0 1.0 1.0 1.0 1.0 1.0 1.0 1.0 1.0 1.0 1.0 1.0 1.0 1.0 1.0 1.0 1.0 1.0 1.0 1.0 1.0 1.0 1.0 1.0 1.0 1.0 1.0 1.0 1.0 1.0 1.0 1.0 1.0 1.0 1.0 1.0 1.0 1.0 1.0 1.0 1.0 1.0 1.0 1.0 1.0 1.0 1.0 1.0 1.0 1.0 1.0 1.0 1.0 1.0 1.0 1.0 1.0 1.0 1.0 1.0 1.0 1.0 1.0 1.0 1.0 1.0 1.0 1.0 1.0 1.0 1.0 1.0 1.0 1.0 1.0 1.0 1.0 1.0 1.0 1.0 1.0 1.0 1.0 1.0 1.0 1.0 1.0 1.0 1.0 1.0 1.0 1.0 1.0 1.0 1.0 1.0 1.0 1.0 1.0 1.0 1.0 1.0 1.0 1.0 1.0 1.0 1.0 1.0 1.0 0.981 1.005 1.027 1.019 0.973 1.036 0.979 1.03 0.961 1.039 1.01 0.961 0.986 1.038 1.032 0.987 0.958 1.035 0.955 0.986 1.024 1.041 1.036 1.009 0.971 1.023 1.018 0.948 1.016 1.04 1.022 0.956 1.04 1.026 0.987 1.034 0.982 0.948 1.008 1.044 0.976 0.996 1.007 1.041 1.016 0.965 0.98 0.974 1.003 1.016 1.036 1.027 0.979 1.03 1.011 1.019 0.997 1.004 0.997 0.95 0.958 1.029 1.011 1.012 1.021 1.032 0.956 0.963 1.0 1.05 0.952 1.026 0.983 1.013 0.925 1.032 1.029 1.003 1.0 1.084 0.942 1.018 1.017 1.0 1.028 0.944 1.021 0.953 1.0 1.036 1.015 1.006 1.014 1.0 1.115 0.968 0.968 0.996 1.0 0.946 1.01 0.934 1.022 1.0 0.995 1.005 0.935 1.002 1.0 1.007 1.018 1.001 0.95 1.0 1.007 1.038 0.943 1.077 1.0 1.127 0.954 0.973 0.998 1.0 1.024 0.996 1.012 1.066 1.0 0.928 1.04 0.939 0.982 1.0 1.127 0.991 0.982 1.07 1.0 1.019 1.015 1.025 0.94 1.0 0.983 0.97 1.064 0.949 1.0 1.014 1.09 0.992 0.948 1.0 0.944 1.011 1.048 1.001 1.0 0.981 1.0 1.087 1.094 1.0 1.023 1.0 1.094 0.938 1.0 0.99 1.0 0.99 0.982 1.0 0.918 1.0 1.005 0.939 1.0 0.974 1.0 0.932 0.932 1.0 0.996 1.0 0.927 0.934 1.0 1.013 1.0 0.942 1.098 1.0 1.139 1.0 1.0 0.938 1.0 0.962 1.0 1.0 0.936 1.0 1.01 1.0 1.0 1.044 1.0 1.0 1.0 1.0 0.95 1.0 1.0 1.0 1.0 1.004 1.0 1.0 1.0 1.0 1.135 1.0 1.0 1.0 1.0 1.0 1.0 1.0 1.0 1.0 1.0 1.0 1.0 1.0 1.0 1.0 1.0 1.0 1.0 1.0 1.0 1.0 1.0 1.0 1.0 1.0 1.0 1.0 1.0 1.0 1.0 1.0 1.0 1.0 1.0 1.0 1.0 1.0 1.0 1.0 1.0 1.0 1.0 1.0 1.0 1.0 1.0 1.0 1.0 1.0 1.0 1.0 1.0 1.0 1.0 1.0 1.0 1.0 1.0 1.0 1.0 1.0 1.0 1.0 1.0 1.0 1.0 1.0 1.0 1.0 1.0 1.0 1.0 1.0 1.0 1.0 1.0 1.0 1.0 1.0 1.0 1.0 1.0 1.0 1.0 1.0 1.0 1.0 1.0 1.0 1.0 1.0 1.0 1.0 1.0 1.0 1.0 1.0 1.0 1.0 1.0 1.0 1.0 1.0 1.0 1.0 1.0 1.0 1.0 1.0 1.0 1.0 1.0 1.0 1.0 1.0 1.0 1.0 1.0 1.0 1.0 1.0 1.0 1.0 1.0 1.0 1.0 1.0 1.0 1.0 1.0 1.0 1.0 1.0 1.0 1.0 1.0 1.0 1.0 1.0 1.0 1.0 1.0 1.0 1.0 1.0 1.0 1.0 1.0 1.0 1.0 1.0 1.0 1.0 1.0 1.0 1.0 1.0,1.1453022,0.14530218,0.8978116,0.3,0.12105809152126312,0.0003,5,0.6730813
9,0.038002707064151764,0.99911,1.008 1.012 0.992 0.993 0.994 0.983 1.04 1.036 0.956 0.955 1.015 1.046 0.986 1.038 1.008 1.049 0.948 0.938 0.978 0.972 1.021 1.033 0.981 1.058 1.024 1.017 0.946 1.049 1.014 1.06 1.023 0.945 1.018 0.958 1.068 0.981 0.958 1.054 1.015 1.023 1.025 1.035 1.006 0.941 0.909 0.994 0.945 1.021 1.048 0.975 1.037 0.946 1.022 1.051 0.924 0.982 1.029 1.02 1.017 0.997 0.968 0.957 0.943 1.03 1.0 1.041 1.036 0.927 0.958 1.0 1.009 1.04 1.01 1.026 1.0 1.039 1.066 1.02 1.026 1.0 1.121 0.964 1.094 1.008 1.0 1.118 0.962 1.037 0.911 1.0 1.012 0.945 1.005 1.015 1.0 1.0 0.963 0.938 0.949 1.0 1.052 0.943 0.96 1.028 1.0 0.993 1.034 1.0 0.946 1.0 0.935 0.943 1.0 0.932 1.0 0.934 1.016 1.0 0.937 1.0 0.91 0.998 1.0 0.94 1.0 1.001 0.999 1.0 0.942 1.0 0.94 1.048 1.0 0.936 1.0 0.995 0.986 1.0 1.013 1.0 1.038 0.998 1.0 1.027 1.0 0.891 0.916 1.0 0.995 1.0 0.889 1.045 1.0 0.951 1.0 1.027 1.029 1.0 1.005 1.0 1.167 1.032 1.0 0.99 1.0 1.0 0.991 1.0 0.996 1.0 1.0 0.982 1.0 0.948 1.0 1.0 0.992 1.0 1.029 1.0 1.0 0.962 1.0 0.942 1.0 1.0 0.916 1.0 0.953 1.0 1.0 1.028 1.0 1.0 1.0 1.0 1.125 1.0 1.0 1.0 1.0 0.992 1.0 1.0 1.0 1.0 0.949 1.0 1.0 1.0 1.0 0.951 1.0 1.0 1.0 1.0 0.952 1.0 1.0 1.0 1.0 0.969 1.0 1.0 1.0 1.0 0.951 1.0 1.0 1.0 1.0 1.0 1.0 1.0 1.0 1.0 1.0 1.0 1.0 1.0 1.0 1.0 1.0 1.0 1.0 1.0 1.0 1.0 1.0 1.0 1.0 1.0 1.0 1.0 1.0 1.0 1.0 1.0 1.0 1.0 1.0 1.0 1.0 1.0 1.0 1.0 1.0 1.0 1.0 1.0 1.0 1.0 1.0 1.0 1.0 1.0 1.0 1.0 1.0 1.0 1.0 1.0 1.0 1.0 1.0 1.0 1.0 1.0 1.0 1.0 1.0 1.0 1.0 1.0 1.0 1.0 1.0 1.0 1.0 1.0 1.0 1.0 1.0 1.0 1.0 1.0 1.0 1.0 1.0 1.0 1.0 1.0 1.0 1.0 1.0 1.0 1.0 1.0 1.0 1.0 1.0 1.0 1.0 1.0 1.0 1.0 1.0 1.0 1.0 1.0 1.0 1.0 1.0 1.0 1.0 1.0 1.0 1.0 1.0 1.0 1.0 1.0 1.0 1.0 1.0 1.0 1.0 1.0 1.0 1.0 1.0 1.0 1.0 1.0 1.0 1.0 1.0 1.0 1.0 1.0 1.0 1.0 1.0 1.0 1.0 1.0 1.0 1.0 1.0 1.0 1.0 1.0 1.0 1.0 1.0 1.0 1.0 1.0 1.0 1.0 1.001 0.986 1.023 0.993 0.994 1.042 0.977 0.984 0.959 0.998 1.012 1.018 1.004 0.953 1.038 1.023 0.954 0.978 0.951 1.001 0.999 1.025 1.007 0.964 0.962 1.033 0.957 1.043 1.019 0.943 0.927 1.038 0.974 1.02 0.947 1.03 1.025 1.017 1.047 0.944 0.926 0.946 1.039 0.921 1.064 0.927 1.002 1.014 0.936 1.066 0.928 0.948 0.947 0.955 0.915 1.031 0.948 0.979 1.037 0.917 1.106 0.997 1.03 0.914 0.983 0.996 1.022 1.05 0.923 1.092 0.983 1.013 1.019 1.091 0.927 0.996 1.005 1.01 0.908 1.087 0.988 1.0 0.939 0.912 0.93 1.0 1.024 1.023 0.992 0.934 1.0 1.002 0.938 0.914 1.044 1.0 1.006 1.087 0.982 0.991 1.0 0.975 0.914 0.911 0.927 1.0 0.978 0.985 0.977 1.0 1.0 1.024 0.993 0.993 1.0 1.0 0.969 0.968 0.992 1.0 1.0 1.048 0.944 0.981 1.0 1.0 1.016 0.931 0.922 1.0 1.0 1.055 0.905 1.056 1.0 1.0 0.983 0.968 0.962 1.0 1.0 0.974 1.06 0.93 1.0 1.0 0.986 0.996 1.0 1.0 1.0 1.035 0.932 1.0 1.0 1.0 0.968 0.899 1.0 1.0 1.0 0.959 0.928 1.0 1.0 1.0 0.987 1.122 1.0 1.0 1.0 0.953 1.0 1.0 1.0 1.0 0.952 1.0 1.0 1.0 1.0 0.983 1.0 1.0 1.0 1.0 1.011 1.0 1.0 1.0 1.0 0.982 1.0 1.0 1.0 1.0 1.001 1.0 1.0 1.0 1.0 1.007 1.0 1.0 1.0 1.0 0.926 1.0 1.0 1.0 1.0 1.006 1.0 1.0 1.0 1.0 0.993 1.0 1.0 1.0 1.0 1.057 1.0 1.0 1.0 1.0 0.936 1.0 1.0 1.0 1.0 1.147 1.0 1.0 1.0 1.0 1.106 1.0 1.0 1.0 1.0 0.925 1.0 1.0 1.0 1.0 1.0 1.0 1.0 1.0 1.0 1.0 1.0 1.0 1.0 1.0 1.0 1.0 1.0 1.0 1.0 1.0 1.0 1.0 1.0 1.0 1.0 1.0 1.0 1.0 1.0 1.0 1.0 1.0 1.0 1.0 1.0 1.0 1.0 1.0 1.0 1.0 1.0 1.0 1.0 1.0 1.0 1.0 1.0 1.0 1.0 1.0 1.0 1.0 1.0 1.0 1.0 1.0 1.0 1.0 1.0 1.0 1.0 1.0 1.0 1.0 1.0 1.0 1.0 1.0 1.0 1.0 1.0 1.0 1.0 1.0 1.0 1.0 1.0 1.0 1.0 1.0 1.0 1.0 1.0 1.0 1.0 1.0 1.0 1.0 1.0 1.0 1.0 1.0 1.0 1.0 1.0 1.0 1.0 1.0 1.0 1.0 1.0 1.0 1.0 1.0 1.0 1.0 1.0 1.0 1.0 1.0 1.0 1.0 1.0 1.0 1.0 1.0 1.0 1.0 1.0 1.0 1.0 1.0 1.0 1.0 1.0 1.0 1.0 1.0 1.0 1.0 1.0 1.0 1.0 1.0 1.0 1.0 1.0 1.0 1.029 1.012 0.966 1.022 0.969 0.983 0.979 1.035 0.987 0.956 1.047 1.049 0.98 1.037 1.044 0.974 1.02 1.055 1.041 0.968 1.044 1.026 1.057 0.977 0.963 0.983 0.975 0.977 1.044 1.048 1.03 0.968 1.017 0.94 0.958 0.976 0.978 1.009 0.97 1.047 1.017 1.013 1.03 1.046 0.931 1.02 1.03 1.011 0.97 1.038 0.995 1.044 1.031 1.027 1.028 0.954 0.936 1.002 0.995 0.915 0.998 1.022 1.073 0.938 0.923 1.02 1.015 0.913 1.034 0.992 1.023 1.048 0.982 1.042 0.949 1.007 1.095 0.926 1.039 0.953 1.044 1.101 0.989 1.039 1.021 0.933 1.0 0.97 1.042 0.998 0.938 0.918 0.965 0.919 1.014 1.029 0.916 0.918 0.967 1.084 0.954 0.905 1.112 1.025 0.961 1.023 0.994 1.0 0.988 0.975 0.942 0.905 1.0 0.943 0.951 1.009 0.936 1.0 1.03 1.0 0.942 1.064 1.0 1.122 1.0 0.93 0.938 1.0 0.977 1.0 0.939 1.127 1.0 1.019 1.0 0.955 1.004 1.0 0.987 1.0 0.976 0.971 1.0 1.028 1.0 1.02 1.04 1.0 0.93 1.0 1.001 0.971 1.0 0.974 1.0 0.995 0.951 1.0 1.0 1.0 0.936 0.97 1.0 1.0 1.0 1.014 0.91 1.0 1.0 1.0 1.025 0.938 1.0 1.0 1.0 0.99 0.95 1.0 1.0 1.0 0.956 0.943 1.0 1.0 1.0 1.027 0.994 1.0 1.0 1.0 0.966 1.0 1.0 1.0 1.0 1.004 1.0 1.0 1.0 1.0 0.99 1.0 1.0 1.0 1.0 0.984 1.0 1.0 1.0 1.0 0.969 1.0 1.0 1.0 1.0 0.956 1.0 1.0 1.0 1.0 1.096 1.0 1.0 1.0 1.0 1.088 1.0 1.0 1.0 1.0 1.114 1.0 1.0 1.0 1.0 1.022 1.0 1.0 1.0 1.0 0.946 1.0 1.0 1.0 1.0 0.953 1.0 1.0 1.0 1.0 1.128 1.0 1.0 1.0 1.0 0.939 1.0 1.0 1.0 1.0 1.0 1.0 1.0 1.0 1.0 1.0 1.0 1.0 1.0 1.0 1.0 1.0 1.0 1.0 1.0 1.0 1.0 1.0 1.0 1.0 1.0 1.0 1.0 1.0 1.0 1.0 1.0 1.0 1.0 1.0 1.0 1.0 1.0 1.0 1.0 1.0 1.0 1.0 1.0 1.0 1.0 1.0 1.0 1.0 1.0 1.0 1.0 1.0 1.0 1.0 1.0 1.0 1.0 1.0 1.0 1.0 1.0 1.0 1.0 1.0 1.0 1.0 1.0 1.0 1.0 1.0 1.0 1.0 1.0 1.0 1.0 1.0 1.0 1.0 1.0 1.0 1.0 1.0 1.0 1.0 1.0 1.0 1.0 1.0 1.0 1.0 1.0 1.0 1.0 1.0 1.0 1.0 1.0 1.0 1.0 1.0 1.0 1.0 1.0 1.0 1.0 1.0 1.0 1.0 1.0 1.0 1.0 1.0 1.0 1.0 1.0 1.0 1.0 1.0 1.0 1.0 1.0 1.0 1.0 1.0 1.029 1.006 0.966 1.022 1.02 0.971 0.98 1.045 0.997 0.955 0.976 1.016 0.986 0.999 0.986 0.965 1.018 1.042 0.971 1.057 0.978 1.021 1.006 1.02 0.992 1.027 1.035 1.044 0.949 1.022 1.01 1.021 1.043 1.065 0.951 0.935 1.032 1.042 1.065 1.046 1.037 0.97 1.043 1.019 1.051 0.984 0.952 0.945 1.03 1.027 1.044 1.02 1.002 1.012 1.136 1.062 1.055 1.001 1.13 1.145 1.117 1.004 0.993 0.982 1.038 1.047 1.033 1.035 1.093 0.982 1.116 1.054 1.012 1.133 1.095 0.993 1.117 1.038 1.096 0.918 1.128 0.892 1.065 0.97 1.048 1.061 1.043 0.983 1.145 0.938 0.899 1.055 1.026 0.935 1.005 0.996 1.117 1.01 0.92 1.147 1.118 0.905 1.04 0.999 1.147 0.994 0.99 1.028 0.929 0.922 1.067 1.046 1.031 0.938 1.043 1.045 0.955 0.997 1.128 0.963 1.043 0.958 1.006 1.129 0.958 0.991 1.14 0.97 0.942 0.94 1.129 0.946 0.968 1.015 1.142 1.034 0.959 0.999 0.972 1.09 0.986 1.142 1.0 0.943 0.91 0.925 1.0 0.995 0.884 1.0 0.916 1.0 1.001 1.0 1.0 0.921 1.0 0.969 1.0 1.0 0.927 1.0 0.997 1.0 1.0 1.053 1.0 1.001 1.0 1.0 1.135 1.0 1.054 1.0 1.0 0.963 1.0 0.998 1.0 1.0 1.138 1.0 0.966 1.0 1.0 0.979 1.0 0.964 1.0 1.0 1.002 1.0 0.964 1.0 1.0 0.949 1.0 0.964 1.0 1.0 1.0 1.0 0.98 1.0 1.0 1.0 1.0 1.06 1.0 1.0 1.0 1.0 1.041 1.0 1.0 1.0 1.0 1.006 1.0 1.0 1.0 1.0 1.013 1.0 1.0 1.0 1.0 1.016 1.0 1.0 1.0 1.0 1.002 1.0 1.0 1.0 1.0 1.012 1.0 1.0 1.0 1.0 1.007 1.0 1.0 1.0 1.0 0.999 1.0 1.0 1.0 1.0 0.971 1.0 1.0 1.0 1.0 0.987 1.0 1.0 1.0 1.0 0.99 1.0 1.0 1.0 1.0 0.982 1.0 1.0 1.0 1.0 0.998 1.0 1.0 1.0 1.0 1.019 1.0 1.0 1.0 1.0 1.01 1.0 1.0 1.0 1.0 1.015 1.0 1.0 1.0 1.0 0.977 1.0 1.0 1.0 1.0 0.999 1.0 1.0 1.0 1.0 1.014 1.0 1.0 1.0 1.0 1.007 1.0 1.0 1.0 1.0 0.973 1.0 1.0 1.0 1.0 0.965 1.0 1.0 1.0 1.0 0.988 1.0 1.0 1.0 1.0 0.966 1.0 1.0 1.0 1.0 1.02 1.0 1.0 1.0 1.0 0.987 1.0 1.0 1.0 1.0 1.003 1.0 1.0 1.0 1.0 0.997 1.0 1.0 1.0 1.0 1.001 1.0 1.0 1.0 1.0 0.978 1.0 1.0 1.0 1.0 0.965 1.0 1.0 1.0 1.0 0.955 1.0 1.0 1.0 1.0 0.913 1.0 1.0 1.0 1.0 0.952 1.0 1.0 0.989 1.029 0.992 1.026 0.993 1.043 0.98 1.045 0.957 1.029 0.969 1.015 0.988 0.951 1.056 0.976 1.017 1.042 0.963 1.001 0.978 1.024 0.943 0.979 1.008 1.014 1.039 0.964 1.037 0.979 1.015 0.94 0.967 1.057 0.995 0.957 1.01 1.026 1.037 1.043 0.959 1.028 1.043 1.051 0.929 1.067 1.039 1.013 1.043 1.052 1.066 0.924 1.041 0.93 1.089 1.084 0.987 1.037 1.072 1.054 1.047 1.075 0.925 1.063 0.925 0.951 1.033 1.044 1.05 1.015 0.992 1.048 0.98 1.017 1.056 0.964 1.029 0.977 1.071 1.088 1.054 1.047 1.04 0.911 1.008 1.008 1.0 1.087 1.053 1.033 0.973 1.0 0.997 1.034 0.943 0.995 1.0 0.995 0.987 0.946 0.98 1.0 0.942 0.923 1.033 1.024 1.0 0.918 0.996 0.955 1.01 1.0 0.992 1.127 1.008 1.023 1.0 1.002 0.934 1.007 0.949 1.0 0.976 0.924 1.033 0.965 1.0 0.993 0.93 0.924 1.072 1.0 0.984 1.091 0.965 0.992 1.0 1.03 0.99 0.968 0.998 1.0 0.927 0.988 1.011 0.998 1.0 1.007 0.913 0.999 1.037 1.0 0.98 0.984 0.915 0.977 1.0 0.987 0.979 1.0 1.027 1.0 0.915 0.984 1.0 0.989 1.0 0.962 0.981 1.0 0.948 1.0 1.007 0.933 1.0 0.948 1.0 1.0 1.047 1.0 0.961 1.0 1.0 0.972 1.0 0.954 1.0 1.0 0.973 1.0 0.972 1.0 1.0 1.126 1.0 1.027 1.0 1.0 1.098 1.0 0.964 1.0 1.0 0.908 1.0 0.904 1.0 1.0 0.95 1.0 0.959 1.0 1.0 0.95 1.0 0.907 1.0 1.0 1.031 1.0 1.0 1.0 1.0 1.035 1.0 1.0 1.0 1.0 1.008 1.0 1.0 1.0 1.0 0.955 1.0 1.0 1.0 1.0 1.0 1.0 1.0 1.0 1.0 1.0 1.0 1.0 1.0 1.0 1.0 1.0 1.0 1.0 1.0 1.0 1.0 1.0 1.0 1.0 1.0 1.0 1.0 1.0 1.0 1.0 1.0 1.0 1.0 1.0 1.0 1.0 1.0 1.0 1.0 1.0 1.0 1.0 1.0 1.0 1.0 1.0 1.0 1.0 1.0 1.0 1.0 1.0 1.0 1.0 1.0 1.0 1.0 1.0 1.0 1.0 1.0 1.0 1.0 1.0 1.0 1.0 1.0 1.0 1.0 1.0 1.0 1.0 1.0 1.0 1.0 1.0 1.0 1.0 1.0 1.0 1.0 1.0 1.0 1.0 1.0 1.0 1.0 1.0 1.0 1.0 1.0 1.0 1.0 1.0 1.0 1.0 1.0 1.0 1.0 1.0 1.0 1.0 1.0 1.0 1.0 1.0 1.0 1.0 1.0 1.0 1.0 1.0 1.0 1.0 1.0 1.0 1.0 1.0 1.0 1.0 1.0 1.0 1.0 1.0 1.0 1.0 1.0 1.0 1.0 1.0 1.0 1.0 1.0 1.0 1.0 1.0 1.0 1.0 1.0 1.0 1.0 1.0 1.0 1.0 1.0 1.0 0.978 1.012 1.032 0.995 0.993 1.013 1.042 1.032 0.997 1.028 0.98 1.047 1.001 1.014 1.055 0.958 1.018 0.945 0.949 1.009 1.053 1.05 1.045 1.024 1.038 0.957 0.958 0.943 0.923 0.957 0.959 1.025 1.046 1.09 0.958 1.028 0.967 0.965 0.917 1.007 0.943 0.939 1.016 1.024 0.947 1.032 1.028 1.055 0.924 1.008 0.994 1.023 1.019 0.999 1.017 0.933 0.958 0.974 0.93 0.977 1.038 0.947 0.998 1.0 1.055 0.945 1.051 1.0 1.0 1.029 1.011 0.958 1.023 1.0 0.921 0.949 1.033 1.019 1.0 1.01 0.972 0.958 0.971 1.0 0.985 1.041 0.958 1.003 1.0 0.973 0.945 1.027 0.979 1.0 0.932 1.028 1.021 1.003 1.0 0.917 1.034 1.008 0.986 1.0 0.972 1.029 1.02 1.014 1.0 0.972 0.939 0.962 0.999 1.0 0.921 0.958 1.036 0.994 1.0 1.122 0.938 0.942 1.016 1.0 1.007 0.95 1.054 0.993 1.0 0.939 0.949 1.004 1.05 1.0 0.963 0.959 0.937 0.992 1.0 1.0 0.952 0.997 1.014 1.0 1.0 0.971 0.982 0.995 1.0 1.0 1.048 1.003 0.995 1.0 1.0 0.953 0.985 0.961 1.0 1.0 0.955 1.001 0.99 1.0 1.0 0.943 0.999 1.053 1.0 1.0 1.0 0.968 1.054 1.0 1.0 1.0 1.039 1.039 1.0 1.0 1.0 0.964 0.971 1.0 1.0 1.0 0.989 0.99 1.0 1.0 1.0 0.988 0.996 1.0 1.0 1.0 0.987 1.015 1.0 1.0 1.0 1.001 0.966 1.0 1.0 1.0 0.986 0.986 1.0 1.0 1.0 0.986 0.903 1.0 1.0 1.0 0.993 0.989 1.0 1.0 1.0 0.98 0.928 1.0 1.0 1.0 0.97 0.908 1.0 1.0 1.0 0.961 0.957 1.0 1.0 1.0 1.006 0.899 1.0 1.0 1.0 0.996 0.964 1.0 1.0 1.0 1.033 1.0 1.0 1.0 1.0 0.932 1.0 1.0 1.0 1.0 0.918 1.0 1.0 1.0 1.0 1.042 1.0 1.0 1.0 1.0 0.899 1.0 1.0 1.0 1.0 0.901 1.0 1.0 1.0 1.0 0.906 1.0 1.0 1.0 1.0 0.964 1.0 1.0 1.0 1.0 0.959 1.0 1.0 1.0 1.0 0.959 1.0 1.0 1.0 1.0 0.951 1.0 1.0 1.0 1.0 1.0 1.0 1.0 1.0 1.0 1.0 1.0 1.0 1.0 1.0 1.0 1.0 1.0 1.0 1.0 1.0 1.0 1.0 1.0 1.0 1.0 1.0 1.0 1.0 1.0 1.0 1.0 1.0 1.0 1.0 1.0 1.0 1.0 1.0 1.0 1.0 1.0 1.0 1.0 1.0 1.0 1.0 1.0 1.0 1.0 1.0 1.0 1.0 1.0 1.0 1.0 1.0 1.0 1.0 1.0 1.0 1.0 1.0 1.0 1.0 1.0 1.0 1.0 1.0 1.0 1.0 1.0 1.0 1.0 1.0 1.0 1.0 1.0 1.0 1.0 1.0 1.0 1.0 1.0 1.029 1.029 0.994 1.022 0.969 0.981 1.043 1.049 1.033 1.043 1.048 1.02 0.997 1.04 1.047 0.966 0.975 0.986 0.945 0.962 1.015 1.015 1.029 0.971 1.009 0.971 1.047 0.968 1.053 0.955 1.028 0.917 1.002 0.941 1.021 0.965 1.033 0.961 1.018 1.012 1.012 1.043 1.033 0.994 1.06 1.022 1.05 1.03 1.052 0.917 0.947 1.029 1.01 1.031 1.029 1.034 0.924 1.007 1.029 1.086 1.015 1.044 1.026 1.058 0.998 1.014 0.923 1.033 1.008 1.022 1.036 1.064 0.917 0.949 0.922 1.041 1.034 0.917 1.044 0.92 1.028 1.005 1.09 1.111 1.0 1.052 0.908 1.095 1.048 1.0 1.044 1.061 0.999 0.907 1.0 1.055 0.99 1.047 1.038 1.0 0.995 0.949 1.052 0.908 1.0 0.989 1.058 0.993 1.004 1.0 0.988 0.992 0.992 0.998 1.0 1.002 1.069 1.104 0.958 1.0 1.007 1.067 0.975 1.034 1.0 1.051 1.0 0.914 1.0 1.0 1.042 1.071 1.059 0.985 1.0 1.036 0.948 0.915 0.925 1.0 0.993 1.073 1.081 0.949 1.0 1.08 0.899 1.077 0.903 1.0 1.075 0.939 1.112 0.947 1.0 0.894 1.007 0.991 1.003 1.0 0.896 1.059 1.091 0.944 1.0 0.896 1.119 0.905 1.0 1.0 0.897 0.908 0.971 1.0 1.0 0.964 0.942 1.0 1.0 1.0 0.965 0.964 1.0 1.0 1.0 0.962 0.973 1.0 1.0 1.0 1.013 0.91 1.0 1.0 1.0 0.976 0.942 1.0 1.0 1.0 1.017 0.959 1.0 1.0 1.0 1.021 1.0 1.0 1.0 1.0 0.941 1.0 1.0 1.0 1.0 1.123 1.0 1.0 1.0 1.0 0.949 1.0 1.0 1.0 1.0 0.985 1.0 1.0 1.0 1.0 1.061 1.0 1.0 1.0 1.0 0.979 1.0 1.0 1.0 1.0 0.966 1.0 1.0 1.0 1.0 1.0 1.0 1.0 1.0 1.0 1.0 1.0 1.0 1.0 1.0 1.0 1.0 1.0 1.0 1.0 1.0 1.0 1.0 1.0 1.0 1.0 1.0 1.0 1.0 1.0 1.0 1.0 1.0 1.0 1.0 1.0 1.0 1.0 1.0 1.0 1.0 1.0 1.0 1.0 1.0 1.0 1.0 1.0 1.0 1.0 1.0 1.0 1.0 1.0 1.0 1.0 1.0 1.0 1.0 1.0 1.0 1.0 1.0 1.0 1.0 1.0 1.0 1.0 1.0 1.0 1.0 1.0 1.0 1.0 1.0 1.0 1.0 1.0 1.0 1.0 1.0 1.0 1.0 1.0 1.0 1.0 1.0 1.0 1.0 1.0 1.0 1.0 1.0 1.0 1.0 1.0 1.0 1.0 1.0 1.0 1.0 1.0 1.0 1.0 1.0 1.0 1.0 1.0 1.0 1.0 1.0 1.0 1.0 1.0 1.0 1.0 1.0 1.0 1.0 1.0 1.0 1.0 1.0 1.0 1.0 1.0 1.0 1.0 1.0 1.0 1.0 1.0 1.0 1.0 1.0 1.0 1.0 1.0 1.0 1.0 0.978 1.006 1.032 1.022 0.969 1.041 0.976 1.034 0.956 1.045 1.011 0.956 0.984 1.043 1.036 0.985 0.952 1.04 0.949 0.984 1.028 1.047 1.041 1.01 0.967 1.026 1.02 0.941 1.018 1.046 1.025 0.95 1.045 1.029 0.986 1.038 0.98 0.941 1.009 1.05 0.973 0.995 1.008 1.046 1.018 0.961 0.977 0.971 1.003 1.019 1.041 1.031 0.976 1.034 1.012 1.022 0.997 1.005 0.996 0.944 0.952 1.033 1.013 1.013 1.024 1.036 0.95 0.958 0.999 1.056 0.946 1.029 0.981 1.014 0.915 1.036 1.033 1.003 1.0 1.096 0.934 1.02 1.019 1.0 1.031 0.937 1.023 0.946 1.0 1.041 1.017 1.006 1.016 1.0 1.132 0.964 0.963 0.995 1.0 0.939 1.011 0.926 1.025 1.0 0.994 1.005 0.926 1.003 1.0 1.007 1.02 1.001 0.943 1.0 1.007 1.044 0.936 1.088 1.0 1.146 0.948 0.97 0.998 1.0 1.026 0.996 1.013 1.076 1.0 0.918 1.045 0.931 0.979 1.0 1.146 0.99 0.98 1.08 1.0 1.021 1.016 1.028 0.932 1.0 0.981 0.966 1.074 0.942 1.0 1.015 1.103 0.99 0.941 1.0 0.936 1.012 1.054 1.0 1.0 0.979 1.0 1.099 1.108 1.0 1.025 1.0 1.108 0.929 1.0 0.988 1.0 0.988 0.979 1.0 0.908 1.0 1.005 0.931 1.0 0.969 1.0 0.923 0.923 1.0 0.995 1.0 0.917 0.925 1.0 1.014 1.0 0.934 1.112 1.0 1.16 1.0 1.0 0.93 1.0 0.956 1.0 1.0 0.927 1.0 1.011 1.0 1.0 1.05 1.0 1.0 1.0 1.0 0.943 1.0 1.0 1.0 1.0 1.004 1.0 1.0 1.0 1.0 1.155 1.0 1.0 1.0 1.0 1.0 1.0 1.0 1.0 1.0 1.0 1.0 1.0 1.0 1.0 1.0 1.0 1.0 1.0 1.0 1.0 1.0 1.0 1.0 1.0 1.0 1.0 1.0 1.0 1.0 1.0 1.0 1.0 1.0 1.0 1.0 1.0 1.0 1.0 1.0 1.0 1.0 1.0 1.0 1.0 1.0 1.0 1.0 1.0 1.0 1.0 1.0 1.0 1.0 1.0 1.0 1.0 1.0 1.0 1.0 1.0 1.0 1.0 1.0 1.0 1.0 1.0 1.0 1.0 1.0 1.0 1.0 1.0 1.0 1.0 1.0 1.0 1.0 1.0 1.0 1.0 1.0 1.0 1.0 1.0 1.0 1.0 1.0 1.0 1.0 1.0 1.0 1.0 1.0 1.0 1.0 1.0 1.0 1.0 1.0 1.0 1.0 1.0 1.0 1.0 1.0 1.0 1.0 1.0 1.0 1.0 1.0 1.0 1.0 1.0 1.0 1.0 1.0 1.0 1.0 1.0 1.0 1.0 1.0 1.0 1.0 1.0 1.0 1.0 1.0 1.0 1.0 1.0 1.0 1.0 1.0 1.0 1.0 1.0 1.0 1.0 1.0 1.0 1.0 1.0 1.0 1.0 1.0 1.0 1.0 1.0 1.0 1.0 1.0 1.0 1.0 1.0 1.0,1.1668719,0.1668719,0.88422954,0.3,0.13770517706871033,0.0003,5,0.7726704
10,0.04290810972452164,0.9989926,1.008 1.014 0.991 0.992 0.993 0.981 1.045 1.04 0.951 0.95 1.017 1.052 0.984 1.042 1.008 1.056 0.942 0.93 0.975 0.969 1.023 1.037 0.978 1.066 1.027 1.019 0.94 1.055 1.015 1.068 1.026 0.938 1.02 0.954 1.077 0.979 0.953 1.06 1.017 1.025 1.028 1.038 1.007 0.935 0.898 0.993 0.939 1.024 1.053 0.971 1.041 0.94 1.024 1.057 0.916 0.98 1.032 1.022 1.018 0.996 0.964 0.952 0.936 1.034 1.0 1.046 1.04 0.918 0.953 1.0 1.01 1.044 1.011 1.028 1.0 1.043 1.074 1.022 1.028 1.0 1.136 0.96 1.106 1.009 1.0 1.133 0.958 1.041 0.9 1.0 1.013 0.938 1.005 1.016 1.0 0.999 0.958 0.931 0.943 1.0 1.058 0.936 0.955 1.032 1.0 0.992 1.039 1.0 0.94 1.0 0.928 0.936 1.0 0.924 1.0 0.926 1.018 1.0 0.929 1.0 0.899 0.998 1.0 0.933 1.0 1.0 0.999 1.0 0.935 1.0 0.932 1.054 1.0 0.929 1.0 0.994 0.984 1.0 1.014 1.0 1.042 0.998 1.0 1.03 1.0 0.879 0.907 1.0 0.995 1.0 0.876 1.05 1.0 0.945 1.0 1.03 1.032 1.0 1.005 1.0 1.189 1.035 1.0 0.989 1.0 1.0 0.99 1.0 0.995 1.0 1.0 0.979 1.0 0.942 1.0 1.0 0.991 1.0 1.032 1.0 1.0 0.957 1.0 0.935 1.0 1.0 0.907 1.0 0.947 1.0 1.0 1.031 1.0 1.0 1.0 1.0 1.142 1.0 1.0 1.0 1.0 0.99 1.0 1.0 1.0 1.0 0.943 1.0 1.0 1.0 1.0 0.945 1.0 1.0 1.0 1.0 0.947 1.0 1.0 1.0 1.0 0.965 1.0 1.0 1.0 1.0 0.945 1.0 1.0 1.0 1.0 1.0 1.0 1.0 1.0 1.0 1.0 1.0 1.0 1.0 1.0 1.0 1.0 1.0 1.0 1.0 1.0 1.0 1.0 1.0 1.0 1.0 1.0 1.0 1.0 1.0 1.0 1.0 1.0 1.0 1.0 1.0 1.0 1.0 1.0 1.0 1.0 1.0 1.0 1.0 1.0 1.0 1.0 1.0 1.0 1.0 1.0 1.0 1.0 1.0 1.0 1.0 1.0 1.0 1.0 1.0 1.0 1.0 1.0 1.0 1.0 1.0 1.0 1.0 1.0 1.0 1.0 1.0 1.0 1.0 1.0 1.0 1.0 1.0 1.0 1.0 1.0 1.0 1.0 1.0 1.0 1.0 1.0 1.0 1.0 1.0 1.0 1.0 1.0 1.0 1.0 1.0 1.0 1.0 1.0 1.0 1.0 1.0 1.0 1.0 1.0 1.0 1.0 1.0 1.0 1.0 1.0 1.0 1.0 1.0 1.0 1.0 1.0 1.0 1.0 1.0 1.0 1.0 1.0 1.0 1.0 1.0 1.0 1.0 1.0 1.0 1.0 1.0 1.0 1.0 1.0 1.0 1.0 1.0 1.0 1.0 1.0 1.0 1.0 1.0 1.0 1.0 1.0 1.0 1.0 1.0 1.0 1.0 1.0 1.0 1.001 0.985 1.026 0.992 0.993 1.047 0.974 0.982 0.953 0.997 1.014 1.02 1.004 0.947 1.042 1.026 0.949 0.975 0.944 1.002 0.998 1.028 1.007 0.96 0.958 1.037 0.952 1.049 1.021 0.936 0.919 1.042 0.97 1.022 0.941 1.033 1.029 1.019 1.052 0.937 0.917 0.94 1.044 0.911 1.073 0.919 1.002 1.015 0.929 1.075 0.92 0.942 0.941 0.95 0.905 1.034 0.943 0.976 1.04 0.908 1.119 0.997 1.033 0.903 0.98 0.996 1.024 1.057 0.914 1.103 0.981 1.014 1.021 1.103 0.918 0.996 1.005 1.011 0.897 1.098 0.986 0.999 0.933 0.901 0.921 1.0 1.027 1.025 0.991 0.926 1.0 1.002 0.931 0.904 1.049 1.0 1.007 1.098 0.98 0.99 1.0 0.972 0.903 0.901 0.918 1.0 0.975 0.983 0.974 1.0 1.0 1.027 0.992 0.992 1.0 1.0 0.965 0.963 0.99 1.0 1.0 1.054 0.937 0.978 1.0 1.0 1.017 0.923 0.912 1.0 1.0 1.061 0.894 1.062 1.0 1.0 0.981 0.963 0.957 1.0 1.0 0.971 1.067 0.922 1.0 1.0 0.984 0.995 1.0 1.0 1.0 1.04 0.923 1.0 1.0 1.0 0.964 0.887 1.0 1.0 1.0 0.954 0.919 1.0 1.0 1.0 0.986 1.138 1.0 1.0 1.0 0.947 1.0 1.0 1.0 1.0 0.945 1.0 1.0 1.0 1.0 0.981 1.0 1.0 1.0 1.0 1.013 1.0 1.0 1.0 1.0 0.979 1.0 1.0 1.0 1.0 1.001 1.0 1.0 1.0 1.0 1.008 1.0 1.0 1.0 1.0 0.917 1.0 1.0 1.0 1.0 1.006 1.0 1.0 1.0 1.0 0.992 1.0 1.0 1.0 1.0 1.063 1.0 1.0 1.0 1.0 0.928 1.0 1.0 1.0 1.0 1.166 1.0 1.0 1.0 1.0 1.119 1.0 1.0 1.0 1.0 0.916 1.0 1.0 1.0 1.0 1.0 1.0 1.0 1.0 1.0 1.0 1.0 1.0 1.0 1.0 1.0 1.0 1.0 1.0 1.0 1.0 1.0 1.0 1.0 1.0 1.0 1.0 1.0 1.0 1.0 1.0 1.0 1.0 1.0 1.0 1.0 1.0 1.0 1.0 1.0 1.0 1.0 1.0 1.0 1.0 1.0 1.0 1.0 1.0 1.0 1.0 1.0 1.0 1.0 1.0 1.0 1.0 1.0 1.0 1.0 1.0 1.0 1.0 1.0 1.0 1.0 1.0 1.0 1.0 1.0 1.0 1.0 1.0 1.0 1.0 1.0 1.0 1.0 1.0 1.0 1.0 1.0 1.0 1.0 1.0 1.0 1.0 1.0 1.0 1.0 1.0 1.0 1.0 1.0 1.0 1.0 1.0 1.0 1.0 1.0 1.0 1.0 1.0 1.0 1.0 1.0 1.0 1.0 1.0 1.0 1.0 1.0 1.0 1.0 1.0 1.0 1.0 1.0 1.0 1.0 1.0 1.0 1.0 1.0 1.0 1.0 1.0 1.0 1.0 1.0 1.0 1.0 1.0 1.0 1.0 1.0 1.0 1.0 1.0 1.032 1.014 0.962 1.024 0.965 0.98 0.976 1.04 0.985 0.951 1.053 1.056 0.978 1.041 1.05 0.971 1.022 1.062 1.045 0.965 1.05 1.029 1.064 0.974 0.959 0.981 0.973 0.974 1.05 1.053 1.035 0.964 1.018 0.932 0.953 0.973 0.975 1.01 0.966 1.052 1.019 1.014 1.034 1.052 0.922 1.022 1.033 1.011 0.966 1.043 0.994 1.049 1.035 1.03 1.031 0.949 0.929 1.002 0.994 0.905 0.998 1.024 1.082 0.931 0.914 1.022 1.016 0.903 1.038 0.991 1.027 1.053 0.979 1.047 0.943 1.007 1.107 0.917 1.043 0.947 1.049 1.114 0.987 1.044 1.024 0.925 1.0 0.966 1.047 0.998 0.931 0.908 0.96 0.91 1.015 1.032 0.906 0.908 0.963 1.095 0.948 0.894 1.126 1.028 0.956 1.025 0.992 1.0 0.987 0.972 0.935 0.894 1.0 0.936 0.945 1.01 0.929 1.0 1.033 1.0 0.935 1.071 1.0 1.138 1.0 0.922 0.931 1.0 0.974 1.0 0.932 1.143 1.0 1.021 1.0 0.949 1.004 1.0 0.986 1.0 0.973 0.967 1.0 1.031 1.0 1.023 1.044 1.0 0.921 1.0 1.001 0.968 1.0 0.971 1.0 0.994 0.945 1.0 1.0 1.0 0.929 0.966 1.0 1.0 1.0 1.016 0.899 1.0 1.0 1.0 1.028 0.931 1.0 1.0 1.0 0.988 0.944 1.0 1.0 1.0 0.951 0.936 1.0 1.0 1.0 1.03 0.993 1.0 1.0 1.0 0.962 1.0 1.0 1.0 1.0 1.005 1.0 1.0 1.0 1.0 0.989 1.0 1.0 1.0 1.0 0.982 1.0 1.0 1.0 1.0 0.965 1.0 1.0 1.0 1.0 0.95 1.0 1.0 1.0 1.0 1.108 1.0 1.0 1.0 1.0 1.099 1.0 1.0 1.0 1.0 1.129 1.0 1.0 1.0 1.0 1.025 1.0 1.0 1.0 1.0 0.939 1.0 1.0 1.0 1.0 0.947 1.0 1.0 1.0 1.0 1.145 1.0 1.0 1.0 1.0 0.931 1.0 1.0 1.0 1.0 1.0 1.0 1.0 1.0 1.0 1.0 1.0 1.0 1.0 1.0 1.0 1.0 1.0 1.0 1.0 1.0 1.0 1.0 1.0 1.0 1.0 1.0 1.0 1.0 1.0 1.0 1.0 1.0 1.0 1.0 1.0 1.0 1.0 1.0 1.0 1.0 1.0 1.0 1.0 1.0 1.0 1.0 1.0 1.0 1.0 1.0 1.0 1.0 1.0 1.0 1.0 1.0 1.0 1.0 1.0 1.0 1.0 1.0 1.0 1.0 1.0 1.0 1.0 1.0 1.0 1.0 1.0 1.0 1.0 1.0 1.0 1.0 1.0 1.0 1.0 1.0 1.0 1.0 1.0 1.0 1.0 1.0 1.0 1.0 1.0 1.0 1.0 1.0 1.0 1.0 1.0 1.0 1.0 1.0 1.0 1.0 1.0 1.0 1.0 1.0 1.0 1.0 1.0 1.0 1.0 1.0 1.0 1.0 1.0 1.0 1.0 1.0 1.0 1.0 1.0 1.0 1.0 1.0 1.0 1.0 1.032 1.007 0.962 1.024 1.022 0.968 0.977 1.05 0.996 0.949 0.973 1.018 0.984 0.999 0.984 0.96 1.02 1.047 0.967 1.065 0.975 1.024 1.006 1.022 0.992 1.03 1.04 1.049 0.943 1.025 1.01 1.024 1.048 1.073 0.946 0.927 1.036 1.047 1.074 1.051 1.041 0.966 1.049 1.02 1.057 0.982 0.946 0.939 1.033 1.03 1.048 1.022 1.002 1.013 1.154 1.069 1.062 1.001 1.147 1.164 1.132 1.004 0.992 0.979 1.042 1.051 1.036 1.04 1.106 0.979 1.131 1.06 1.013 1.151 1.107 0.992 1.132 1.042 1.109 0.908 1.145 0.88 1.073 0.966 1.054 1.068 1.048 0.981 1.163 0.931 0.887 1.062 1.029 0.927 1.005 0.996 1.132 1.011 0.911 1.166 1.133 0.894 1.045 0.998 1.166 0.993 0.988 1.031 0.92 0.912 1.075 1.051 1.035 0.931 1.048 1.049 0.949 0.997 1.144 0.958 1.047 0.952 1.006 1.146 0.953 0.989 1.158 0.966 0.934 0.933 1.146 0.94 0.964 1.016 1.16 1.038 0.954 0.999 0.968 1.101 0.984 1.161 0.999 0.935 0.899 0.916 1.0 0.995 0.871 1.0 0.906 1.0 1.001 1.0 1.0 0.912 1.0 0.965 1.0 1.0 0.919 1.0 0.996 1.0 1.0 1.058 1.0 1.001 1.0 1.0 1.154 1.0 1.06 1.0 1.0 0.958 1.0 0.998 1.0 1.0 1.157 1.0 0.962 1.0 1.0 0.976 1.0 0.96 1.0 1.0 1.001 1.0 0.96 1.0 1.0 0.942 1.0 0.96 1.0 1.0 1.0 1.0 0.978 1.0 1.0 1.0 1.0 1.067 1.0 1.0 1.0 1.0 1.047 1.0 1.0 1.0 1.0 1.006 1.0 1.0 1.0 1.0 1.015 1.0 1.0 1.0 1.0 1.017 1.0 1.0 1.0 1.0 1.003 1.0 1.0 1.0 1.0 1.013 1.0 1.0 1.0 1.0 1.008 1.0 1.0 1.0 1.0 0.999 1.0 1.0 1.0 1.0 0.967 1.0 1.0 1.0 1.0 0.985 1.0 1.0 1.0 1.0 0.989 1.0 1.0 1.0 1.0 0.98 1.0 1.0 1.0 1.0 0.998 1.0 1.0 1.0 1.0 1.021 1.0 1.0 1.0 1.0 1.011 1.0 1.0 1.0 1.0 1.017 1.0 1.0 1.0 1.0 0.974 1.0 1.0 1.0 1.0 0.999 1.0 1.0 1.0 1.0 1.015 1.0 1.0 1.0 1.0 1.008 1.0 1.0 1.0 1.0 0.97 1.0 1.0 1.0 1.0 0.961 1.0 1.0 1.0 1.0 0.987 1.0 1.0 1.0 1.0 0.962 1.0 1.0 1.0 1.0 1.022 1.0 1.0 1.0 1.0 0.985 1.0 1.0 1.0 1.0 1.004 1.0 1.0 1.0 1.0 0.996 1.0 1.0 1.0 1.0 1.001 1.0 1.0 1.0 1.0 0.975 1.0 1.0 1.0 1.0 0.961 1.0 1.0 1.0 1.0 0.949 1.0 1.0 1.0 1.0 0.903 1.0 1.0 1.0 1.0 0.946 1.0 1.0 0.988 1.033 0.991 1.029 0.992 1.049 0.977 1.051 0.951 1.033 0.965 1.017 0.986 0.945 1.064 0.972 1.02 1.047 0.959 1.001 0.975 1.027 0.936 0.976 1.009 1.016 1.044 0.959 1.041 0.977 1.016 0.933 0.963 1.064 0.994 0.952 1.011 1.029 1.041 1.048 0.955 1.031 1.048 1.057 0.921 1.075 1.044 1.014 1.048 1.058 1.075 0.915 1.046 0.921 1.101 1.095 0.985 1.041 1.081 1.06 1.052 1.085 0.916 1.07 0.916 0.945 1.037 1.049 1.056 1.017 0.991 1.054 0.978 1.019 1.063 0.96 1.032 0.974 1.079 1.099 1.061 1.052 1.044 0.9 1.008 1.009 1.0 1.098 1.059 1.037 0.969 1.0 0.996 1.037 0.936 0.994 1.0 0.994 0.984 0.939 0.977 1.0 0.935 0.913 1.036 1.027 1.0 0.909 0.995 0.949 1.011 1.0 0.99 1.143 1.008 1.025 1.0 1.001 0.926 1.007 0.944 1.0 0.973 0.914 1.037 0.96 1.0 0.992 0.922 0.916 1.081 1.0 0.982 1.102 0.961 0.991 1.0 1.033 0.988 0.964 0.998 1.0 0.918 0.986 1.012 0.997 1.0 1.008 0.903 0.998 1.042 1.0 0.977 0.981 0.905 0.974 1.0 0.986 0.976 1.0 1.03 1.0 0.905 0.982 1.0 0.987 1.0 0.957 0.979 1.0 0.942 1.0 1.007 0.925 1.0 0.942 1.0 1.0 1.053 1.0 0.956 1.0 1.0 0.968 1.0 0.948 1.0 1.0 0.969 1.0 0.969 1.0 1.0 1.143 1.0 1.03 1.0 1.0 1.11 1.0 0.959 1.0 1.0 0.897 1.0 0.893 1.0 1.0 0.944 1.0 0.953 1.0 1.0 0.944 1.0 0.896 1.0 1.0 1.034 1.0 1.0 1.0 1.0 1.039 1.0 1.0 1.0 1.0 1.009 1.0 1.0 1.0 1.0 0.949 1.0 1.0 1.0 1.0 1.0 1.0 1.0 1.0 1.0 1.0 1.0 1.0 1.0 1.0 1.0 1.0 1.0 1.0 1.0 1.0 1.0 1.0 1.0 1.0 1.0 1.0 1.0 1.0 1.0 1.0 1.0 1.0 1.0 1.0 1.0 1.0 1.0 1.0 1.0 1.0 1.0 1.0 1.0 1.0 1.0 1.0 1.0 1.0 1.0 1.0 1.0 1.0 1.0 1.0 1.0 1.0 1.0 1.0 1.0 1.0 1.0 1.0 1.0 1.0 1.0 1.0 1.0 1.0 1.0 1.0 1.0 1.0 1.0 1.0 1.0 1.0 1.0 1.0 1.0 1.0 1.0 1.0 1.0 1.0 1.0 1.0 1.0 1.0 1.0 1.0 1.0 1.0 1.0 1.0 1.0 1.0 1.0 1.0 1.0 1.0 1.0 1.0 1.0 1.0 1.0 1.0 1.0 1.0 1.0 1.0 1.0 1.0 1.0 1.0 1.0 1.0 1.0 1.0 1.0 1.0 1.0 1.0 1.0 1.0 1.0 1.0 1.0 1.0 1.0 1.0 1.0 1.0 1.0 1.0 1.0 1.0 1.0 1.0 1.0 1.0 1.0 1.0 1.0 1.0 1.0 1.0 0.976 1.014 1.036 0.994 0.992 1.014 1.048 1.036 0.996 1.031 0.977 1.053 1.001 1.016 1.062 0.953 1.02 0.938 0.943 1.009 1.06 1.057 1.051 1.027 1.042 0.952 0.953 0.936 0.914 0.952 0.954 1.028 1.051 1.101 0.953 1.031 0.963 0.961 0.907 1.008 0.936 0.932 1.018 1.026 0.941 1.036 1.031 1.062 0.916 1.008 0.993 1.026 1.021 0.999 1.019 0.926 0.953 0.971 0.921 0.974 1.043 0.941 0.997 1.0 1.061 0.939 1.057 0.999 1.0 1.033 1.012 0.953 1.026 1.0 0.912 0.943 1.037 1.021 1.0 1.01 0.968 0.953 0.967 1.0 0.983 1.046 0.953 1.003 1.0 0.97 0.938 1.03 0.976 1.0 0.924 1.031 1.023 1.003 1.0 0.907 1.038 1.009 0.985 1.0 0.968 1.033 1.023 1.016 1.0 0.968 0.931 0.958 0.998 1.0 0.911 0.953 1.04 0.994 1.0 1.138 0.931 0.935 1.018 1.0 1.007 0.944 1.061 0.992 1.0 0.931 0.942 1.004 1.056 1.0 0.959 0.954 0.93 0.991 1.0 1.0 0.946 0.996 1.016 1.0 1.0 0.968 0.98 0.994 1.0 1.0 1.053 1.003 0.995 1.0 1.0 0.948 0.983 0.956 1.0 1.0 0.95 1.001 0.989 1.0 1.0 0.936 0.998 1.06 1.0 1.0 1.0 0.964 1.061 1.0 1.0 1.0 1.044 1.044 1.0 1.0 1.0 0.959 0.967 1.0 1.0 1.0 0.988 0.989 1.0 1.0 1.0 0.987 0.995 1.0 1.0 1.0 0.986 1.017 1.0 1.0 1.0 1.001 0.962 1.0 1.0 1.0 0.984 0.984 1.0 1.0 1.0 0.984 0.892 1.0 1.0 1.0 0.992 0.987 1.0 1.0 1.0 0.978 0.919 1.0 1.0 1.0 0.966 0.897 1.0 1.0 1.0 0.956 0.951 1.0 1.0 1.0 1.006 0.887 1.0 1.0 1.0 0.995 0.96 1.0 1.0 1.0 1.037 1.0 1.0 1.0 1.0 0.924 1.0 1.0 1.0 1.0 0.908 1.0 1.0 1.0 1.0 1.046 1.0 1.0 1.0 1.0 0.888 1.0 1.0 1.0 1.0 0.889 1.0 1.0 1.0 1.0 0.895 1.0 1.0 1.0 1.0 0.959 1.0 1.0 1.0 1.0 0.953 1.0 1.0 1.0 1.0 0.953 1.0 1.0 1.0 1.0 0.945 1.0 1.0 1.0 1.0 1.0 1.0 1.0 1.0 1.0 1.0 1.0 1.0 1.0 1.0 1.0 1.0 1.0 1.0 1.0 1.0 1.0 1.0 1.0 1.0 1.0 1.0 1.0 1.0 1.0 1.0 1.0 1.0 1.0 1.0 1.0 1.0 1.0 1.0 1.0 1.0 1.0 1.0 1.0 1.0 1.0 1.0 1.0 1.0 1.0 1.0 1.0 1.0 1.0 1.0 1.0 1.0 1.0 1.0 1.0 1.0 1.0 1.0 1.0 1.0 1.0 1.0 1.0 1.0 1.0 1.0 1.0 1.0 1.0 1.0 1.0 1.0 1.0 1.0 1.0 1.0 1.0 1.0 1.0 1.032 1.033 0.994 1.024 0.965 0.979 1.048 1.055 1.036 1.049 1.054 1.022 0.997 1.045 1.052 0.961 0.972 0.984 0.938 0.958 1.017 1.017 1.033 0.968 1.01 0.967 1.052 0.965 1.061 0.95 1.031 0.907 1.003 0.934 1.024 0.961 1.037 0.957 1.02 1.013 1.013 1.048 1.037 0.993 1.068 1.025 1.055 1.033 1.059 0.908 0.941 1.032 1.01 1.034 1.032 1.038 0.915 1.007 1.032 1.097 1.016 1.049 1.028 1.065 0.997 1.015 0.914 1.036 1.008 1.025 1.041 1.071 0.907 0.943 0.912 1.046 1.038 0.907 1.049 0.91 1.031 1.005 1.102 1.125 1.0 1.059 0.898 1.107 1.053 1.0 1.05 1.068 0.999 0.896 1.0 1.062 0.989 1.053 1.042 1.0 0.994 0.943 1.058 0.897 1.0 0.988 1.065 0.991 1.004 1.0 0.987 0.992 0.991 0.997 1.0 1.002 1.077 1.118 0.953 1.0 1.008 1.075 0.971 1.038 1.0 1.057 0.999 0.904 0.999 1.0 1.047 1.079 1.067 0.982 1.0 1.041 0.941 0.905 0.917 1.0 0.992 1.081 1.092 0.943 1.0 1.09 0.887 1.087 0.892 1.0 1.085 0.931 1.127 0.941 1.0 0.882 1.007 0.99 1.003 1.0 0.884 1.066 1.102 0.938 1.0 0.884 1.135 0.894 1.0 1.0 0.885 0.897 0.968 1.0 1.0 0.96 0.936 1.0 1.0 1.0 0.96 0.96 1.0 1.0 1.0 0.957 0.969 1.0 1.0 1.0 1.014 0.9 1.0 1.0 1.0 0.972 0.935 1.0 1.0 1.0 1.019 0.954 1.0 1.0 1.0 1.024 1.0 1.0 1.0 1.0 0.934 1.0 1.0 1.0 1.0 1.139 1.0 1.0 1.0 1.0 0.943 1.0 1.0 1.0 1.0 0.983 1.0 1.0 1.0 1.0 1.068 1.0 1.0 1.0 1.0 0.976 1.0 1.0 1.0 1.0 0.961 1.0 1.0 1.0 1.0 1.0 1.0 1.0 1.0 1.0 1.0 1.0 1.0 1.0 1.0 1.0 1.0 1.0 1.0 1.0 1.0 1.0 1.0 1.0 1.0 1.0 1.0 1.0 1.0 1.0 1.0 1.0 1.0 1.0 1.0 1.0 1.0 1.0 1.0 1.0 1.0 1.0 1.0 1.0 1.0 1.0 1.0 1.0 1.0 1.0 1.0 1.0 1.0 1.0 1.0 1.0 1.0 1.0 1.0 1.0 1.0 1.0 1.0 1.0 1.0 1.0 1.0 1.0 1.0 1.0 1.0 1.0 1.0 1.0 1.0 1.0 1.0 1.0 1.0 1.0 1.0 1.0 1.0 1.0 1.0 1.0 1.0 1.0 1.0 1.0 1.0 1.0 1.0 1.0 1.0 1.0 1.0 1.0 1.0 1.0 1.0 1.0 1.0 1.0 1.0 1.0 1.0 1.0 1.0 1.0 1.0 1.0 1.0 1.0 1.0 1.0 1.0 1.0 1.0 1.0 1.0 1.0 1.0 1.0 1.0 1.0 1.0 1.0 1.0 1.0 1.0 1.0 1.0 1.0 1.0 1.0 1.0 1.0 1.0 1.0 0.976 1.007 1.036 1.024 0.965 1.047 0.974 1.038 0.95 1.05 1.012 0.95 0.982 1.049 1.04 0.983 0.946 1.045 0.943 0.982 1.031 1.053 1.046 1.012 0.963 1.029 1.022 0.933 1.02 1.051 1.028 0.944 1.05 1.033 0.984 1.043 0.977 0.934 1.01 1.056 0.97 0.994 1.008 1.052 1.019 0.956 0.974 0.968 1.003 1.021 1.046 1.035 0.973 1.037 1.013 1.024 0.996 1.005 0.995 0.937 0.947 1.037 1.015 1.014 1.026 1.041 0.945 0.954 0.999 1.062 0.94 1.033 0.978 1.015 0.904 1.041 1.038 1.003 1.0 1.109 0.927 1.022 1.022 1.0 1.034 0.93 1.026 0.94 1.0 1.045 1.019 1.006 1.018 1.0 1.149 0.959 0.959 0.995 1.0 0.931 1.013 0.917 1.028 1.0 0.993 1.006 0.917 1.003 1.0 1.007 1.022 1.001 0.936 1.0 1.007 1.049 0.928 1.099 1.0 1.165 0.942 0.966 0.997 1.0 1.029 0.995 1.014 1.085 1.0 0.908 1.051 0.923 0.977 1.0 1.165 0.989 0.977 1.091 1.0 1.023 1.018 1.031 0.924 1.0 0.978 0.962 1.083 0.936 1.0 1.016 1.117 0.989 0.934 1.0 0.928 1.013 1.06 1.0 1.0 0.976 1.0 1.112 1.122 1.0 1.027 1.0 1.121 0.92 1.0 0.987 1.0 0.986 0.976 1.0 0.897 1.0 1.006 0.922 1.0 0.965 1.0 0.915 0.914 1.0 0.994 1.0 0.908 0.916 1.0 1.015 1.0 0.926 1.126 1.0 1.181 1.0 1.0 0.921 1.0 0.95 1.0 1.0 0.918 1.0 1.012 1.0 1.0 1.056 1.0 1.0 1.0 1.0 0.935 1.0 1.0 1.0 1.0 1.003 1.0 1.0 1.0 1.0 1.175 1.0 1.0 1.0 1.0 1.0 1.0 1.0 1.0 1.0 1.0 1.0 1.0 1.0 1.0 1.0 1.0 1.0 1.0 1.0 1.0 1.0 1.0 1.0 1.0 1.0 1.0 1.0 1.0 1.0 1.0 1.0 1.0 1.0 1.0 1.0 1.0 1.0 1.0 1.0 1.0 1.0 1.0 1.0 1.0 1.0 1.0 1.0 1.0 1.0 1.0 1.0 1.0 1.0 1.0 1.0 1.0 1.0 1.0 1.0 1.0 1.0 1.0 1.0 1.0 1.0 1.0 1.0 1.0 1.0 1.0 1.0 1.0 1.0 1.0 1.0 1.0 1.0 1.0 1.0 1.0 1.0 1.0 1.0 1.0 1.0 1.0 1.0 1.0 1.0 1.0 1.0 1.0 1.0 1.0 1.0 1.0 1.0 1.0 1.0 1.0 1.0 1.0 1.0 1.0 1.0 1.0 1.0 1.0 1.0 1.0 1.0 1.0 1.0 1.0 1.0 1.0 1.0 1.0 1.0 1.0 1.0 1.0 1.0 1.0 1.0 1.0 1.0 1.0 1.0 1.0 1.0 1.0 1.0 1.0 1.0 1.0 1.0 1.0 1.0 1.0 1.0 1.0 1.0 1.0 1.0 1.0 1.0 1.0 1.0 1.0 1.0 1.0 1.0 1.0 1.0 1.0 1.0,1.1892422,0.18924224,0.87053084,0.3,0.15459895133972168,0.0003,5,0.8757783
11,0.04794900119304657,0.9988713,1.009 1.015 0.99 0.991 0.992 0.979 1.051 1.044 0.946 0.945 1.018 1.059 0.983 1.046 1.009 1.062 0.935 0.922 0.971 0.966 1.025 1.041 0.976 1.073 1.029 1.02 0.933 1.062 1.016 1.075 1.028 0.932 1.022 0.949 1.086 0.976 0.948 1.067 1.018 1.027 1.031 1.042 1.008 0.928 0.887 0.993 0.932 1.026 1.059 0.967 1.045 0.933 1.027 1.063 0.907 0.978 1.036 1.025 1.02 0.995 0.961 0.947 0.929 1.037 1.0 1.05 1.044 0.91 0.948 1.0 1.01 1.049 1.011 1.03 1.0 1.047 1.083 1.024 1.03 1.0 1.152 0.956 1.118 1.01 1.0 1.148 0.953 1.045 0.89 1.0 1.014 0.93 1.004 1.017 1.0 0.999 0.954 0.923 0.937 1.0 1.064 0.928 0.95 1.035 1.0 0.99 1.043 1.0 0.933 1.0 0.92 0.929 1.0 0.915 1.0 0.918 1.02 1.0 0.922 1.0 0.888 0.998 1.0 0.925 1.0 1.0 0.999 1.0 0.928 1.0 0.925 1.059 1.0 0.921 1.0 0.993 0.982 1.0 1.015 1.0 1.046 0.998 1.0 1.032 1.0 0.866 0.897 1.0 0.994 1.0 0.862 1.055 1.0 0.939 1.0 1.033 1.036 1.0 1.005 1.0 1.212 1.038 1.0 0.987 1.0 1.0 0.989 1.0 0.994 1.0 1.0 0.977 1.0 0.935 1.0 1.0 0.99 1.0 1.035 1.0 1.0 0.952 1.0 0.928 1.0 1.0 0.897 1.0 0.942 1.0 1.0 1.033 1.0 1.0 1.0 1.0 1.159 1.0 1.0 1.0 1.0 0.989 1.0 1.0 1.0 1.0 0.937 1.0 1.0 1.0 1.0 0.939 1.0 1.0 1.0 1.0 0.941 1.0 1.0 1.0 1.0 0.961 1.0 1.0 1.0 1.0 0.938 1.0 1.0 1.0 1.0 1.0 1.0 1.0 1.0 1.0 1.0 1.0 1.0 1.0 1.0 1.0 1.0 1.0 1.0 1.0 1.0 1.0 1.0 1.0 1.0 1.0 1.0 1.0 1.0 1.0 1.0 1.0 1.0 1.0 1.0 1.0 1.0 1.0 1.0 1.0 1.0 1.0 1.0 1.0 1.0 1.0 1.0 1.0 1.0 1.0 1.0 1.0 1.0 1.0 1.0 1.0 1.0 1.0 1.0 1.0 1.0 1.0 1.0 1.0 1.0 1.0 1.0 1.0 1.0 1.0 1.0 1.0 1.0 1.0 1.0 1.0 1.0 1.0 1.0 1.0 1.0 1.0 1.0 1.0 1.0 1.0 1.0 1.0 1.0 1.0 1.0 1.0 1.0 1.0 1.0 1.0 1.0 1.0 1.0 1.0 1.0 1.0 1.0 1.0 1.0 1.0 1.0 1.0 1.0 1.0 1.0 1.0 1.0 1.0 1.0 1.0 1.0 1.0 1.0 1.0 1.0 1.0 1.0 1.0 1.0 1.0 1.0 1.0 1.0 1.0 1.0 1.0 1.0 1.0 1.0 1.0 1.0 1.0 1.0 1.0 1.0 1.0 1.0 1.0 1.0 1.0 1.0 1.0 1.0 1.0 1.0 1.0 1.0 1.0 1.002 0.983 1.028 0.991 0.992 1.052 0.971 0.98 0.948 0.997 1.015 1.022 1.004 0.941 1.046 1.028 0.943 0.972 0.938 1.002 0.998 1.031 1.007 0.956 0.954 1.04 0.947 1.054 1.024 0.93 0.91 1.048 0.967 1.024 0.935 1.037 1.032 1.021 1.058 0.931 0.909 0.934 1.049 0.902 1.081 0.91 1.002 1.016 0.921 1.084 0.912 0.937 0.935 0.945 0.895 1.037 0.938 0.973 1.044 0.898 1.133 0.996 1.037 0.893 0.978 0.995 1.026 1.064 0.904 1.115 0.979 1.016 1.023 1.116 0.909 0.995 1.005 1.012 0.886 1.109 0.984 0.999 0.926 0.891 0.913 1.0 1.029 1.027 0.989 0.918 1.0 1.003 0.923 0.894 1.054 1.0 1.008 1.109 0.977 0.988 1.0 0.968 0.893 0.891 0.909 1.0 0.972 0.98 0.97 1.0 1.0 1.03 0.99 0.991 1.0 1.0 0.961 0.958 0.989 1.0 1.0 1.06 0.931 0.975 1.0 1.0 1.019 0.914 0.903 1.0 1.0 1.068 0.883 1.069 1.0 1.0 0.979 0.958 0.951 1.0 1.0 0.968 1.074 0.913 1.0 1.0 0.983 0.993 1.0 1.0 1.0 1.044 0.914 1.0 1.0 1.0 0.959 0.874 1.0 1.0 1.0 0.949 0.91 1.0 1.0 1.0 0.984 1.155 1.0 1.0 1.0 0.941 1.0 1.0 1.0 1.0 0.939 1.0 1.0 1.0 1.0 0.98 1.0 1.0 1.0 1.0 1.014 1.0 1.0 1.0 1.0 0.977 1.0 1.0 1.0 1.0 1.001 1.0 1.0 1.0 1.0 1.008 1.0 1.0 1.0 1.0 0.908 1.0 1.0 1.0 1.0 1.006 1.0 1.0 1.0 1.0 0.991 1.0 1.0 1.0 1.0 1.07 1.0 1.0 1.0 1.0 0.92 1.0 1.0 1.0 1.0 1.187 1.0 1.0 1.0 1.0 1.134 1.0 1.0 1.0 1.0 0.906 1.0 1.0 1.0 1.0 1.0 1.0 1.0 1.0 1.0 1.0 1.0 1.0 1.0 1.0 1.0 1.0 1.0 1.0 1.0 1.0 1.0 1.0 1.0 1.0 1.0 1.0 1.0 1.0 1.0 1.0 1.0 1.0 1.0 1.0 1.0 1.0 1.0 1.0 1.0 1.0 1.0 1.0 1.0 1.0 1.0 1.0 1.0 1.0 1.0 1.0 1.0 1.0 1.0 1.0 1.0 1.0 1.0 1.0 1.0 1.0 1.0 1.0 1.0 1.0 1.0 1.0 1.0 1.0 1.0 1.0 1.0 1.0 1.0 1.0 1.0 1.0 1.0 1.0 1.0 1.0 1.0 1.0 1.0 1.0 1.0 1.0 1.0 1.0 1.0 1.0 1.0 1.0 1.0 1.0 1.0 1.0 1.0 1.0 1.0 1.0 1.0 1.0 1.0 1.0 1.0 1.0 1.0 1.0 1.0 1.0 1.0 1.0 1.0 1.0 1.0 1.0 1.0 1.0 1.0 1.0 1.0 1.0 1.0 1.0 1.0 1.0 1.0 1.0 1.0 1.0 1.0 1.0 1.0 1.0 1.0 1.0 1.0 1.0 1.036 1.015 0.958 1.027 0.961 0.978 0.973 1.043 0.984 0.946 1.059 1.062 0.976 1.045 1.056 0.968 1.024 1.07 1.05 0.961 1.056 1.032 1.072 0.971 0.955 0.979 0.97 0.971 1.055 1.059 1.039 0.96 1.02 0.925 0.948 0.97 0.972 1.011 0.962 1.058 1.021 1.015 1.037 1.058 0.914 1.024 1.037 1.012 0.962 1.047 0.994 1.054 1.038 1.033 1.034 0.943 0.921 1.002 0.994 0.895 0.998 1.026 1.091 0.924 0.905 1.024 1.017 0.893 1.042 0.989 1.03 1.058 0.977 1.052 0.937 1.008 1.12 0.908 1.048 0.941 1.054 1.127 0.985 1.048 1.026 0.917 0.999 0.962 1.052 0.997 0.924 0.898 0.954 0.901 1.015 1.035 0.896 0.898 0.96 1.106 0.943 0.883 1.141 1.031 0.951 1.028 0.991 1.0 0.985 0.968 0.929 0.883 1.0 0.929 0.939 1.011 0.921 1.0 1.036 1.0 0.928 1.079 1.0 1.155 1.0 0.914 0.924 1.0 0.971 1.0 0.924 1.16 1.0 1.023 1.0 0.944 1.003 1.0 0.984 1.0 0.97 0.964 1.0 1.034 1.0 1.026 1.049 1.0 0.913 1.0 1.001 0.964 1.0 0.968 1.0 0.994 0.939 1.0 1.0 1.0 0.921 0.962 1.0 1.0 1.0 1.017 0.889 1.0 1.0 1.0 1.031 0.923 1.0 1.0 1.0 0.987 0.938 1.0 1.0 1.0 0.946 0.928 1.0 1.0 1.0 1.034 0.991 1.0 1.0 1.0 0.959 1.0 1.0 1.0 1.0 1.005 1.0 1.0 1.0 1.0 0.988 1.0 1.0 1.0 1.0 0.981 1.0 1.0 1.0 1.0 0.961 1.0 1.0 1.0 1.0 0.945 1.0 1.0 1.0 1.0 1.121 1.0 1.0 1.0 1.0 1.11 1.0 1.0 1.0 1.0 1.144 1.0 1.0 1.0 1.0 1.027 1.0 1.0 1.0 1.0 0.931 1.0 1.0 1.0 1.0 0.941 1.0 1.0 1.0 1.0 1.162 1.0 1.0 1.0 1.0 0.923 1.0 1.0 1.0 1.0 1.0 1.0 1.0 1.0 1.0 1.0 1.0 1.0 1.0 1.0 1.0 1.0 1.0 1.0 1.0 1.0 1.0 1.0 1.0 1.0 1.0 1.0 1.0 1.0 1.0 1.0 1.0 1.0 1.0 1.0 1.0 1.0 1.0 1.0 1.0 1.0 1.0 1.0 1.0 1.0 1.0 1.0 1.0 1.0 1.0 1.0 1.0 1.0 1.0 1.0 1.0 1.0 1.0 1.0 1.0 1.0 1.0 1.0 1.0 1.0 1.0 1.0 1.0 1.0 1.0 1.0 1.0 1.0 1.0 1.0 1.0 1.0 1.0 1.0 1.0 1.0 1.0 1.0 1.0 1.0 1.0 1.0 1.0 1.0 1.0 1.0 1.0 1.0 1.0 1.0 1.0 1.0 1.0 1.0 1.0 1.0 1.0 1.0 1.0 1.0 1.0 1.0 1.0 1.0 1.0 1.0 1.0 1.0 1.0 1.0 1.0 1.0 1.0 1.0 1.0 1.0 1.0 1.0 1.0 1.0 1.036 1.007 0.958 1.027 1.024 0.964 0.975 1.056 0.996 0.944 0.97 1.02 0.982 0.998 0.983 0.956 1.021 1.052 0.964 1.073 0.972 1.027 1.006 1.024 0.992 1.033 1.044 1.054 0.937 1.027 1.011 1.026 1.053 1.081 0.94 0.919 1.04 1.053 1.082 1.056 1.046 0.963 1.054 1.022 1.063 0.98 0.94 0.933 1.036 1.032 1.053 1.024 1.002 1.013 1.173 1.076 1.068 1.001 1.165 1.184 1.148 1.004 0.991 0.976 1.047 1.056 1.039 1.044 1.117 0.976 1.147 1.066 1.014 1.169 1.12 0.99 1.148 1.047 1.121 0.898 1.162 0.867 1.082 0.962 1.059 1.074 1.052 0.978 1.183 0.923 0.875 1.069 1.032 0.919 1.005 0.994 1.147 1.013 0.901 1.185 1.149 0.883 1.05 0.997 1.186 0.992 0.986 1.035 0.911 0.903 1.083 1.055 1.039 0.923 1.053 1.054 0.943 0.996 1.162 0.954 1.051 0.947 1.007 1.163 0.947 0.987 1.177 0.963 0.927 0.925 1.164 0.933 0.961 1.017 1.179 1.041 0.949 0.998 0.964 1.113 0.981 1.18 0.999 0.928 0.888 0.906 1.0 0.994 0.857 1.0 0.896 1.0 1.001 1.0 1.0 0.902 1.0 0.961 1.0 1.0 0.91 1.0 0.996 1.0 1.0 1.064 1.0 1.001 1.0 1.0 1.173 1.0 1.067 1.0 1.0 0.952 1.0 0.998 1.0 1.0 1.176 1.0 0.957 1.0 1.0 0.974 1.0 0.955 1.0 1.0 1.001 1.0 0.955 1.0 1.0 0.935 1.0 0.955 1.0 1.0 1.0 1.0 0.975 1.0 1.0 1.0 1.0 1.075 1.0 1.0 1.0 1.0 1.052 1.0 1.0 1.0 1.0 1.007 1.0 1.0 1.0 1.0 1.016 1.0 1.0 1.0 1.0 1.019 1.0 1.0 1.0 1.0 1.003 1.0 1.0 1.0 1.0 1.014 1.0 1.0 1.0 1.0 1.008 1.0 1.0 1.0 1.0 0.999 1.0 1.0 1.0 1.0 0.963 1.0 1.0 1.0 1.0 0.983 1.0 1.0 1.0 1.0 0.988 1.0 1.0 1.0 1.0 0.978 1.0 1.0 1.0 1.0 0.997 1.0 1.0 1.0 1.0 1.023 1.0 1.0 1.0 1.0 1.012 1.0 1.0 1.0 1.0 1.018 1.0 1.0 1.0 1.0 0.972 1.0 1.0 1.0 1.0 0.999 1.0 1.0 1.0 1.0 1.017 1.0 1.0 1.0 1.0 1.008 1.0 1.0 1.0 1.0 0.967 1.0 1.0 1.0 1.0 0.956 1.0 1.0 1.0 1.0 0.986 1.0 1.0 1.0 1.0 0.958 1.0 1.0 1.0 1.0 1.024 1.0 1.0 1.0 1.0 0.983 1.0 1.0 1.0 1.0 1.004 1.0 1.0 1.0 1.0 0.995 1.0 1.0 1.0 1.0 1.001 1.0 1.0 1.0 1.0 0.972 1.0 1.0 1.0 1.0 0.956 1.0 1.0 1.0 1.0 0.943 1.0 1.0 1.0 1.0 0.892 1.0 1.0 1.0 1.0 0.94 1.0 1.0 0.986 1.037 0.99 1.033 0.992 1.054 0.975 1.057 0.946 1.036 0.961 1.019 0.984 0.939 1.071 0.969 1.022 1.052 0.954 1.0 0.972 1.029 0.929 0.974 1.009 1.018 1.048 0.955 1.046 0.975 1.018 0.926 0.958 1.07 0.993 0.947 1.012 1.032 1.045 1.053 0.95 1.034 1.054 1.063 0.913 1.083 1.049 1.016 1.053 1.065 1.083 0.906 1.051 0.913 1.113 1.106 0.982 1.045 1.091 1.066 1.058 1.094 0.907 1.077 0.908 0.94 1.04 1.055 1.061 1.018 0.99 1.06 0.976 1.02 1.069 0.956 1.035 0.972 1.087 1.111 1.067 1.058 1.049 0.89 1.008 1.01 1.0 1.109 1.064 1.041 0.966 1.0 0.995 1.041 0.929 0.993 1.0 0.993 0.982 0.933 0.975 1.0 0.928 0.904 1.04 1.03 1.0 0.899 0.994 0.944 1.012 1.0 0.989 1.161 1.009 1.028 1.0 1.001 0.918 1.007 0.938 1.0 0.97 0.905 1.041 0.956 1.0 0.991 0.913 0.907 1.091 1.0 0.979 1.115 0.957 0.99 1.0 1.036 0.987 0.96 0.997 1.0 0.91 0.985 1.013 0.997 1.0 1.008 0.893 0.998 1.046 1.0 0.975 0.979 0.895 0.97 1.0 0.984 0.973 1.0 1.033 1.0 0.895 0.98 1.0 0.986 1.0 0.953 0.977 1.0 0.935 1.0 1.007 0.917 1.0 0.935 1.0 1.0 1.059 1.0 0.95 1.0 1.0 0.965 1.0 0.943 1.0 1.0 0.965 1.0 0.965 1.0 1.0 1.16 1.0 1.033 1.0 1.0 1.124 1.0 0.955 1.0 1.0 0.886 1.0 0.882 1.0 1.0 0.938 1.0 0.948 1.0 1.0 0.937 1.0 0.885 1.0 1.0 1.037 1.0 1.0 1.0 1.0 1.043 1.0 1.0 1.0 1.0 1.009 1.0 1.0 1.0 1.0 0.943 1.0 1.0 1.0 1.0 1.0 1.0 1.0 1.0 1.0 1.0 1.0 1.0 1.0 1.0 1.0 1.0 1.0 1.0 1.0 1.0 1.0 1.0 1.0 1.0 1.0 1.0 1.0 1.0 1.0 1.0 1.0 1.0 1.0 1.0 1.0 1.0 1.0 1.0 1.0 1.0 1.0 1.0 1.0 1.0 1.0 1.0 1.0 1.0 1.0 1.0 1.0 1.0 1.0 1.0 1.0 1.0 1.0 1.0 1.0 1.0 1.0 1.0 1.0 1.0 1.0 1.0 1.0 1.0 1.0 1.0 1.0 1.0 1.0 1.0 1.0 1.0 1.0 1.0 1.0 1.0 1.0 1.0 1.0 1.0 1.0 1.0 1.0 1.0 1.0 1.0 1.0 1.0 1.0 1.0 1.0 1.0 1.0 1.0 1.0 1.0 1.0 1.0 1.0 1.0 1.0 1.0 1.0 1.0 1.0 1.0 1.0 1.0 1.0 1.0 1.0 1.0 1.0 1.0 1.0 1.0 1.0 1.0 1.0 1.0 1.0 1.0 1.0 1.0 1.0 1.0 1.0 1.0 1.0 1.0 1.0 1.0 1.0 1.0 1.0 1.0 1.0 1.0 1.0 1.0 1.0 1.0 0.973 1.015 1.04 0.993 0.992 1.015 1.054 1.04 0.996 1.034 0.975 1.06 1.0 1.017 1.069 0.948 1.022 0.931 0.938 1.01 1.067 1.064 1.056 1.029 1.047 0.947 0.948 0.929 0.905 0.947 0.95 1.031 1.057 1.113 0.949 1.034 0.959 0.957 0.898 1.009 0.93 0.924 1.019 1.028 0.936 1.039 1.034 1.069 0.907 1.009 0.992 1.028 1.023 0.998 1.021 0.918 0.948 0.967 0.913 0.972 1.047 0.934 0.996 1.0 1.068 0.933 1.063 0.999 1.0 1.037 1.013 0.947 1.028 1.0 0.903 0.936 1.041 1.023 1.0 1.011 0.965 0.949 0.964 1.0 0.981 1.051 0.948 1.004 1.0 0.966 0.932 1.033 0.973 1.0 0.916 1.035 1.025 1.003 1.0 0.897 1.041 1.009 0.984 1.0 0.964 1.036 1.025 1.018 1.0 0.964 0.923 0.954 0.998 1.0 0.902 0.947 1.045 0.993 1.0 1.155 0.923 0.928 1.02 1.0 1.007 0.938 1.067 0.991 1.0 0.923 0.935 1.004 1.063 1.0 0.954 0.949 0.922 0.99 1.0 1.0 0.939 0.995 1.017 1.0 1.0 0.964 0.978 0.994 1.0 1.0 1.059 1.004 0.994 1.0 1.0 0.942 0.981 0.95 1.0 1.0 0.944 1.001 0.988 1.0 1.0 0.929 0.998 1.067 1.0 1.0 1.0 0.96 1.069 1.0 1.0 1.0 1.05 1.049 1.0 1.0 1.0 0.954 0.964 1.0 1.0 1.0 0.987 0.988 1.0 1.0 1.0 0.985 0.994 1.0 1.0 1.0 0.984 1.018 1.0 1.0 1.0 1.001 0.957 1.0 1.0 1.0 0.982 0.982 1.0 1.0 1.0 0.982 0.88 1.0 1.0 1.0 0.992 0.986 1.0 1.0 1.0 0.975 0.91 1.0 1.0 1.0 0.962 0.886 1.0 1.0 1.0 0.952 0.945 1.0 1.0 1.0 1.007 0.874 1.0 1.0 1.0 0.995 0.955 1.0 1.0 1.0 1.04 1.0 1.0 1.0 1.0 0.915 1.0 1.0 1.0 1.0 0.898 1.0 1.0 1.0 1.0 1.05 1.0 1.0 1.0 1.0 0.876 1.0 1.0 1.0 1.0 0.877 1.0 1.0 1.0 1.0 0.884 1.0 1.0 1.0 1.0 0.954 1.0 1.0 1.0 1.0 0.948 1.0 1.0 1.0 1.0 0.948 1.0 1.0 1.0 1.0 0.938 1.0 1.0 1.0 1.0 1.0 1.0 1.0 1.0 1.0 1.0 1.0 1.0 1.0 1.0 1.0 1.0 1.0 1.0 1.0 1.0 1.0 1.0 1.0 1.0 1.0 1.0 1.0 1.0 1.0 1.0 1.0 1.0 1.0 1.0 1.0 1.0 1.0 1.0 1.0 1.0 1.0 1.0 1.0 1.0 1.0 1.0 1.0 1.0 1.0 1.0 1.0 1.0 1.0 1.0 1.0 1.0 1.0 1.0 1.0 1.0 1.0 1.0 1.0 1.0 1.0 1.0 1.0 1.0 1.0 1.0 1.0 1.0 1.0 1.0 1.0 1.0 1.0 1.0 1.0 1.0 1.0 1.0 1.0 1.036 1.037 0.993 1.027 0.961 0.977 1.054 1.062 1.04 1.054 1.06 1.024 0.996 1.049 1.059 0.957 0.968 0.982 0.931 0.953 1.018 1.019 1.037 0.964 1.012 0.964 1.058 0.961 1.068 0.945 1.035 0.897 1.003 0.927 1.026 0.957 1.041 0.952 1.022 1.014 1.014 1.053 1.041 0.992 1.076 1.027 1.061 1.037 1.066 0.899 0.935 1.036 1.011 1.037 1.035 1.043 0.906 1.008 1.035 1.109 1.018 1.054 1.031 1.072 0.996 1.016 0.905 1.039 1.009 1.027 1.045 1.078 0.896 0.937 0.903 1.051 1.042 0.897 1.053 0.901 1.034 1.006 1.114 1.14 1.0 1.065 0.887 1.119 1.058 1.0 1.055 1.074 0.998 0.885 1.0 1.069 0.987 1.058 1.046 1.0 0.993 0.937 1.064 0.886 1.0 0.987 1.071 0.99 1.003 1.0 0.985 0.991 0.99 0.995 1.0 1.002 1.085 1.132 0.947 1.0 1.008 1.083 0.968 1.041 1.0 1.063 0.999 0.893 0.998 1.0 1.052 1.087 1.074 0.979 1.0 1.045 0.935 0.894 0.907 1.0 0.991 1.09 1.102 0.937 1.0 1.101 0.876 1.097 0.88 1.0 1.094 0.924 1.142 0.934 1.0 0.871 1.007 0.988 1.002 1.0 0.872 1.072 1.114 0.931 1.0 0.873 1.152 0.882 1.0 1.0 0.874 0.886 0.964 1.0 1.0 0.955 0.929 1.0 1.0 1.0 0.955 0.955 1.0 1.0 1.0 0.952 0.966 1.0 1.0 1.0 1.016 0.889 1.0 1.0 1.0 0.969 0.927 1.0 1.0 1.0 1.022 0.949 1.0 1.0 1.0 1.027 1.0 1.0 1.0 1.0 0.927 1.0 1.0 1.0 1.0 1.155 1.0 1.0 1.0 1.0 0.936 1.0 1.0 1.0 1.0 0.982 1.0 1.0 1.0 1.0 1.075 1.0 1.0 1.0 1.0 0.973 1.0 1.0 1.0 1.0 0.956 1.0 1.0 1.0 1.0 1.0 1.0 1.0 1.0 1.0 1.0 1.0 1.0 1.0 1.0 1.0 1.0 1.0 1.0 1.0 1.0 1.0 1.0 1.0 1.0 1.0 1.0 1.0 1.0 1.0 1.0 1.0 1.0 1.0 1.0 1.0 1.0 1.0 1.0 1.0 1.0 1.0 1.0 1.0 1.0 1.0 1.0 1.0 1.0 1.0 1.0 1.0 1.0 1.0 1.0 1.0 1.0 1.0 1.0 1.0 1.0 1.0 1.0 1.0 1.0 1.0 1.0 1.0 1.0 1.0 1.0 1.0 1.0 1.0 1.0 1.0 1.0 1.0 1.0 1.0 1.0 1.0 1.0 1.0 1.0 1.0 1.0 1.0 1.0 1.0 1.0 1.0 1.0 1.0 1.0 1.0 1.0 1.0 1.0 1.0 1.0 1.0 1.0 1.0 1.0 1.0 1.0 1.0 1.0 1.0 1.0 1.0 1.0 1.0 1.0 1.0 1.0 1.0 1.0 1.0 1.0 1.0 1.0 1.0 1.0 1.0 1.0 1.0 1.0 1.0 1.0 1.0 1.0 1.0 1.0 1.0 1.0 1.0 1.0 1.0 0.973 1.007 1.04 1.027 0.961 1.052 0.971 1.042 0.945 1.056 1.013 0.945 0.98 1.055 1.044 0.982 0.94 1.05 0.936 0.979 1.034 1.059 1.051 1.013 0.959 1.032 1.024 0.926 1.022 1.056 1.03 0.939 1.055 1.036 0.982 1.048 0.974 0.926 1.01 1.062 0.967 0.993 1.009 1.057 1.021 0.951 0.972 0.964 1.003 1.023 1.05 1.038 0.971 1.041 1.014 1.027 0.996 1.006 0.993 0.931 0.941 1.041 1.016 1.014 1.029 1.045 0.939 0.949 0.998 1.068 0.934 1.037 0.976 1.016 0.894 1.045 1.042 1.003 1.0 1.122 0.919 1.025 1.024 1.0 1.037 0.922 1.028 0.934 1.0 1.05 1.02 1.007 1.02 1.0 1.167 0.955 0.954 0.994 1.0 0.924 1.014 0.908 1.031 1.0 0.992 1.007 0.908 1.003 1.0 1.008 1.024 1.001 0.929 1.0 1.007 1.054 0.921 1.111 1.0 1.185 0.935 0.962 0.997 1.0 1.031 0.995 1.015 1.095 1.0 0.898 1.056 0.915 0.974 1.0 1.185 0.988 0.975 1.101 1.0 1.024 1.019 1.035 0.916 1.0 0.975 0.958 1.092 0.929 1.0 1.017 1.131 0.988 0.927 1.0 0.921 1.014 1.067 0.999 1.0 0.972 1.0 1.125 1.137 1.0 1.03 1.0 1.135 0.912 1.0 0.985 1.0 0.984 0.973 1.0 0.886 1.0 1.006 0.914 1.0 0.96 1.0 0.906 0.905 1.0 0.993 1.0 0.899 0.907 1.0 1.016 1.0 0.918 1.141 1.0 1.204 1.0 1.0 0.912 1.0 0.944 1.0 1.0 0.909 1.0 1.012 1.0 1.0 1.061 1.0 1.0 1.0 1.0 0.928 1.0 1.0 1.0 1.0 1.003 1.0 1.0 1.0 1.0 1.197 1.0 1.0 1.0 1.0 1.0 1.0 1.0 1.0 1.0 1.0 1.0 1.0 1.0 1.0 1.0 1.0 1.0 1.0 1.0 1.0 1.0 1.0 1.0 1.0 1.0 1.0 1.0 1.0 1.0 1.0 1.0 1.0 1.0 1.0 1.0 1.0 1.0 1.0 1.0 1.0 1.0 1.0 1.0 1.0 1.0 1.0 1.0 1.0 1.0 1.0 1.0 1.0 1.0 1.0 1.0 1.0 1.0 1.0 1.0 1.0 1.0 1.0 1.0 1.0 1.0 1.0 1.0 1.0 1.0 1.0 1.0 1.0 1.0 1.0 1.0 1.0 1.0 1.0 1.0 1.0 1.0 1.0 1.0 1.0 1.0 1.0 1.0 1.0 1.0 1.0 1.0 1.0 1.0 1.0 1.0 1.0 1.0 1.0 1.0 1.0 1.0 1.0 1.0 1.0 1.0 1.0 1.0 1.0 1.0 1.0 1.0 1.0 1.0 1.0 1.0 1.0 1.0 1.0 1.0 1.0 1.0 1.0 1.0 1.0 1.0 1.0 1.0 1.0 1.0 1.0 1.0 1.0 1.0 1.0 1.0 1.0 1.0 1.0 1.0 1.0 1.0 1.0 1.0 1.0 1.0 1.0 1.0 1.0 1.0 1.0 1.0 1.0 1.0 1.0 1.0 1.0 1.0,1.2124046,0.21240461,0.8567648,0.3,0.17173942923545837,0.0003,5,0.9826828
12,0.053125280886888504,0.998746,1.01 1.016 0.989 0.99 0.991 0.976 1.057 1.048 0.94 0.939 1.02 1.065 0.981 1.051 1.009 1.069 0.929 0.914 0.968 0.963 1.027 1.044 0.973 1.081 1.032 1.022 0.927 1.069 1.018 1.083 1.031 0.925 1.024 0.944 1.094 0.973 0.944 1.074 1.02 1.029 1.034 1.046 1.008 0.921 0.876 0.992 0.926 1.028 1.066 0.963 1.05 0.926 1.029 1.069 0.898 0.976 1.039 1.027 1.021 0.993 0.957 0.943 0.922 1.041 1.0 1.055 1.048 0.901 0.943 1.0 1.011 1.053 1.011 1.032 1.0 1.051 1.092 1.025 1.033 1.0 1.169 0.951 1.131 1.01 1.0 1.164 0.948 1.049 0.879 1.0 1.015 0.923 1.004 1.017 1.0 0.998 0.95 0.915 0.931 1.0 1.069 0.92 0.944 1.038 1.0 0.989 1.046 1.0 0.927 1.0 0.912 0.923 1.0 0.907 1.0 0.91 1.023 1.0 0.914 1.0 0.877 0.998 1.0 0.918 1.0 0.999 0.999 1.0 0.921 1.0 0.918 1.065 1.0 0.914 1.0 0.991 0.98 1.0 1.016 1.0 1.05 0.997 1.0 1.035 1.0 0.853 0.887 1.0 0.993 1.0 0.849 1.061 1.0 0.933 1.0 1.035 1.039 1.0 1.004 1.0 1.236 1.041 1.0 0.986 1.0 1.0 0.987 1.0 0.992 1.0 1.0 0.975 1.0 0.929 1.0 1.0 0.989 1.0 1.038 1.0 1.0 0.947 1.0 0.921 1.0 1.0 0.887 1.0 0.936 1.0 1.0 1.036 1.0 1.0 1.0 1.0 1.176 1.0 1.0 1.0 1.0 0.988 1.0 1.0 1.0 1.0 0.93 1.0 1.0 1.0 1.0 0.933 1.0 1.0 1.0 1.0 0.935 1.0 1.0 1.0 1.0 0.956 1.0 1.0 1.0 1.0 0.932 1.0 1.0 1.0 1.0 1.0 1.0 1.0 1.0 1.0 1.0 1.0 1.0 1.0 1.0 1.0 1.0 1.0 1.0 1.0 1.0 1.0 1.0 1.0 1.0 1.0 1.0 1.0 1.0 1.0 1.0 1.0 1.0 1.0 1.0 1.0 1.0 1.0 1.0 1.0 1.0 1.0 1.0 1.0 1.0 1.0 1.0 1.0 1.0 1.0 1.0 1.0 1.0 1.0 1.0 1.0 1.0 1.0 1.0 1.0 1.0 1.0 1.0 1.0 1.0 1.0 1.0 1.0 1.0 1.0 1.0 1.0 1.0 1.0 1.0 1.0 1.0 1.0 1.0 1.0 1.0 1.0 1.0 1.0 1.0 1.0 1.0 1.0 1.0 1.0 1.0 1.0 1.0 1.0 1.0 1.0 1.0 1.0 1.0 1.0 1.0 1.0 1.0 1.0 1.0 1.0 1.0 1.0 1.0 1.0 1.0 1.0 1.0 1.0 1.0 1.0 1.0 1.0 1.0 1.0 1.0 1.0 1.0 1.0 1.0 1.0 1.0 1.0 1.0 1.0 1.0 1.0 1.0 1.0 1.0 1.0 1.0 1.0 1.0 1.0 1.0 1.0 1.0 1.0 1.0 1.0 1.0 1.0 1.0 1.0 1.0 1.0 1.0 1.0 1.002 0.981 1.031 0.99 0.991 1.058 0.968 0.978 0.943 0.996 1.016 1.024 1.004 0.935 1.051 1.031 0.938 0.969 0.931 1.003 0.997 1.033 1.007 0.951 0.95 1.044 0.942 1.059 1.026 0.923 0.902 1.053 0.964 1.026 0.929 1.04 1.036 1.023 1.064 0.925 0.9 0.928 1.054 0.893 1.09 0.902 1.003 1.018 0.914 1.092 0.903 0.932 0.929 0.94 0.885 1.04 0.933 0.97 1.048 0.889 1.147 0.995 1.04 0.882 0.975 0.994 1.029 1.071 0.895 1.128 0.977 1.017 1.025 1.129 0.9 0.994 1.006 1.012 0.875 1.121 0.982 0.998 0.919 0.88 0.904 1.0 1.032 1.029 0.987 0.909 1.0 1.003 0.916 0.884 1.059 1.0 1.008 1.121 0.974 0.986 1.0 0.965 0.883 0.88 0.9 1.0 0.969 0.978 0.966 1.0 1.0 1.032 0.989 0.989 1.0 1.0 0.957 0.952 0.987 1.0 1.0 1.066 0.924 0.971 1.0 1.0 1.02 0.906 0.894 1.0 1.0 1.075 0.871 1.075 1.0 1.0 0.977 0.954 0.945 1.0 1.0 0.964 1.081 0.904 1.0 1.0 0.981 0.991 1.0 1.0 1.0 1.049 0.904 1.0 1.0 1.0 0.955 0.862 1.0 1.0 1.0 0.943 0.9 1.0 1.0 1.0 0.983 1.172 1.0 1.0 1.0 0.934 1.0 1.0 1.0 1.0 0.933 1.0 1.0 1.0 1.0 0.978 1.0 1.0 1.0 1.0 1.015 1.0 1.0 1.0 1.0 0.975 1.0 1.0 1.0 1.0 1.001 1.0 1.0 1.0 1.0 1.008 1.0 1.0 1.0 1.0 0.898 1.0 1.0 1.0 1.0 1.007 1.0 1.0 1.0 1.0 0.99 1.0 1.0 1.0 1.0 1.077 1.0 1.0 1.0 1.0 0.912 1.0 1.0 1.0 1.0 1.208 1.0 1.0 1.0 1.0 1.148 1.0 1.0 1.0 1.0 0.896 1.0 1.0 1.0 1.0 1.0 1.0 1.0 1.0 1.0 1.0 1.0 1.0 1.0 1.0 1.0 1.0 1.0 1.0 1.0 1.0 1.0 1.0 1.0 1.0 1.0 1.0 1.0 1.0 1.0 1.0 1.0 1.0 1.0 1.0 1.0 1.0 1.0 1.0 1.0 1.0 1.0 1.0 1.0 1.0 1.0 1.0 1.0 1.0 1.0 1.0 1.0 1.0 1.0 1.0 1.0 1.0 1.0 1.0 1.0 1.0 1.0 1.0 1.0 1.0 1.0 1.0 1.0 1.0 1.0 1.0 1.0 1.0 1.0 1.0 1.0 1.0 1.0 1.0 1.0 1.0 1.0 1.0 1.0 1.0 1.0 1.0 1.0 1.0 1.0 1.0 1.0 1.0 1.0 1.0 1.0 1.0 1.0 1.0 1.0 1.0 1.0 1.0 1.0 1.0 1.0 1.0 1.0 1.0 1.0 1.0 1.0 1.0 1.0 1.0 1.0 1.0 1.0 1.0 1.0 1.0 1.0 1.0 1.0 1.0 1.0 1.0 1.0 1.0 1.0 1.0 1.0 1.0 1.0 1.0 1.0 1.0 1.0 1.0 1.04 1.016 0.954 1.029 0.958 0.976 0.97 1.047 0.982 0.941 1.066 1.069 0.973 1.049 1.062 0.966 1.026 1.078 1.054 0.957 1.062 1.034 1.08 0.968 0.951 0.978 0.968 0.968 1.06 1.065 1.043 0.956 1.022 0.917 0.943 0.968 0.969 1.012 0.959 1.064 1.023 1.017 1.041 1.065 0.906 1.026 1.041 1.013 0.957 1.052 0.993 1.059 1.042 1.036 1.037 0.938 0.913 1.002 0.993 0.885 0.998 1.028 1.1 0.917 0.897 1.026 1.019 0.883 1.045 0.988 1.033 1.063 0.974 1.057 0.931 1.009 1.132 0.899 1.052 0.936 1.059 1.14 0.983 1.053 1.028 0.909 0.998 0.957 1.056 0.997 0.918 0.888 0.949 0.892 1.016 1.038 0.886 0.888 0.956 1.118 0.937 0.872 1.156 1.033 0.946 1.03 0.989 1.0 0.984 0.964 0.922 0.872 1.0 0.922 0.932 1.012 0.914 1.0 1.039 1.0 0.921 1.086 1.0 1.172 1.0 0.906 0.916 1.0 0.968 1.0 0.917 1.177 1.0 1.024 1.0 0.938 1.003 1.0 0.982 1.0 0.967 0.96 1.0 1.037 1.0 1.028 1.054 1.0 0.904 1.0 1.001 0.96 1.0 0.964 1.0 0.993 0.933 1.0 1.0 1.0 0.914 0.958 1.0 1.0 1.0 1.018 0.878 1.0 1.0 1.0 1.035 0.915 1.0 1.0 1.0 0.986 0.932 1.0 1.0 1.0 0.941 0.921 1.0 1.0 1.0 1.037 0.99 1.0 1.0 1.0 0.955 1.0 1.0 1.0 1.0 1.005 1.0 1.0 1.0 1.0 0.987 1.0 1.0 1.0 1.0 0.979 1.0 1.0 1.0 1.0 0.957 1.0 1.0 1.0 1.0 0.94 1.0 1.0 1.0 1.0 1.133 1.0 1.0 1.0 1.0 1.122 1.0 1.0 1.0 1.0 1.16 1.0 1.0 1.0 1.0 1.03 1.0 1.0 1.0 1.0 0.924 1.0 1.0 1.0 1.0 0.935 1.0 1.0 1.0 1.0 1.18 1.0 1.0 1.0 1.0 0.915 1.0 1.0 1.0 1.0 1.0 1.0 1.0 1.0 1.0 1.0 1.0 1.0 1.0 1.0 1.0 1.0 1.0 1.0 1.0 1.0 1.0 1.0 1.0 1.0 1.0 1.0 1.0 1.0 1.0 1.0 1.0 1.0 1.0 1.0 1.0 1.0 1.0 1.0 1.0 1.0 1.0 1.0 1.0 1.0 1.0 1.0 1.0 1.0 1.0 1.0 1.0 1.0 1.0 1.0 1.0 1.0 1.0 1.0 1.0 1.0 1.0 1.0 1.0 1.0 1.0 1.0 1.0 1.0 1.0 1.0 1.0 1.0 1.0 1.0 1.0 1.0 1.0 1.0 1.0 1.0 1.0 1.0 1.0 1.0 1.0 1.0 1.0 1.0 1.0 1.0 1.0 1.0 1.0 1.0 1.0 1.0 1.0 1.0 1.0 1.0 1.0 1.0 1.0 1.0 1.0 1.0 1.0 1.0 1.0 1.0 1.0 1.0 1.0 1.0 1.0 1.0 1.0 1.0 1.0 1.0 1.0 1.0 1.0 1.0 1.04 1.008 0.954 1.029 1.026 0.96 0.972 1.062 0.995 0.938 0.968 1.021 0.98 0.998 0.981 0.951 1.023 1.057 0.96 1.081 0.969 1.031 1.006 1.026 0.991 1.036 1.048 1.059 0.931 1.03 1.012 1.029 1.057 1.09 0.935 0.912 1.044 1.058 1.09 1.061 1.05 0.959 1.06 1.024 1.069 0.978 0.935 0.926 1.039 1.035 1.057 1.026 1.002 1.014 1.192 1.083 1.075 1.001 1.183 1.204 1.164 1.004 0.99 0.973 1.051 1.061 1.042 1.048 1.13 0.973 1.164 1.071 1.015 1.187 1.133 0.989 1.164 1.051 1.134 0.888 1.18 0.854 1.091 0.958 1.065 1.081 1.056 0.976 1.202 0.916 0.863 1.076 1.035 0.911 1.005 0.993 1.163 1.014 0.892 1.205 1.166 0.872 1.054 0.996 1.206 0.991 0.984 1.038 0.903 0.893 1.091 1.06 1.043 0.915 1.058 1.059 0.938 0.996 1.18 0.949 1.056 0.941 1.007 1.181 0.942 0.985 1.196 0.959 0.919 0.917 1.182 0.925 0.957 1.018 1.199 1.045 0.944 0.998 0.96 1.125 0.979 1.2 0.999 0.921 0.877 0.897 1.0 0.993 0.843 1.0 0.886 1.0 1.002 1.0 1.0 0.893 1.0 0.956 1.0 1.0 0.901 1.0 0.996 1.0 1.0 1.069 1.0 1.001 1.0 1.0 1.192 1.0 1.074 1.0 1.0 0.947 1.0 0.998 1.0 1.0 1.196 1.0 0.953 1.0 1.0 0.971 1.0 0.951 1.0 1.0 1.0 1.0 0.951 1.0 1.0 0.928 1.0 0.951 1.0 1.0 1.0 1.0 0.973 1.0 1.0 1.0 1.0 1.082 1.0 1.0 1.0 1.0 1.057 1.0 1.0 1.0 1.0 1.008 1.0 1.0 1.0 1.0 1.018 1.0 1.0 1.0 1.0 1.021 1.0 1.0 1.0 1.0 1.003 1.0 1.0 1.0 1.0 1.016 1.0 1.0 1.0 1.0 1.009 1.0 1.0 1.0 1.0 0.999 1.0 1.0 1.0 1.0 0.959 1.0 1.0 1.0 1.0 0.981 1.0 1.0 1.0 1.0 0.987 1.0 1.0 1.0 1.0 0.976 1.0 1.0 1.0 1.0 0.997 1.0 1.0 1.0 1.0 1.025 1.0 1.0 1.0 1.0 1.013 1.0 1.0 1.0 1.0 1.02 1.0 1.0 1.0 1.0 0.969 1.0 1.0 1.0 1.0 0.998 1.0 1.0 1.0 1.0 1.019 1.0 1.0 1.0 1.0 1.009 1.0 1.0 1.0 1.0 0.964 1.0 1.0 1.0 1.0 0.952 1.0 1.0 1.0 1.0 0.985 1.0 1.0 1.0 1.0 0.953 1.0 1.0 1.0 1.0 1.026 1.0 1.0 1.0 1.0 0.982 1.0 1.0 1.0 1.0 1.005 1.0 1.0 1.0 1.0 0.994 1.0 1.0 1.0 1.0 1.001 1.0 1.0 1.0 1.0 0.968 1.0 1.0 1.0 1.0 0.952 1.0 1.0 1.0 1.0 0.937 1.0 1.0 1.0 1.0 0.881 1.0 1.0 1.0 1.0 0.933 1.0 1.0 0.985 1.041 0.989 1.037 0.991 1.06 0.972 1.063 0.941 1.039 0.957 1.02 0.983 0.933 1.079 0.966 1.025 1.057 0.949 0.999 0.97 1.032 0.922 0.971 1.01 1.02 1.053 0.95 1.05 0.973 1.02 0.919 0.954 1.077 0.992 0.943 1.013 1.034 1.05 1.058 0.945 1.037 1.059 1.069 0.904 1.091 1.054 1.017 1.058 1.071 1.092 0.897 1.055 0.905 1.126 1.117 0.98 1.05 1.101 1.072 1.064 1.104 0.899 1.084 0.899 0.934 1.043 1.06 1.066 1.019 0.989 1.066 0.973 1.021 1.075 0.952 1.037 0.969 1.095 1.123 1.074 1.063 1.053 0.878 1.008 1.011 1.0 1.121 1.07 1.044 0.962 1.0 0.994 1.044 0.923 0.992 1.0 0.991 0.979 0.926 0.972 1.0 0.922 0.894 1.043 1.033 1.0 0.889 0.993 0.938 1.013 1.0 0.987 1.179 1.009 1.03 1.0 1.001 0.91 1.007 0.932 1.0 0.967 0.895 1.044 0.951 1.0 0.99 0.905 0.899 1.1 1.0 0.977 1.127 0.952 0.988 1.0 1.039 0.985 0.956 0.997 1.0 0.901 0.983 1.014 0.996 1.0 1.008 0.882 0.998 1.05 1.0 0.972 0.977 0.886 0.967 1.0 0.982 0.97 1.0 1.036 1.0 0.885 0.977 1.0 0.984 1.0 0.948 0.975 1.0 0.929 1.0 1.007 0.909 1.0 0.928 1.0 1.0 1.064 1.0 0.945 1.0 1.0 0.961 1.0 0.937 1.0 1.0 0.961 1.0 0.96 1.0 1.0 1.177 1.0 1.036 1.0 1.0 1.137 1.0 0.949 1.0 1.0 0.875 1.0 0.87 1.0 1.0 0.932 1.0 0.942 1.0 1.0 0.931 1.0 0.874 1.0 1.0 1.04 1.0 1.0 1.0 1.0 1.046 1.0 1.0 1.0 1.0 1.009 1.0 1.0 1.0 1.0 0.937 1.0 1.0 1.0 1.0 1.0 1.0 1.0 1.0 1.0 1.0 1.0 1.0 1.0 1.0 1.0 1.0 1.0 1.0 1.0 1.0 1.0 1.0 1.0 1.0 1.0 1.0 1.0 1.0 1.0 1.0 1.0 1.0 1.0 1.0 1.0 1.0 1.0 1.0 1.0 1.0 1.0 1.0 1.0 1.0 1.0 1.0 1.0 1.0 1.0 1.0 1.0 1.0 1.0 1.0 1.0 1.0 1.0 1.0 1.0 1.0 1.0 1.0 1.0 1.0 1.0 1.0 1.0 1.0 1.0 1.0 1.0 1.0 1.0 1.0 1.0 1.0 1.0 1.0 1.0 1.0 1.0 1.0 1.0 1.0 1.0 1.0 1.0 1.0 1.0 1.0 1.0 1.0 1.0 1.0 1.0 1.0 1.0 1.0 1.0 1.0 1.0 1.0 1.0 1.0 1.0 1.0 1.0 1.0 1.0 1.0 1.0 1.0 1.0 1.0 1.0 1.0 1.0 1.0 1.0 1.0 1.0 1.0 1.0 1.0 1.0 1.0 1.0 1.0 1.0 1.0 1.0 1.0 1.0 1.0 1.0 1.0 1.0 1.0 1.0 1.0 1.0 1.0 1.0 1.0 1.0 1.0 0.97 1.016 1.044 0.992 0.991 1.017 1.06 1.043 0.995 1.037 0.972 1.067 1.0 1.019 1.077 0.943 1.023 0.924 0.932 1.01 1.074 1.071 1.061 1.032 1.051 0.941 0.942 0.922 0.897 0.941 0.945 1.033 1.062 1.125 0.944 1.037 0.955 0.952 0.888 1.009 0.924 0.917 1.021 1.03 0.93 1.043 1.037 1.077 0.898 1.009 0.991 1.031 1.025 0.997 1.023 0.911 0.943 0.964 0.904 0.969 1.052 0.928 0.996 1.0 1.074 0.927 1.07 0.998 1.0 1.04 1.015 0.942 1.031 1.0 0.894 0.93 1.045 1.025 1.0 1.011 0.961 0.944 0.961 1.0 0.978 1.056 0.943 1.004 1.0 0.962 0.925 1.036 0.97 1.0 0.907 1.038 1.027 1.004 1.0 0.887 1.045 1.01 0.982 1.0 0.961 1.04 1.028 1.019 1.0 0.961 0.915 0.95 0.998 1.0 0.892 0.942 1.049 0.992 1.0 1.172 0.916 0.921 1.022 1.0 1.007 0.932 1.074 0.99 1.0 0.915 0.928 1.004 1.07 1.0 0.949 0.944 0.915 0.989 1.0 1.0 0.932 0.994 1.019 1.0 1.0 0.96 0.976 0.994 1.0 1.0 1.065 1.005 0.994 1.0 1.0 0.937 0.979 0.945 1.0 1.0 0.938 1.001 0.987 1.0 1.0 0.922 0.997 1.074 1.0 1.0 1.0 0.955 1.076 1.0 1.0 1.0 1.055 1.055 1.0 1.0 1.0 0.949 0.96 1.0 1.0 1.0 0.985 0.987 1.0 1.0 1.0 0.984 0.994 1.0 1.0 1.0 0.982 1.02 1.0 1.0 1.0 1.001 0.953 1.0 1.0 1.0 0.98 0.979 1.0 1.0 1.0 0.98 0.868 1.0 1.0 1.0 0.991 0.983 1.0 1.0 1.0 0.973 0.901 1.0 1.0 1.0 0.957 0.874 1.0 1.0 1.0 0.947 0.939 1.0 1.0 1.0 1.007 0.862 1.0 1.0 1.0 0.995 0.95 1.0 1.0 1.0 1.043 1.0 1.0 1.0 1.0 0.907 1.0 1.0 1.0 1.0 0.888 1.0 1.0 1.0 1.0 1.054 1.0 1.0 1.0 1.0 0.863 1.0 1.0 1.0 1.0 0.865 1.0 1.0 1.0 1.0 0.873 1.0 1.0 1.0 1.0 0.949 1.0 1.0 1.0 1.0 0.942 1.0 1.0 1.0 1.0 0.942 1.0 1.0 1.0 1.0 0.932 1.0 1.0 1.0 1.0 1.0 1.0 1.0 1.0 1.0 1.0 1.0 1.0 1.0 1.0 1.0 1.0 1.0 1.0 1.0 1.0 1.0 1.0 1.0 1.0 1.0 1.0 1.0 1.0 1.0 1.0 1.0 1.0 1.0 1.0 1.0 1.0 1.0 1.0 1.0 1.0 1.0 1.0 1.0 1.0 1.0 1.0 1.0 1.0 1.0 1.0 1.0 1.0 1.0 1.0 1.0 1.0 1.0 1.0 1.0 1.0 1.0 1.0 1.0 1.0 1.0 1.0 1.0 1.0 1.0 1.0 1.0 1.0 1.0 1.0 1.0 1.0 1.0 1.0 1.0 1.0 1.0 1.0 1.0 1.04 1.041 0.992 1.029 0.958 0.975 1.06 1.069 1.044 1.06 1.066 1.026 0.995 1.054 1.065 0.953 0.965 0.981 0.924 0.948 1.02 1.02 1.041 0.961 1.013 0.96 1.064 0.958 1.076 0.94 1.039 0.887 1.003 0.919 1.028 0.954 1.044 0.948 1.023 1.015 1.016 1.058 1.045 0.991 1.085 1.03 1.066 1.04 1.072 0.889 0.929 1.039 1.011 1.041 1.037 1.047 0.896 1.008 1.037 1.12 1.019 1.059 1.033 1.079 0.995 1.018 0.896 1.043 1.009 1.029 1.05 1.086 0.886 0.931 0.894 1.056 1.045 0.886 1.058 0.891 1.038 1.006 1.126 1.155 1.0 1.072 0.877 1.133 1.063 1.0 1.06 1.081 0.997 0.874 1.0 1.076 0.986 1.064 1.05 1.0 0.992 0.931 1.07 0.875 1.0 0.986 1.078 0.988 1.003 1.0 0.984 0.99 0.989 0.993 1.0 1.002 1.093 1.146 0.942 1.0 1.01 1.09 0.964 1.045 1.0 1.07 0.998 0.883 0.996 1.0 1.057 1.094 1.081 0.976 1.0 1.049 0.929 0.884 0.898 1.0 0.989 1.098 1.113 0.93 1.0 1.111 0.864 1.107 0.869 1.0 1.104 0.917 1.157 0.927 1.0 0.859 1.007 0.986 1.002 1.0 0.861 1.078 1.126 0.924 1.0 0.861 1.168 0.871 1.0 1.0 0.862 0.875 0.96 1.0 1.0 0.95 0.921 1.0 1.0 1.0 0.95 0.951 1.0 1.0 1.0 0.947 0.962 1.0 1.0 1.0 1.017 0.879 1.0 1.0 1.0 0.966 0.92 1.0 1.0 1.0 1.024 0.944 1.0 1.0 1.0 1.03 1.0 1.0 1.0 1.0 0.919 1.0 1.0 1.0 1.0 1.172 1.0 1.0 1.0 1.0 0.929 1.0 1.0 1.0 1.0 0.98 1.0 1.0 1.0 1.0 1.082 1.0 1.0 1.0 1.0 0.97 1.0 1.0 1.0 1.0 0.951 1.0 1.0 1.0 1.0 1.0 1.0 1.0 1.0 1.0 1.0 1.0 1.0 1.0 1.0 1.0 1.0 1.0 1.0 1.0 1.0 1.0 1.0 1.0 1.0 1.0 1.0 1.0 1.0 1.0 1.0 1.0 1.0 1.0 1.0 1.0 1.0 1.0 1.0 1.0 1.0 1.0 1.0 1.0 1.0 1.0 1.0 1.0 1.0 1.0 1.0 1.0 1.0 1.0 1.0 1.0 1.0 1.0 1.0 1.0 1.0 1.0 1.0 1.0 1.0 1.0 1.0 1.0 1.0 1.0 1.0 1.0 1.0 1.0 1.0 1.0 1.0 1.0 1.0 1.0 1.0 1.0 1.0 1.0 1.0 1.0 1.0 1.0 1.0 1.0 1.0 1.0 1.0 1.0 1.0 1.0 1.0 1.0 1.0 1.0 1.0 1.0 1.0 1.0 1.0 1.0 1.0 1.0 1.0 1.0 1.0 1.0 1.0 1.0 1.0 1.0 1.0 1.0 1.0 1.0 1.0 1.0 1.0 1.0 1.0 1.0 1.0 1.0 1.0 1.0 1.0 1.0 1.0 1.0 1.0 1.0 1.0 1.0 1.0 1.0 0.97 1.008 1.044 1.029 0.958 1.058 0.968 1.045 0.94 1.062 1.014 0.939 0.978 1.061 1.048 0.98 0.934 1.054 0.93 0.977 1.037 1.065 1.056 1.014 0.955 1.035 1.026 0.919 1.024 1.062 1.033 0.934 1.06 1.04 0.98 1.052 0.971 0.919 1.011 1.068 0.964 0.992 1.009 1.063 1.023 0.946 0.969 0.961 1.003 1.026 1.055 1.042 0.968 1.045 1.015 1.03 0.996 1.006 0.992 0.924 0.935 1.044 1.017 1.015 1.031 1.05 0.933 0.944 0.998 1.074 0.928 1.04 0.973 1.018 0.884 1.049 1.047 1.003 1.0 1.136 0.912 1.028 1.026 1.0 1.04 0.915 1.031 0.928 1.0 1.054 1.022 1.007 1.022 1.0 1.185 0.951 0.95 0.993 1.0 0.917 1.015 0.899 1.034 1.0 0.991 1.007 0.9 1.002 1.0 1.008 1.026 1.001 0.922 1.0 1.007 1.059 0.913 1.123 1.0 1.206 0.929 0.958 0.996 1.0 1.034 0.994 1.015 1.105 1.0 0.888 1.061 0.907 0.971 1.0 1.205 0.986 0.972 1.112 1.0 1.026 1.021 1.038 0.907 1.0 0.973 0.953 1.102 0.922 1.0 1.018 1.145 0.986 0.919 1.0 0.913 1.014 1.073 0.998 1.0 0.969 1.0 1.138 1.152 1.0 1.032 1.0 1.15 0.903 1.0 0.982 1.0 0.983 0.97 1.0 0.874 1.0 1.006 0.905 1.0 0.955 1.0 0.897 0.895 1.0 0.991 1.0 0.889 0.898 1.0 1.017 1.0 0.91 1.155 1.0 1.228 1.0 1.0 0.903 1.0 0.938 1.0 1.0 0.9 1.0 1.012 1.0 1.0 1.067 1.0 1.0 1.0 1.0 0.92 1.0 1.0 1.0 1.0 1.002 1.0 1.0 1.0 1.0 1.219 1.0 1.0 1.0 1.0 1.0 1.0 1.0 1.0 1.0 1.0 1.0 1.0 1.0 1.0 1.0 1.0 1.0 1.0 1.0 1.0 1.0 1.0 1.0 1.0 1.0 1.0 1.0 1.0 1.0 1.0 1.0 1.0 1.0 1.0 1.0 1.0 1.0 1.0 1.0 1.0 1.0 1.0 1.0 1.0 1.0 1.0 1.0 1.0 1.0 1.0 1.0 1.0 1.0 1.0 1.0 1.0 1.0 1.0 1.0 1.0 1.0 1.0 1.0 1.0 1.0 1.0 1.0 1.0 1.0 1.0 1.0 1.0 1.0 1.0 1.0 1.0 1.0 1.0 1.0 1.0 1.0 1.0 1.0 1.0 1.0 1.0 1.0 1.0 1.0 1.0 1.0 1.0 1.0 1.0 1.0 1.0 1.0 1.0 1.0 1.0 1.0 1.0 1.0 1.0 1.0 1.0 1.0 1.0 1.0 1.0 1.0 1.0 1.0 1.0 1.0 1.0 1.0 1.0 1.0 1.0 1.0 1.0 1.0 1.0 1.0 1.0 1.0 1.0 1.0 1.0 1.0 1.0 1.0 1.0 1.0 1.0 1.0 1.0 1.0 1.0 1.0 1.0 1.0 1.0 1.0 1.0 1.0 1.0 1.0 1.0 1.0 1.0 1.0 1.0 1.0 1.0 1.0,1.2363917,0.23639166,0.84293145,0.3,0.18913401663303375,0.0003,5,1.093343
13,0.05844681337475777,0.9986156,1.011 1.018 0.988 0.989 0.99 0.974 1.063 1.052 0.935 0.934 1.022 1.072 0.979 1.055 1.01 1.076 0.922 0.906 0.965 0.96 1.028 1.048 0.971 1.089 1.035 1.023 0.92 1.076 1.019 1.091 1.034 0.918 1.026 0.939 1.103 0.97 0.939 1.08 1.022 1.031 1.036 1.049 1.009 0.914 0.865 0.992 0.919 1.03 1.072 0.959 1.054 0.92 1.031 1.076 0.888 0.974 1.041 1.029 1.023 0.992 0.954 0.938 0.916 1.045 1.0 1.059 1.052 0.893 0.938 1.0 1.011 1.058 1.011 1.035 1.0 1.055 1.101 1.027 1.035 1.0 1.185 0.947 1.145 1.011 1.0 1.18 0.944 1.053 0.869 1.0 1.016 0.916 1.003 1.018 1.0 0.998 0.946 0.906 0.925 1.0 1.075 0.913 0.939 1.04 1.0 0.987 1.05 1.0 0.92 1.0 0.905 0.917 1.0 0.899 1.0 0.903 1.025 1.0 0.906 1.0 0.867 0.998 1.0 0.91 1.0 0.998 0.999 1.0 0.913 1.0 0.91 1.071 1.0 0.906 1.0 0.99 0.977 1.0 1.017 1.0 1.054 0.997 1.0 1.038 1.0 0.84 0.878 1.0 0.992 1.0 0.836 1.066 1.0 0.926 1.0 1.037 1.042 1.0 1.004 1.0 1.261 1.044 1.0 0.985 1.0 1.0 0.986 1.0 0.991 1.0 1.0 0.972 1.0 0.922 1.0 1.0 0.987 1.0 1.041 1.0 1.0 0.942 1.0 0.914 1.0 1.0 0.878 1.0 0.93 1.0 1.0 1.038 1.0 1.0 1.0 1.0 1.195 1.0 1.0 1.0 1.0 0.986 1.0 1.0 1.0 1.0 0.924 1.0 1.0 1.0 1.0 0.927 1.0 1.0 1.0 1.0 0.929 1.0 1.0 1.0 1.0 0.952 1.0 1.0 1.0 1.0 0.925 1.0 1.0 1.0 1.0 1.0 1.0 1.0 1.0 1.0 1.0 1.0 1.0 1.0 1.0 1.0 1.0 1.0 1.0 1.0 1.0 1.0 1.0 1.0 1.0 1.0 1.0 1.0 1.0 1.0 1.0 1.0 1.0 1.0 1.0 1.0 1.0 1.0 1.0 1.0 1.0 1.0 1.0 1.0 1.0 1.0 1.0 1.0 1.0 1.0 1.0 1.0 1.0 1.0 1.0 1.0 1.0 1.0 1.0 1.0 1.0 1.0 1.0 1.0 1.0 1.0 1.0 1.0 1.0 1.0 1.0 1.0 1.0 1.0 1.0 1.0 1.0 1.0 1.0 1.0 1.0 1.0 1.0 1.0 1.0 1.0 1.0 1.0 1.0 1.0 1.0 1.0 1.0 1.0 1.0 1.0 1.0 1.0 1.0 1.0 1.0 1.0 1.0 1.0 1.0 1.0 1.0 1.0 1.0 1.0 1.0 1.0 1.0 1.0 1.0 1.0 1.0 1.0 1.0 1.0 1.0 1.0 1.0 1.0 1.0 1.0 1.0 1.0 1.0 1.0 1.0 1.0 1.0 1.0 1.0 1.0 1.0 1.0 1.0 1.0 1.0 1.0 1.0 1.0 1.0 1.0 1.0 1.0 1.0 1.0 1.0 1.0 1.0 1.0 1.002 0.979 1.033 0.989 0.99 1.064 0.966 0.976 0.937 0.994 1.017 1.025 1.004 0.929 1.055 1.034 0.932 0.966 0.925 1.003 0.997 1.035 1.008 0.947 0.946 1.047 0.937 1.064 1.028 0.917 0.893 1.058 0.961 1.028 0.923 1.043 1.039 1.025 1.07 0.919 0.892 0.923 1.059 0.883 1.099 0.893 1.003 1.019 0.906 1.102 0.895 0.926 0.922 0.935 0.876 1.043 0.928 0.967 1.052 0.879 1.161 0.994 1.043 0.872 0.972 0.993 1.031 1.078 0.885 1.14 0.974 1.019 1.027 1.142 0.891 0.993 1.006 1.013 0.864 1.133 0.98 0.998 0.912 0.869 0.895 1.0 1.035 1.031 0.986 0.901 1.0 1.003 0.909 0.874 1.064 1.0 1.009 1.132 0.97 0.983 1.0 0.962 0.873 0.87 0.891 1.0 0.966 0.975 0.962 1.0 1.0 1.035 0.987 0.988 1.0 1.0 0.953 0.947 0.985 1.0 1.0 1.072 0.918 0.968 1.0 1.0 1.021 0.898 0.884 1.0 1.0 1.082 0.86 1.081 1.0 1.0 0.974 0.949 0.938 1.0 1.0 0.961 1.088 0.895 1.0 1.0 0.979 0.989 1.0 1.0 1.0 1.054 0.895 1.0 1.0 1.0 0.95 0.849 1.0 1.0 1.0 0.938 0.89 1.0 1.0 1.0 0.981 1.189 1.0 1.0 1.0 0.928 1.0 1.0 1.0 1.0 0.926 1.0 1.0 1.0 1.0 0.976 1.0 1.0 1.0 1.0 1.017 1.0 1.0 1.0 1.0 0.972 1.0 1.0 1.0 1.0 1.002 1.0 1.0 1.0 1.0 1.009 1.0 1.0 1.0 1.0 0.889 1.0 1.0 1.0 1.0 1.007 1.0 1.0 1.0 1.0 0.989 1.0 1.0 1.0 1.0 1.084 1.0 1.0 1.0 1.0 0.903 1.0 1.0 1.0 1.0 1.23 1.0 1.0 1.0 1.0 1.164 1.0 1.0 1.0 1.0 0.886 1.0 1.0 1.0 1.0 1.0 1.0 1.0 1.0 1.0 1.0 1.0 1.0 1.0 1.0 1.0 1.0 1.0 1.0 1.0 1.0 1.0 1.0 1.0 1.0 1.0 1.0 1.0 1.0 1.0 1.0 1.0 1.0 1.0 1.0 1.0 1.0 1.0 1.0 1.0 1.0 1.0 1.0 1.0 1.0 1.0 1.0 1.0 1.0 1.0 1.0 1.0 1.0 1.0 1.0 1.0 1.0 1.0 1.0 1.0 1.0 1.0 1.0 1.0 1.0 1.0 1.0 1.0 1.0 1.0 1.0 1.0 1.0 1.0 1.0 1.0 1.0 1.0 1.0 1.0 1.0 1.0 1.0 1.0 1.0 1.0 1.0 1.0 1.0 1.0 1.0 1.0 1.0 1.0 1.0 1.0 1.0 1.0 1.0 1.0 1.0 1.0 1.0 1.0 1.0 1.0 1.0 1.0 1.0 1.0 1.0 1.0 1.0 1.0 1.0 1.0 1.0 1.0 1.0 1.0 1.0 1.0 1.0 1.0 1.0 1.0 1.0 1.0 1.0 1.0 1.0 1.0 1.0 1.0 1.0 1.0 1.0 1.0 1.0 1.044 1.018 0.95 1.031 0.954 0.974 0.967 1.051 0.981 0.935 1.072 1.077 0.971 1.053 1.068 0.964 1.027 1.086 1.059 0.954 1.068 1.037 1.089 0.965 0.947 0.976 0.965 0.965 1.065 1.071 1.048 0.953 1.023 0.909 0.938 0.966 0.966 1.013 0.955 1.07 1.024 1.018 1.044 1.072 0.898 1.028 1.044 1.014 0.953 1.057 0.993 1.064 1.046 1.039 1.04 0.933 0.905 1.001 0.992 0.875 0.998 1.03 1.109 0.91 0.888 1.029 1.02 0.873 1.049 0.986 1.037 1.069 0.971 1.062 0.925 1.009 1.145 0.89 1.056 0.93 1.063 1.154 0.981 1.057 1.03 0.901 0.997 0.952 1.061 0.996 0.911 0.878 0.943 0.883 1.017 1.041 0.876 0.878 0.952 1.13 0.932 0.861 1.172 1.036 0.941 1.033 0.988 1.0 0.982 0.96 0.916 0.861 1.0 0.915 0.926 1.012 0.907 1.0 1.042 1.0 0.914 1.093 1.0 1.19 1.0 0.898 0.909 1.0 0.965 1.0 0.91 1.195 1.0 1.026 1.0 0.932 1.003 1.0 0.98 1.0 0.964 0.956 1.0 1.04 1.0 1.031 1.058 1.0 0.896 1.0 1.0 0.956 1.0 0.961 1.0 0.992 0.927 1.0 1.0 1.0 0.907 0.954 1.0 1.0 1.0 1.019 0.867 1.0 1.0 1.0 1.038 0.907 1.0 1.0 1.0 0.984 0.926 1.0 1.0 1.0 0.936 0.913 1.0 1.0 1.0 1.04 0.988 1.0 1.0 1.0 0.952 1.0 1.0 1.0 1.0 1.006 1.0 1.0 1.0 1.0 0.986 1.0 1.0 1.0 1.0 0.977 1.0 1.0 1.0 1.0 0.953 1.0 1.0 1.0 1.0 0.934 1.0 1.0 1.0 1.0 1.146 1.0 1.0 1.0 1.0 1.134 1.0 1.0 1.0 1.0 1.176 1.0 1.0 1.0 1.0 1.032 1.0 1.0 1.0 1.0 0.917 1.0 1.0 1.0 1.0 0.929 1.0 1.0 1.0 1.0 1.198 1.0 1.0 1.0 1.0 0.907 1.0 1.0 1.0 1.0 1.0 1.0 1.0 1.0 1.0 1.0 1.0 1.0 1.0 1.0 1.0 1.0 1.0 1.0 1.0 1.0 1.0 1.0 1.0 1.0 1.0 1.0 1.0 1.0 1.0 1.0 1.0 1.0 1.0 1.0 1.0 1.0 1.0 1.0 1.0 1.0 1.0 1.0 1.0 1.0 1.0 1.0 1.0 1.0 1.0 1.0 1.0 1.0 1.0 1.0 1.0 1.0 1.0 1.0 1.0 1.0 1.0 1.0 1.0 1.0 1.0 1.0 1.0 1.0 1.0 1.0 1.0 1.0 1.0 1.0 1.0 1.0 1.0 1.0 1.0 1.0 1.0 1.0 1.0 1.0 1.0 1.0 1.0 1.0 1.0 1.0 1.0 1.0 1.0 1.0 1.0 1.0 1.0 1.0 1.0 1.0 1.0 1.0 1.0 1.0 1.0 1.0 1.0 1.0 1.0 1.0 1.0 1.0 1.0 1.0 1.0 1.0 1.0 1.0 1.0 1.0 1.0 1.0 1.0 1.0 1.044 1.008 0.95 1.031 1.028 0.956 0.969 1.068 0.994 0.933 0.965 1.022 0.978 0.997 0.98 0.947 1.024 1.062 0.957 1.09 0.966 1.034 1.005 1.029 0.991 1.039 1.053 1.064 0.925 1.032 1.013 1.032 1.062 1.098 0.929 0.904 1.048 1.064 1.099 1.066 1.054 0.956 1.066 1.026 1.074 0.976 0.929 0.92 1.042 1.037 1.061 1.027 1.003 1.014 1.212 1.09 1.082 1.001 1.202 1.225 1.181 1.004 0.989 0.97 1.055 1.065 1.045 1.053 1.142 0.97 1.181 1.077 1.017 1.206 1.146 0.988 1.181 1.055 1.147 0.878 1.199 0.841 1.1 0.953 1.07 1.088 1.06 0.973 1.223 0.908 0.851 1.083 1.038 0.903 1.005 0.992 1.18 1.015 0.882 1.226 1.183 0.861 1.059 0.995 1.226 0.99 0.982 1.041 0.894 0.883 1.098 1.064 1.047 0.906 1.063 1.063 0.932 0.996 1.198 0.943 1.06 0.935 1.008 1.2 0.936 0.983 1.216 0.956 0.911 0.909 1.2 0.918 0.954 1.018 1.22 1.048 0.938 0.998 0.955 1.137 0.977 1.22 0.999 0.913 0.866 0.887 1.0 0.992 0.829 1.0 0.875 1.0 1.002 1.0 1.0 0.883 1.0 0.952 1.0 1.0 0.892 1.0 0.995 1.0 1.0 1.074 1.0 1.001 1.0 1.0 1.213 1.0 1.081 1.0 1.0 0.941 1.0 0.997 1.0 1.0 1.217 1.0 0.949 1.0 1.0 0.968 1.0 0.946 1.0 1.0 0.999 1.0 0.946 1.0 1.0 0.921 1.0 0.946 1.0 1.0 1.0 1.0 0.97 1.0 1.0 1.0 1.0 1.09 1.0 1.0 1.0 1.0 1.062 1.0 1.0 1.0 1.0 1.009 1.0 1.0 1.0 1.0 1.02 1.0 1.0 1.0 1.0 1.023 1.0 1.0 1.0 1.0 1.003 1.0 1.0 1.0 1.0 1.017 1.0 1.0 1.0 1.0 1.01 1.0 1.0 1.0 1.0 0.998 1.0 1.0 1.0 1.0 0.955 1.0 1.0 1.0 1.0 0.979 1.0 1.0 1.0 1.0 0.986 1.0 1.0 1.0 1.0 0.974 1.0 1.0 1.0 1.0 0.996 1.0 1.0 1.0 1.0 1.028 1.0 1.0 1.0 1.0 1.014 1.0 1.0 1.0 1.0 1.022 1.0 1.0 1.0 1.0 0.966 1.0 1.0 1.0 1.0 0.998 1.0 1.0 1.0 1.0 1.021 1.0 1.0 1.0 1.0 1.01 1.0 1.0 1.0 1.0 0.961 1.0 1.0 1.0 1.0 0.947 1.0 1.0 1.0 1.0 0.984 1.0 1.0 1.0 1.0 0.949 1.0 1.0 1.0 1.0 1.029 1.0 1.0 1.0 1.0 0.98 1.0 1.0 1.0 1.0 1.005 1.0 1.0 1.0 1.0 0.994 1.0 1.0 1.0 1.0 1.002 1.0 1.0 1.0 1.0 0.965 1.0 1.0 1.0 1.0 0.947 1.0 1.0 1.0 1.0 0.931 1.0 1.0 1.0 1.0 0.871 1.0 1.0 1.0 1.0 0.927 1.0 1.0 0.984 1.045 0.988 1.041 0.99 1.066 0.969 1.069 0.935 1.042 0.952 1.022 0.981 0.927 1.087 0.964 1.028 1.061 0.944 0.998 0.967 1.034 0.915 0.968 1.01 1.022 1.057 0.946 1.054 0.971 1.021 0.912 0.95 1.084 0.99 0.938 1.014 1.037 1.054 1.063 0.94 1.04 1.064 1.075 0.896 1.1 1.058 1.018 1.063 1.077 1.101 0.889 1.06 0.897 1.139 1.128 0.977 1.054 1.111 1.078 1.07 1.115 0.89 1.091 0.891 0.928 1.046 1.065 1.072 1.02 0.988 1.072 0.971 1.023 1.082 0.948 1.04 0.966 1.103 1.136 1.082 1.069 1.058 0.867 1.008 1.012 1.0 1.134 1.076 1.047 0.958 1.0 0.993 1.048 0.916 0.991 1.0 0.99 0.976 0.92 0.969 1.0 0.915 0.883 1.047 1.036 1.0 0.879 0.991 0.932 1.014 1.0 0.985 1.197 1.009 1.033 1.0 1.0 0.902 1.007 0.926 1.0 0.964 0.885 1.048 0.946 1.0 0.988 0.896 0.89 1.11 1.0 0.975 1.14 0.948 0.987 1.0 1.042 0.983 0.952 0.996 1.0 0.893 0.981 1.014 0.995 1.0 1.008 0.872 0.997 1.055 1.0 0.969 0.974 0.877 0.964 1.0 0.98 0.966 1.0 1.039 1.0 0.876 0.975 1.0 0.983 1.0 0.943 0.972 1.0 0.923 1.0 1.006 0.901 1.0 0.921 1.0 1.0 1.07 1.0 0.939 1.0 1.0 0.958 1.0 0.931 1.0 1.0 0.957 1.0 0.956 1.0 1.0 1.196 1.0 1.039 1.0 1.0 1.151 1.0 0.944 1.0 1.0 0.864 1.0 0.859 1.0 1.0 0.925 1.0 0.936 1.0 1.0 0.925 1.0 0.863 1.0 1.0 1.043 1.0 1.0 1.0 1.0 1.05 1.0 1.0 1.0 1.0 1.008 1.0 1.0 1.0 1.0 0.931 1.0 1.0 1.0 1.0 1.0 1.0 1.0 1.0 1.0 1.0 1.0 1.0 1.0 1.0 1.0 1.0 1.0 1.0 1.0 1.0 1.0 1.0 1.0 1.0 1.0 1.0 1.0 1.0 1.0 1.0 1.0 1.0 1.0 1.0 1.0 1.0 1.0 1.0 1.0 1.0 1.0 1.0 1.0 1.0 1.0 1.0 1.0 1.0 1.0 1.0 1.0 1.0 1.0 1.0 1.0 1.0 1.0 1.0 1.0 1.0 1.0 1.0 1.0 1.0 1.0 1.0 1.0 1.0 1.0 1.0 1.0 1.0 1.0 1.0 1.0 1.0 1.0 1.0 1.0 1.0 1.0 1.0 1.0 1.0 1.0 1.0 1.0 1.0 1.0 1.0 1.0 1.0 1.0 1.0 1.0 1.0 1.0 1.0 1.0 1.0 1.0 1.0 1.0 1.0 1.0 1.0 1.0 1.0 1.0 1.0 1.0 1.0 1.0 1.0 1.0 1.0 1.0 1.0 1.0 1.0 1.0 1.0 1.0 1.0 1.0 1.0 1.0 1.0 1.0 1.0 1.0 1.0 1.0 1.0 1.0 1.0 1.0 1.0 1.0 1.0 1.0 1.0 1.0 1.0 1.0 1.0 0.968 1.018 1.049 0.991 0.99 1.018 1.066 1.047 0.995 1.04 0.969 1.074 0.999 1.02 1.084 0.938 1.024 0.917 0.926 1.01 1.082 1.079 1.066 1.034 1.055 0.936 0.937 0.916 0.888 0.936 0.94 1.036 1.067 1.138 0.939 1.039 0.951 0.948 0.878 1.01 0.917 0.91 1.022 1.032 0.924 1.047 1.04 1.084 0.889 1.009 0.991 1.033 1.027 0.996 1.025 0.903 0.939 0.96 0.896 0.967 1.056 0.922 0.995 1.0 1.081 0.921 1.076 0.998 1.0 1.044 1.016 0.936 1.034 1.0 0.885 0.923 1.049 1.027 1.0 1.012 0.957 0.94 0.958 1.0 0.975 1.061 0.938 1.004 1.0 0.958 0.918 1.039 0.967 1.0 0.898 1.041 1.03 1.004 1.0 0.876 1.048 1.011 0.981 1.0 0.957 1.044 1.03 1.021 1.0 0.957 0.907 0.945 0.998 1.0 0.882 0.937 1.054 0.991 1.0 1.19 0.908 0.914 1.024 1.0 1.006 0.926 1.081 0.989 1.0 0.907 0.921 1.004 1.077 1.0 0.944 0.939 0.908 0.988 1.0 1.0 0.926 0.994 1.021 1.0 1.0 0.956 0.975 0.993 1.0 1.0 1.07 1.006 0.994 1.0 1.0 0.931 0.976 0.939 1.0 1.0 0.932 1.001 0.986 1.0 1.0 0.915 0.997 1.081 1.0 1.0 1.0 0.951 1.084 1.0 1.0 1.0 1.061 1.06 1.0 1.0 1.0 0.944 0.956 1.0 1.0 1.0 0.984 0.986 1.0 1.0 1.0 0.982 0.993 1.0 1.0 1.0 0.98 1.021 1.0 1.0 1.0 1.0 0.949 1.0 1.0 1.0 0.978 0.977 1.0 1.0 1.0 0.978 0.856 1.0 1.0 1.0 0.991 0.981 1.0 1.0 1.0 0.971 0.892 1.0 1.0 1.0 0.953 0.863 1.0 1.0 1.0 0.943 0.933 1.0 1.0 1.0 1.007 0.849 1.0 1.0 1.0 0.995 0.946 1.0 1.0 1.0 1.046 1.0 1.0 1.0 1.0 0.898 1.0 1.0 1.0 1.0 0.878 1.0 1.0 1.0 1.0 1.058 1.0 1.0 1.0 1.0 0.851 1.0 1.0 1.0 1.0 0.853 1.0 1.0 1.0 1.0 0.862 1.0 1.0 1.0 1.0 0.944 1.0 1.0 1.0 1.0 0.937 1.0 1.0 1.0 1.0 0.936 1.0 1.0 1.0 1.0 0.925 1.0 1.0 1.0 1.0 1.0 1.0 1.0 1.0 1.0 1.0 1.0 1.0 1.0 1.0 1.0 1.0 1.0 1.0 1.0 1.0 1.0 1.0 1.0 1.0 1.0 1.0 1.0 1.0 1.0 1.0 1.0 1.0 1.0 1.0 1.0 1.0 1.0 1.0 1.0 1.0 1.0 1.0 1.0 1.0 1.0 1.0 1.0 1.0 1.0 1.0 1.0 1.0 1.0 1.0 1.0 1.0 1.0 1.0 1.0 1.0 1.0 1.0 1.0 1.0 1.0 1.0 1.0 1.0 1.0 1.0 1.0 1.0 1.0 1.0 1.0 1.0 1.0 1.0 1.0 1.0 1.0 1.0 1.0 1.044 1.045 0.991 1.031 0.954 0.973 1.067 1.076 1.047 1.066 1.073 1.027 0.994 1.058 1.071 0.949 0.962 0.979 0.917 0.944 1.022 1.022 1.045 0.958 1.015 0.956 1.07 0.954 1.084 0.934 1.043 0.878 1.003 0.912 1.031 0.95 1.048 0.943 1.024 1.016 1.017 1.063 1.049 0.99 1.093 1.032 1.071 1.043 1.079 0.879 0.923 1.041 1.012 1.044 1.04 1.051 0.887 1.008 1.04 1.132 1.021 1.063 1.035 1.086 0.994 1.019 0.887 1.046 1.009 1.031 1.054 1.093 0.876 0.925 0.885 1.061 1.049 0.876 1.062 0.882 1.041 1.006 1.139 1.171 1.0 1.078 0.867 1.146 1.068 1.0 1.065 1.087 0.995 0.862 1.0 1.083 0.985 1.069 1.053 1.0 0.991 0.925 1.076 0.864 1.0 0.984 1.084 0.986 1.002 1.0 0.982 0.989 0.987 0.992 1.0 1.002 1.101 1.161 0.937 1.0 1.011 1.098 0.961 1.049 1.0 1.076 0.998 0.872 0.995 1.0 1.062 1.102 1.088 0.973 1.0 1.052 0.923 0.873 0.889 1.0 0.988 1.107 1.124 0.923 1.0 1.122 0.852 1.118 0.857 1.0 1.114 0.909 1.173 0.92 1.0 0.848 1.006 0.984 1.0 1.0 0.849 1.084 1.138 0.917 1.0 0.849 1.186 0.86 1.0 1.0 0.851 0.864 0.955 1.0 1.0 0.945 0.914 1.0 1.0 1.0 0.945 0.947 1.0 1.0 1.0 0.941 0.959 1.0 1.0 1.0 1.019 0.868 1.0 1.0 1.0 0.962 0.912 1.0 1.0 1.0 1.026 0.939 1.0 1.0 1.0 1.033 1.0 1.0 1.0 1.0 0.912 1.0 1.0 1.0 1.0 1.19 1.0 1.0 1.0 1.0 0.923 1.0 1.0 1.0 1.0 0.978 1.0 1.0 1.0 1.0 1.089 1.0 1.0 1.0 1.0 0.967 1.0 1.0 1.0 1.0 0.946 1.0 1.0 1.0 1.0 1.0 1.0 1.0 1.0 1.0 1.0 1.0 1.0 1.0 1.0 1.0 1.0 1.0 1.0 1.0 1.0 1.0 1.0 1.0 1.0 1.0 1.0 1.0 1.0 1.0 1.0 1.0 1.0 1.0 1.0 1.0 1.0 1.0 1.0 1.0 1.0 1.0 1.0 1.0 1.0 1.0 1.0 1.0 1.0 1.0 1.0 1.0 1.0 1.0 1.0 1.0 1.0 1.0 1.0 1.0 1.0 1.0 1.0 1.0 1.0 1.0 1.0 1.0 1.0 1.0 1.0 1.0 1.0 1.0 1.0 1.0 1.0 1.0 1.0 1.0 1.0 1.0 1.0 1.0 1.0 1.0 1.0 1.0 1.0 1.0 1.0 1.0 1.0 1.0 1.0 1.0 1.0 1.0 1.0 1.0 1.0 1.0 1.0 1.0 1.0 1.0 1.0 1.0 1.0 1.0 1.0 1.0 1.0 1.0 1.0 1.0 1.0 1.0 1.0 1.0 1.0 1.0 1.0 1.0 1.0 1.0 1.0 1.0 1.0 1.0 1.0 1.0 1.0 1.0 1.0 1.0 1.0 1.0 1.0 1.0 0.968 1.008 1.049 1.031 0.954 1.064 0.965 1.049 0.934 1.068 1.015 0.934 0.976 1.068 1.052 0.978 0.928 1.059 0.923 0.975 1.04 1.072 1.061 1.015 0.951 1.038 1.028 0.911 1.026 1.067 1.036 0.929 1.065 1.044 0.979 1.057 0.969 0.912 1.011 1.074 0.961 0.991 1.01 1.068 1.024 0.941 0.966 0.958 1.002 1.028 1.06 1.046 0.965 1.048 1.016 1.033 0.996 1.006 0.991 0.917 0.929 1.048 1.019 1.015 1.034 1.054 0.928 0.94 0.997 1.08 0.922 1.044 0.97 1.019 0.874 1.054 1.051 1.003 1.0 1.15 0.904 1.03 1.028 1.0 1.043 0.907 1.033 0.921 1.0 1.058 1.024 1.007 1.023 1.0 1.204 0.946 0.945 0.992 1.0 0.909 1.016 0.89 1.037 1.0 0.99 1.008 0.891 1.002 1.0 1.008 1.028 1.001 0.915 1.0 1.007 1.064 0.906 1.136 1.0 1.228 0.923 0.954 0.995 1.0 1.036 0.994 1.016 1.116 1.0 0.878 1.067 0.899 0.967 1.0 1.226 0.985 0.97 1.123 1.0 1.027 1.022 1.041 0.899 1.0 0.97 0.949 1.112 0.915 1.0 1.019 1.16 0.985 0.912 1.0 0.905 1.015 1.079 0.998 1.0 0.966 1.0 1.152 1.167 1.0 1.033 1.0 1.165 0.894 1.0 0.98 1.0 0.981 0.967 1.0 0.863 1.0 1.006 0.896 1.0 0.95 1.0 0.888 0.886 1.0 0.99 1.0 0.88 0.889 1.0 1.017 1.0 0.902 1.17 1.0 1.252 1.0 1.0 0.894 1.0 0.932 1.0 1.0 0.89 1.0 1.012 1.0 1.0 1.073 1.0 1.0 1.0 1.0 0.912 1.0 1.0 1.0 1.0 1.001 1.0 1.0 1.0 1.0 1.242 1.0 1.0 1.0 1.0 1.0 1.0 1.0 1.0 1.0 1.0 1.0 1.0 1.0 1.0 1.0 1.0 1.0 1.0 1.0 1.0 1.0 1.0 1.0 1.0 1.0 1.0 1.0 1.0 1.0 1.0 1.0 1.0 1.0 1.0 1.0 1.0 1.0 1.0 1.0 1.0 1.0 1.0 1.0 1.0 1.0 1.0 1.0 1.0 1.0 1.0 1.0 1.0 1.0 1.0 1.0 1.0 1.0 1.0 1.0 1.0 1.0 1.0 1.0 1.0 1.0 1.0 1.0 1.0 1.0 1.0 1.0 1.0 1.0 1.0 1.0 1.0 1.0 1.0 1.0 1.0 1.0 1.0 1.0 1.0 1.0 1.0 1.0 1.0 1.0 1.0 1.0 1.0 1.0 1.0 1.0 1.0 1.0 1.0 1.0 1.0 1.0 1.0 1.0 1.0 1.0 1.0 1.0 1.0 1.0 1.0 1.0 1.0 1.0 1.0 1.0 1.0 1.0 1.0 1.0 1.0 1.0 1.0 1.0 1.0 1.0 1.0 1.0 1.0 1.0 1.0 1.0 1.0 1.0 1.0 1.0 1.0 1.0 1.0 1.0 1.0 1.0 1.0 1.0 1.0 1.0 1.0 1.0 1.0 1.0 1.0 1.0 1.0 1.0 1.0 1.0 1.0 1.0,1.2612576,0.26125765,0.8290465,0.3,0.2067318558692932,0.0003,5,1.2078626
14,0.06392788887023926,0.9984802,1.011 1.019 0.987 0.989 0.988 0.972 1.069 1.055 0.929 0.928 1.023 1.079 0.977 1.06 1.01 1.083 0.916 0.898 0.962 0.957 1.03 1.051 0.968 1.097 1.038 1.024 0.913 1.083 1.02 1.099 1.036 0.911 1.028 0.934 1.112 0.967 0.934 1.087 1.024 1.033 1.039 1.053 1.01 0.907 0.855 0.991 0.912 1.033 1.078 0.955 1.059 0.913 1.034 1.082 0.879 0.972 1.044 1.031 1.025 0.991 0.95 0.933 0.909 1.048 1.0 1.064 1.056 0.884 0.933 1.0 1.012 1.062 1.011 1.037 1.0 1.059 1.111 1.029 1.037 1.0 1.203 0.943 1.158 1.011 1.0 1.197 0.939 1.056 0.858 1.0 1.016 0.909 1.002 1.019 1.0 0.997 0.941 0.898 0.919 1.0 1.081 0.905 0.933 1.043 1.0 0.986 1.054 1.0 0.914 1.0 0.897 0.91 1.0 0.89 1.0 0.895 1.027 1.0 0.898 1.0 0.856 0.998 1.0 0.903 1.0 0.997 0.999 1.0 0.906 1.0 0.903 1.077 1.0 0.899 1.0 0.988 0.975 1.0 1.017 1.0 1.058 0.996 1.0 1.04 1.0 0.827 0.868 1.0 0.991 1.0 0.823 1.071 1.0 0.92 1.0 1.039 1.046 1.0 1.003 1.0 1.287 1.047 1.0 0.983 1.0 1.0 0.984 1.0 0.989 1.0 1.0 0.97 1.0 0.915 1.0 1.0 0.986 1.0 1.043 1.0 1.0 0.937 1.0 0.906 1.0 1.0 0.868 1.0 0.925 1.0 1.0 1.041 1.0 1.0 1.0 1.0 1.214 1.0 1.0 1.0 1.0 0.984 1.0 1.0 1.0 1.0 0.918 1.0 1.0 1.0 1.0 0.92 1.0 1.0 1.0 1.0 0.923 1.0 1.0 1.0 1.0 0.947 1.0 1.0 1.0 1.0 0.918 1.0 1.0 1.0 1.0 1.0 1.0 1.0 1.0 1.0 1.0 1.0 1.0 1.0 1.0 1.0 1.0 1.0 1.0 1.0 1.0 1.0 1.0 1.0 1.0 1.0 1.0 1.0 1.0 1.0 1.0 1.0 1.0 1.0 1.0 1.0 1.0 1.0 1.0 1.0 1.0 1.0 1.0 1.0 1.0 1.0 1.0 1.0 1.0 1.0 1.0 1.0 1.0 1.0 1.0 1.0 1.0 1.0 1.0 1.0 1.0 1.0 1.0 1.0 1.0 1.0 1.0 1.0 1.0 1.0 1.0 1.0 1.0 1.0 1.0 1.0 1.0 1.0 1.0 1.0 1.0 1.0 1.0 1.0 1.0 1.0 1.0 1.0 1.0 1.0 1.0 1.0 1.0 1.0 1.0 1.0 1.0 1.0 1.0 1.0 1.0 1.0 1.0 1.0 1.0 1.0 1.0 1.0 1.0 1.0 1.0 1.0 1.0 1.0 1.0 1.0 1.0 1.0 1.0 1.0 1.0 1.0 1.0 1.0 1.0 1.0 1.0 1.0 1.0 1.0 1.0 1.0 1.0 1.0 1.0 1.0 1.0 1.0 1.0 1.0 1.0 1.0 1.0 1.0 1.0 1.0 1.0 1.0 1.0 1.0 1.0 1.0 1.0 1.0 1.002 0.977 1.036 0.989 0.988 1.07 0.963 0.974 0.932 0.993 1.018 1.027 1.003 0.923 1.059 1.036 0.927 0.963 0.919 1.004 0.996 1.037 1.008 0.943 0.941 1.051 0.933 1.069 1.03 0.91 0.885 1.064 0.958 1.03 0.917 1.047 1.043 1.026 1.077 0.912 0.883 0.917 1.063 0.874 1.108 0.884 1.003 1.021 0.899 1.111 0.887 0.921 0.916 0.929 0.866 1.046 0.923 0.964 1.055 0.869 1.175 0.993 1.047 0.861 0.969 0.992 1.034 1.085 0.875 1.153 0.971 1.02 1.03 1.156 0.882 0.992 1.006 1.014 0.852 1.145 0.978 0.997 0.905 0.858 0.887 1.0 1.037 1.033 0.984 0.892 1.0 1.003 0.902 0.864 1.069 1.0 1.01 1.144 0.967 0.981 1.0 0.959 0.863 0.86 0.882 1.0 0.963 0.972 0.958 1.0 1.0 1.037 0.985 0.986 1.0 1.0 0.949 0.941 0.984 1.0 1.0 1.078 0.911 0.964 1.0 1.0 1.022 0.889 0.875 1.0 1.0 1.09 0.848 1.088 1.0 1.0 0.972 0.943 0.932 1.0 1.0 0.957 1.095 0.886 1.0 1.0 0.977 0.987 1.0 1.0 1.0 1.058 0.885 1.0 1.0 1.0 0.946 0.837 1.0 1.0 1.0 0.932 0.88 1.0 1.0 1.0 0.98 1.208 1.0 1.0 1.0 0.921 1.0 1.0 1.0 1.0 0.919 1.0 1.0 1.0 1.0 0.974 1.0 1.0 1.0 1.0 1.018 1.0 1.0 1.0 1.0 0.97 1.0 1.0 1.0 1.0 1.002 1.0 1.0 1.0 1.0 1.009 1.0 1.0 1.0 1.0 0.879 1.0 1.0 1.0 1.0 1.007 1.0 1.0 1.0 1.0 0.987 1.0 1.0 1.0 1.0 1.091 1.0 1.0 1.0 1.0 0.894 1.0 1.0 1.0 1.0 1.252 1.0 1.0 1.0 1.0 1.179 1.0 1.0 1.0 1.0 0.875 1.0 1.0 1.0 1.0 1.0 1.0 1.0 1.0 1.0 1.0 1.0 1.0 1.0 1.0 1.0 1.0 1.0 1.0 1.0 1.0 1.0 1.0 1.0 1.0 1.0 1.0 1.0 1.0 1.0 1.0 1.0 1.0 1.0 1.0 1.0 1.0 1.0 1.0 1.0 1.0 1.0 1.0 1.0 1.0 1.0 1.0 1.0 1.0 1.0 1.0 1.0 1.0 1.0 1.0 1.0 1.0 1.0 1.0 1.0 1.0 1.0 1.0 1.0 1.0 1.0 1.0 1.0 1.0 1.0 1.0 1.0 1.0 1.0 1.0 1.0 1.0 1.0 1.0 1.0 1.0 1.0 1.0 1.0 1.0 1.0 1.0 1.0 1.0 1.0 1.0 1.0 1.0 1.0 1.0 1.0 1.0 1.0 1.0 1.0 1.0 1.0 1.0 1.0 1.0 1.0 1.0 1.0 1.0 1.0 1.0 1.0 1.0 1.0 1.0 1.0 1.0 1.0 1.0 1.0 1.0 1.0 1.0 1.0 1.0 1.0 1.0 1.0 1.0 1.0 1.0 1.0 1.0 1.0 1.0 1.0 1.0 1.0 1.0 1.048 1.019 0.946 1.034 0.95 0.972 0.964 1.055 0.979 0.93 1.079 1.084 0.968 1.057 1.075 0.961 1.029 1.094 1.063 0.95 1.074 1.04 1.097 0.962 0.943 0.975 0.963 0.962 1.07 1.077 1.053 0.949 1.024 0.902 0.933 0.964 0.963 1.014 0.951 1.076 1.026 1.019 1.048 1.078 0.89 1.03 1.048 1.014 0.949 1.061 0.992 1.07 1.049 1.042 1.042 0.928 0.897 1.001 0.991 0.864 0.999 1.032 1.119 0.904 0.879 1.031 1.021 0.863 1.052 0.985 1.041 1.074 0.968 1.067 0.919 1.01 1.158 0.88 1.061 0.924 1.067 1.168 0.979 1.062 1.032 0.893 0.996 0.947 1.066 0.994 0.905 0.868 0.937 0.874 1.017 1.043 0.866 0.868 0.948 1.142 0.926 0.85 1.187 1.038 0.935 1.035 0.986 1.0 0.981 0.956 0.909 0.85 1.0 0.907 0.919 1.013 0.899 1.0 1.045 1.0 0.907 1.1 1.0 1.208 1.0 0.89 0.902 1.0 0.962 1.0 0.902 1.213 1.0 1.027 1.0 0.927 1.002 1.0 0.978 1.0 0.961 0.952 1.0 1.042 1.0 1.033 1.063 1.0 0.887 1.0 1.0 0.952 1.0 0.958 1.0 0.992 0.921 1.0 1.0 1.0 0.9 0.95 1.0 1.0 1.0 1.02 0.857 1.0 1.0 1.0 1.041 0.898 1.0 1.0 1.0 0.983 0.92 1.0 1.0 1.0 0.931 0.905 1.0 1.0 1.0 1.043 0.986 1.0 1.0 1.0 0.948 1.0 1.0 1.0 1.0 1.006 1.0 1.0 1.0 1.0 0.985 1.0 1.0 1.0 1.0 0.975 1.0 1.0 1.0 1.0 0.949 1.0 1.0 1.0 1.0 0.929 1.0 1.0 1.0 1.0 1.16 1.0 1.0 1.0 1.0 1.146 1.0 1.0 1.0 1.0 1.193 1.0 1.0 1.0 1.0 1.035 1.0 1.0 1.0 1.0 0.909 1.0 1.0 1.0 1.0 0.922 1.0 1.0 1.0 1.0 1.218 1.0 1.0 1.0 1.0 0.898 1.0 1.0 1.0 1.0 1.0 1.0 1.0 1.0 1.0 1.0 1.0 1.0 1.0 1.0 1.0 1.0 1.0 1.0 1.0 1.0 1.0 1.0 1.0 1.0 1.0 1.0 1.0 1.0 1.0 1.0 1.0 1.0 1.0 1.0 1.0 1.0 1.0 1.0 1.0 1.0 1.0 1.0 1.0 1.0 1.0 1.0 1.0 1.0 1.0 1.0 1.0 1.0 1.0 1.0 1.0 1.0 1.0 1.0 1.0 1.0 1.0 1.0 1.0 1.0 1.0 1.0 1.0 1.0 1.0 1.0 1.0 1.0 1.0 1.0 1.0 1.0 1.0 1.0 1.0 1.0 1.0 1.0 1.0 1.0 1.0 1.0 1.0 1.0 1.0 1.0 1.0 1.0 1.0 1.0 1.0 1.0 1.0 1.0 1.0 1.0 1.0 1.0 1.0 1.0 1.0 1.0 1.0 1.0 1.0 1.0 1.0 1.0 1.0 1.0 1.0 1.0 1.0 1.0 1.0 1.0 1.0 1.0 1.0 1.0 1.048 1.009 0.946 1.034 1.03 0.953 0.967 1.074 0.993 0.927 0.963 1.024 0.975 0.996 0.978 0.942 1.026 1.067 0.954 1.099 0.963 1.038 1.005 1.031 0.991 1.041 1.057 1.069 0.919 1.035 1.014 1.034 1.067 1.107 0.923 0.896 1.051 1.07 1.107 1.071 1.059 0.952 1.072 1.027 1.08 0.974 0.923 0.914 1.045 1.039 1.066 1.029 1.003 1.014 1.233 1.097 1.089 1.0 1.221 1.246 1.198 1.003 0.988 0.967 1.059 1.07 1.048 1.057 1.155 0.966 1.198 1.082 1.018 1.226 1.16 0.986 1.199 1.06 1.16 0.867 1.219 0.828 1.109 0.949 1.075 1.094 1.064 0.971 1.244 0.9 0.839 1.09 1.041 0.894 1.004 0.991 1.196 1.016 0.873 1.247 1.201 0.85 1.064 0.994 1.247 0.989 0.979 1.045 0.885 0.873 1.106 1.068 1.051 0.898 1.067 1.068 0.925 0.995 1.217 0.938 1.064 0.929 1.008 1.219 0.93 0.981 1.236 0.953 0.903 0.901 1.22 0.91 0.95 1.018 1.241 1.051 0.933 0.997 0.95 1.15 0.974 1.241 0.998 0.905 0.855 0.878 1.0 0.991 0.815 1.0 0.865 1.0 1.002 1.0 1.0 0.873 1.0 0.948 1.0 1.0 0.882 1.0 0.995 1.0 1.0 1.08 1.0 1.001 1.0 1.0 1.235 1.0 1.088 1.0 1.0 0.935 1.0 0.997 1.0 1.0 1.239 1.0 0.944 1.0 1.0 0.965 1.0 0.942 1.0 1.0 0.998 1.0 0.942 1.0 1.0 0.914 1.0 0.942 1.0 1.0 1.0 1.0 0.968 1.0 1.0 1.0 1.0 1.098 1.0 1.0 1.0 1.0 1.068 1.0 1.0 1.0 1.0 1.009 1.0 1.0 1.0 1.0 1.021 1.0 1.0 1.0 1.0 1.024 1.0 1.0 1.0 1.0 1.004 1.0 1.0 1.0 1.0 1.019 1.0 1.0 1.0 1.0 1.01 1.0 1.0 1.0 1.0 0.998 1.0 1.0 1.0 1.0 0.95 1.0 1.0 1.0 1.0 0.977 1.0 1.0 1.0 1.0 0.985 1.0 1.0 1.0 1.0 0.972 1.0 1.0 1.0 1.0 0.996 1.0 1.0 1.0 1.0 1.03 1.0 1.0 1.0 1.0 1.015 1.0 1.0 1.0 1.0 1.023 1.0 1.0 1.0 1.0 0.964 1.0 1.0 1.0 1.0 0.998 1.0 1.0 1.0 1.0 1.023 1.0 1.0 1.0 1.0 1.011 1.0 1.0 1.0 1.0 0.958 1.0 1.0 1.0 1.0 0.943 1.0 1.0 1.0 1.0 0.982 1.0 1.0 1.0 1.0 0.944 1.0 1.0 1.0 1.0 1.031 1.0 1.0 1.0 1.0 0.978 1.0 1.0 1.0 1.0 1.006 1.0 1.0 1.0 1.0 0.993 1.0 1.0 1.0 1.0 1.002 1.0 1.0 1.0 1.0 0.961 1.0 1.0 1.0 1.0 0.942 1.0 1.0 1.0 1.0 0.925 1.0 1.0 1.0 1.0 0.86 1.0 1.0 1.0 1.0 0.92 1.0 1.0 0.982 1.05 0.987 1.045 0.989 1.072 0.967 1.075 0.93 1.045 0.948 1.023 0.979 0.921 1.095 0.961 1.031 1.066 0.94 0.997 0.965 1.037 0.908 0.965 1.01 1.025 1.062 0.941 1.059 0.969 1.022 0.905 0.945 1.091 0.989 0.933 1.015 1.039 1.058 1.067 0.936 1.043 1.07 1.081 0.888 1.109 1.063 1.02 1.068 1.083 1.11 0.88 1.065 0.889 1.152 1.14 0.975 1.058 1.121 1.084 1.076 1.125 0.881 1.097 0.882 0.923 1.049 1.071 1.077 1.021 0.987 1.077 0.969 1.023 1.088 0.944 1.042 0.964 1.111 1.149 1.089 1.075 1.062 0.856 1.008 1.013 1.0 1.146 1.081 1.051 0.955 1.0 0.992 1.051 0.909 0.991 1.0 0.988 0.973 0.913 0.967 1.0 0.907 0.873 1.05 1.039 1.0 0.869 0.989 0.926 1.015 1.0 0.983 1.216 1.009 1.035 1.0 1.0 0.893 1.007 0.921 1.0 0.961 0.875 1.051 0.941 1.0 0.987 0.887 0.882 1.12 1.0 0.973 1.153 0.944 0.985 1.0 1.045 0.981 0.947 0.995 1.0 0.884 0.979 1.015 0.995 1.0 1.008 0.861 0.996 1.06 1.0 0.967 0.971 0.867 0.96 1.0 0.979 0.963 1.0 1.042 1.0 0.866 0.972 1.0 0.981 1.0 0.938 0.97 1.0 0.916 1.0 1.005 0.892 1.0 0.914 1.0 1.0 1.076 1.0 0.933 1.0 1.0 0.954 1.0 0.925 1.0 1.0 0.952 1.0 0.952 1.0 1.0 1.215 1.0 1.042 1.0 1.0 1.165 1.0 0.939 1.0 1.0 0.853 1.0 0.847 1.0 1.0 0.919 1.0 0.93 1.0 1.0 0.918 1.0 0.852 1.0 1.0 1.046 1.0 1.0 1.0 1.0 1.053 1.0 1.0 1.0 1.0 1.008 1.0 1.0 1.0 1.0 0.924 1.0 1.0 1.0 1.0 1.0 1.0 1.0 1.0 1.0 1.0 1.0 1.0 1.0 1.0 1.0 1.0 1.0 1.0 1.0 1.0 1.0 1.0 1.0 1.0 1.0 1.0 1.0 1.0 1.0 1.0 1.0 1.0 1.0 1.0 1.0 1.0 1.0 1.0 1.0 1.0 1.0 1.0 1.0 1.0 1.0 1.0 1.0 1.0 1.0 1.0 1.0 1.0 1.0 1.0 1.0 1.0 1.0 1.0 1.0 1.0 1.0 1.0 1.0 1.0 1.0 1.0 1.0 1.0 1.0 1.0 1.0 1.0 1.0 1.0 1.0 1.0 1.0 1.0 1.0 1.0 1.0 1.0 1.0 1.0 1.0 1.0 1.0 1.0 1.0 1.0 1.0 1.0 1.0 1.0 1.0 1.0 1.0 1.0 1.0 1.0 1.0 1.0 1.0 1.0 1.0 1.0 1.0 1.0 1.0 1.0 1.0 1.0 1.0 1.0 1.0 1.0 1.0 1.0 1.0 1.0 1.0 1.0 1.0 1.0 1.0 1.0 1.0 1.0 1.0 1.0 1.0 1.0 1.0 1.0 1.0 1.0 1.0 1.0 1.0 1.0 1.0 1.0 1.0 1.0 1.0 1.0 0.965 1.019 1.053 0.99 0.989 1.019 1.072 1.051 0.994 1.043 0.966 1.081 0.998 1.022 1.092 0.933 1.025 0.91 0.92 1.01 1.089 1.086 1.071 1.037 1.06 0.931 0.932 0.909 0.879 0.931 0.936 1.038 1.072 1.151 0.935 1.042 0.947 0.945 0.869 1.011 0.911 0.903 1.023 1.033 0.919 1.05 1.043 1.092 0.881 1.01 0.99 1.035 1.028 0.995 1.027 0.896 0.934 0.957 0.887 0.964 1.061 0.915 0.994 1.0 1.087 0.915 1.083 0.998 1.0 1.048 1.017 0.931 1.037 1.0 0.876 0.916 1.052 1.03 1.0 1.012 0.953 0.936 0.955 1.0 0.972 1.066 0.933 1.004 1.0 0.954 0.911 1.043 0.963 1.0 0.889 1.045 1.032 1.004 1.0 0.866 1.051 1.011 0.979 1.0 0.953 1.047 1.032 1.023 1.0 0.953 0.898 0.941 0.997 1.0 0.872 0.931 1.058 0.991 1.0 1.208 0.901 0.907 1.026 1.0 1.005 0.92 1.088 0.989 1.0 0.899 0.914 1.004 1.084 1.0 0.938 0.933 0.9 0.988 1.0 1.0 0.919 0.993 1.023 1.0 1.0 0.952 0.973 0.992 1.0 1.0 1.076 1.007 0.993 1.0 1.0 0.925 0.974 0.933 1.0 1.0 0.926 1.001 0.985 1.0 1.0 0.907 0.996 1.089 1.0 1.0 1.0 0.946 1.092 1.0 1.0 1.0 1.067 1.066 1.0 1.0 1.0 0.939 0.952 1.0 1.0 1.0 0.982 0.985 1.0 1.0 1.0 0.98 0.993 1.0 1.0 1.0 0.978 1.023 1.0 1.0 1.0 1.0 0.945 1.0 1.0 1.0 0.975 0.974 1.0 1.0 1.0 0.976 0.843 1.0 1.0 1.0 0.99 0.979 1.0 1.0 1.0 0.969 0.883 1.0 1.0 1.0 0.948 0.851 1.0 1.0 1.0 0.939 0.926 1.0 1.0 1.0 1.007 0.835 1.0 1.0 1.0 0.995 0.94 1.0 1.0 1.0 1.049 1.0 1.0 1.0 1.0 0.889 1.0 1.0 1.0 1.0 0.868 1.0 1.0 1.0 1.0 1.062 1.0 1.0 1.0 1.0 0.839 1.0 1.0 1.0 1.0 0.841 1.0 1.0 1.0 1.0 0.85 1.0 1.0 1.0 1.0 0.939 1.0 1.0 1.0 1.0 0.931 1.0 1.0 1.0 1.0 0.93 1.0 1.0 1.0 1.0 0.919 1.0 1.0 1.0 1.0 1.0 1.0 1.0 1.0 1.0 1.0 1.0 1.0 1.0 1.0 1.0 1.0 1.0 1.0 1.0 1.0 1.0 1.0 1.0 1.0 1.0 1.0 1.0 1.0 1.0 1.0 1.0 1.0 1.0 1.0 1.0 1.0 1.0 1.0 1.0 1.0 1.0 1.0 1.0 1.0 1.0 1.0 1.0 1.0 1.0 1.0 1.0 1.0 1.0 1.0 1.0 1.0 1.0 1.0 1.0 1.0 1.0 1.0 1.0 1.0 1.0 1.0 1.0 1.0 1.0 1.0 1.0 1.0 1.0 1.0 1.0 1.0 1.0 1.0 1.0 1.0 1.0 1.0 1.0 1.048 1.05 0.99 1.034 0.95 0.971 1.073 1.083 1.051 1.072 1.079 1.029 0.993 1.062 1.078 0.944 0.959 0.977 0.91 0.939 1.023 1.024 1.049 0.954 1.016 0.952 1.076 0.951 1.092 0.929 1.047 0.868 1.003 0.905 1.033 0.946 1.051 0.939 1.025 1.016 1.018 1.068 1.053 0.99 1.102 1.035 1.077 1.046 1.086 0.87 0.918 1.044 1.012 1.047 1.043 1.056 0.878 1.008 1.043 1.145 1.022 1.068 1.037 1.093 0.993 1.02 0.878 1.049 1.01 1.033 1.059 1.101 0.865 0.92 0.875 1.066 1.052 0.865 1.067 0.872 1.044 1.006 1.152 1.188 1.0 1.085 0.857 1.16 1.073 1.0 1.07 1.094 0.994 0.851 1.0 1.091 0.983 1.075 1.057 1.0 0.99 0.919 1.082 0.853 1.0 0.983 1.091 0.985 1.001 1.0 0.98 0.988 0.986 0.99 1.0 1.001 1.109 1.175 0.931 1.0 1.012 1.106 0.957 1.052 1.0 1.082 0.997 0.861 0.993 1.0 1.067 1.11 1.096 0.969 1.0 1.056 0.916 0.862 0.88 1.0 0.987 1.115 1.136 0.916 1.0 1.134 0.84 1.128 0.846 1.0 1.124 0.902 1.189 0.913 1.0 0.836 1.005 0.981 0.999 1.0 0.838 1.091 1.151 0.91 1.0 0.838 1.204 0.848 1.0 1.0 0.839 0.853 0.951 1.0 1.0 0.94 0.907 1.0 1.0 1.0 0.94 0.943 1.0 1.0 1.0 0.936 0.955 1.0 1.0 1.0 1.021 0.858 1.0 1.0 1.0 0.958 0.905 1.0 1.0 1.0 1.029 0.934 1.0 1.0 1.0 1.036 1.0 1.0 1.0 1.0 0.905 1.0 1.0 1.0 1.0 1.208 1.0 1.0 1.0 1.0 0.916 1.0 1.0 1.0 1.0 0.976 1.0 1.0 1.0 1.0 1.096 1.0 1.0 1.0 1.0 0.964 1.0 1.0 1.0 1.0 0.94 1.0 1.0 1.0 1.0 1.0 1.0 1.0 1.0 1.0 1.0 1.0 1.0 1.0 1.0 1.0 1.0 1.0 1.0 1.0 1.0 1.0 1.0 1.0 1.0 1.0 1.0 1.0 1.0 1.0 1.0 1.0 1.0 1.0 1.0 1.0 1.0 1.0 1.0 1.0 1.0 1.0 1.0 1.0 1.0 1.0 1.0 1.0 1.0 1.0 1.0 1.0 1.0 1.0 1.0 1.0 1.0 1.0 1.0 1.0 1.0 1.0 1.0 1.0 1.0 1.0 1.0 1.0 1.0 1.0 1.0 1.0 1.0 1.0 1.0 1.0 1.0 1.0 1.0 1.0 1.0 1.0 1.0 1.0 1.0 1.0 1.0 1.0 1.0 1.0 1.0 1.0 1.0 1.0 1.0 1.0 1.0 1.0 1.0 1.0 1.0 1.0 1.0 1.0 1.0 1.0 1.0 1.0 1.0 1.0 1.0 1.0 1.0 1.0 1.0 1.0 1.0 1.0 1.0 1.0 1.0 1.0 1.0 1.0 1.0 1.0 1.0 1.0 1.0 1.0 1.0 1.0 1.0 1.0 1.0 1.0 1.0 1.0 1.0 1.0 0.965 1.009 1.053 1.034 0.95 1.07 0.963 1.052 0.929 1.074 1.015 0.928 0.974 1.074 1.056 0.976 0.923 1.063 0.917 0.973 1.043 1.079 1.065 1.016 0.947 1.04 1.03 0.904 1.028 1.072 1.039 0.923 1.069 1.047 0.977 1.061 0.966 0.904 1.012 1.08 0.958 0.99 1.01 1.074 1.026 0.936 0.963 0.954 1.001 1.03 1.065 1.05 0.962 1.052 1.017 1.035 0.996 1.007 0.989 0.91 0.923 1.052 1.02 1.015 1.036 1.059 0.922 0.935 0.996 1.086 0.916 1.048 0.967 1.02 0.864 1.058 1.056 1.004 1.0 1.164 0.897 1.033 1.031 1.0 1.045 0.9 1.036 0.915 1.0 1.062 1.025 1.007 1.025 1.0 1.224 0.942 0.941 0.992 1.0 0.901 1.017 0.882 1.039 1.0 0.988 1.008 0.882 1.002 1.0 1.007 1.03 1.001 0.908 1.0 1.007 1.07 0.898 1.148 1.0 1.25 0.916 0.95 0.994 1.0 1.038 0.993 1.017 1.127 1.0 0.867 1.072 0.891 0.964 1.0 1.248 0.984 0.967 1.134 1.0 1.028 1.023 1.044 0.891 1.0 0.966 0.945 1.122 0.909 1.0 1.019 1.175 0.983 0.904 1.0 0.896 1.015 1.086 0.997 1.0 0.962 1.0 1.166 1.183 1.0 1.035 1.0 1.18 0.885 1.0 0.978 1.0 0.98 0.964 1.0 0.852 1.0 1.006 0.887 1.0 0.945 1.0 0.88 0.877 1.0 0.988 1.0 0.871 0.879 1.0 1.017 1.0 0.893 1.186 1.0 1.277 1.0 1.0 0.885 1.0 0.925 1.0 1.0 0.881 1.0 1.011 1.0 1.0 1.079 1.0 1.0 1.0 1.0 0.904 1.0 1.0 1.0 1.0 1.0 1.0 1.0 1.0 1.0 1.267 1.0 1.0 1.0 1.0 1.0 1.0 1.0 1.0 1.0 1.0 1.0 1.0 1.0 1.0 1.0 1.0 1.0 1.0 1.0 1.0 1.0 1.0 1.0 1.0 1.0 1.0 1.0 1.0 1.0 1.0 1.0 1.0 1.0 1.0 1.0 1.0 1.0 1.0 1.0 1.0 1.0 1.0 1.0 1.0 1.0 1.0 1.0 1.0 1.0 1.0 1.0 1.0 1.0 1.0 1.0 1.0 1.0 1.0 1.0 1.0 1.0 1.0 1.0 1.0 1.0 1.0 1.0 1.0 1.0 1.0 1.0 1.0 1.0 1.0 1.0 1.0 1.0 1.0 1.0 1.0 1.0 1.0 1.0 1.0 1.0 1.0 1.0 1.0 1.0 1.0 1.0 1.0 1.0 1.0 1.0 1.0 1.0 1.0 1.0 1.0 1.0 1.0 1.0 1.0 1.0 1.0 1.0 1.0 1.0 1.0 1.0 1.0 1.0 1.0 1.0 1.0 1.0 1.0 1.0 1.0 1.0 1.0 1.0 1.0 1.0 1.0 1.0 1.0 1.0 1.0 1.0 1.0 1.0 1.0 1.0 1.0 1.0 1.0 1.0 1.0 1.0 1.0 1.0 1.0 1.0 1.0 1.0 1.0 1.0 1.0 1.0 1.0 1.0 1.0 1.0 1.0 1.0,1.2870282,0.2870282,0.8151214,0.3,0.22462350130081177,0.0003,5,1.3264239
15,0.06957042217254639,0.99834025,1.012 1.02 0.986 0.988 0.987 0.97 1.075 1.059 0.924 0.923 1.024 1.086 0.975 1.064 1.011 1.09 0.909 0.89 0.959 0.954 1.031 1.054 0.966 1.106 1.041 1.026 0.907 1.09 1.021 1.107 1.039 0.905 1.03 0.93 1.121 0.964 0.93 1.093 1.026 1.035 1.042 1.056 1.011 0.901 0.844 0.991 0.906 1.035 1.084 0.951 1.063 0.906 1.036 1.089 0.87 0.97 1.047 1.033 1.026 0.989 0.947 0.929 0.902 1.052 1.0 1.068 1.06 0.876 0.928 1.0 1.012 1.066 1.01 1.039 1.0 1.063 1.12 1.03 1.039 1.0 1.22 0.939 1.172 1.012 1.0 1.214 0.935 1.06 0.847 1.0 1.017 0.901 1.0 1.019 1.0 0.996 0.937 0.889 0.912 1.0 1.086 0.897 0.927 1.046 1.0 0.984 1.057 1.0 0.907 1.0 0.889 0.904 1.0 0.882 1.0 0.887 1.029 1.0 0.889 1.0 0.845 0.998 1.0 0.895 1.0 0.996 0.999 1.0 0.899 1.0 0.895 1.082 1.0 0.891 1.0 0.986 0.973 1.0 1.018 1.0 1.061 0.996 1.0 1.043 1.0 0.814 0.859 1.0 0.99 1.0 0.809 1.076 1.0 0.914 1.0 1.041 1.049 1.0 1.002 1.0 1.314 1.05 1.0 0.982 1.0 1.0 0.983 1.0 0.987 1.0 1.0 0.967 1.0 0.908 1.0 1.0 0.984 1.0 1.046 1.0 1.0 0.932 1.0 0.899 1.0 1.0 0.858 1.0 0.919 1.0 1.0 1.043 1.0 1.0 1.0 1.0 1.234 1.0 1.0 1.0 1.0 0.982 1.0 1.0 1.0 1.0 0.912 1.0 1.0 1.0 1.0 0.914 1.0 1.0 1.0 1.0 0.917 1.0 1.0 1.0 1.0 0.942 1.0 1.0 1.0 1.0 0.91 1.0 1.0 1.0 1.0 1.0 1.0 1.0 1.0 1.0 1.0 1.0 1.0 1.0 1.0 1.0 1.0 1.0 1.0 1.0 1.0 1.0 1.0 1.0 1.0 1.0 1.0 1.0 1.0 1.0 1.0 1.0 1.0 1.0 1.0 1.0 1.0 1.0 1.0 1.0 1.0 1.0 1.0 1.0 1.0 1.0 1.0 1.0 1.0 1.0 1.0 1.0 1.0 1.0 1.0 1.0 1.0 1.0 1.0 1.0 1.0 1.0 1.0 1.0 1.0 1.0 1.0 1.0 1.0 1.0 1.0 1.0 1.0 1.0 1.0 1.0 1.0 1.0 1.0 1.0 1.0 1.0 1.0 1.0 1.0 1.0 1.0 1.0 1.0 1.0 1.0 1.0 1.0 1.0 1.0 1.0 1.0 1.0 1.0 1.0 1.0 1.0 1.0 1.0 1.0 1.0 1.0 1.0 1.0 1.0 1.0 1.0 1.0 1.0 1.0 1.0 1.0 1.0 1.0 1.0 1.0 1.0 1.0 1.0 1.0 1.0 1.0 1.0 1.0 1.0 1.0 1.0 1.0 1.0 1.0 1.0 1.0 1.0 1.0 1.0 1.0 1.0 1.0 1.0 1.0 1.0 1.0 1.0 1.0 1.0 1.0 1.0 1.0 1.0 1.002 0.976 1.038 0.988 0.987 1.076 0.961 0.972 0.927 0.992 1.019 1.029 1.002 0.917 1.063 1.038 0.921 0.961 0.912 1.005 0.995 1.038 1.007 0.939 0.937 1.055 0.928 1.074 1.032 0.904 0.876 1.07 0.955 1.032 0.911 1.05 1.047 1.028 1.083 0.906 0.875 0.911 1.068 0.864 1.117 0.876 1.004 1.022 0.891 1.12 0.878 0.916 0.91 0.924 0.856 1.049 0.918 0.961 1.059 0.86 1.19 0.992 1.05 0.85 0.966 0.99 1.036 1.092 0.865 1.167 0.968 1.021 1.032 1.171 0.873 0.991 1.006 1.014 0.841 1.158 0.975 0.997 0.898 0.847 0.878 1.0 1.04 1.034 0.982 0.884 1.0 1.003 0.894 0.854 1.073 1.0 1.01 1.157 0.963 0.978 1.0 0.955 0.853 0.849 0.873 1.0 0.96 0.969 0.953 1.0 1.0 1.04 0.983 0.984 1.0 1.0 0.945 0.935 0.981 1.0 1.0 1.085 0.904 0.96 1.0 1.0 1.023 0.88 0.865 1.0 1.0 1.098 0.837 1.094 1.0 1.0 0.97 0.938 0.925 1.0 1.0 0.954 1.101 0.877 1.0 1.0 0.975 0.984 1.0 1.0 1.0 1.063 0.876 1.0 1.0 1.0 0.941 0.824 1.0 1.0 1.0 0.926 0.87 1.0 1.0 1.0 0.978 1.227 1.0 1.0 1.0 0.915 1.0 1.0 1.0 1.0 0.913 1.0 1.0 1.0 1.0 0.972 1.0 1.0 1.0 1.0 1.02 1.0 1.0 1.0 1.0 0.967 1.0 1.0 1.0 1.0 1.002 1.0 1.0 1.0 1.0 1.009 1.0 1.0 1.0 1.0 0.869 1.0 1.0 1.0 1.0 1.006 1.0 1.0 1.0 1.0 0.985 1.0 1.0 1.0 1.0 1.097 1.0 1.0 1.0 1.0 0.885 1.0 1.0 1.0 1.0 1.276 1.0 1.0 1.0 1.0 1.195 1.0 1.0 1.0 1.0 0.865 1.0 1.0 1.0 1.0 1.0 1.0 1.0 1.0 1.0 1.0 1.0 1.0 1.0 1.0 1.0 1.0 1.0 1.0 1.0 1.0 1.0 1.0 1.0 1.0 1.0 1.0 1.0 1.0 1.0 1.0 1.0 1.0 1.0 1.0 1.0 1.0 1.0 1.0 1.0 1.0 1.0 1.0 1.0 1.0 1.0 1.0 1.0 1.0 1.0 1.0 1.0 1.0 1.0 1.0 1.0 1.0 1.0 1.0 1.0 1.0 1.0 1.0 1.0 1.0 1.0 1.0 1.0 1.0 1.0 1.0 1.0 1.0 1.0 1.0 1.0 1.0 1.0 1.0 1.0 1.0 1.0 1.0 1.0 1.0 1.0 1.0 1.0 1.0 1.0 1.0 1.0 1.0 1.0 1.0 1.0 1.0 1.0 1.0 1.0 1.0 1.0 1.0 1.0 1.0 1.0 1.0 1.0 1.0 1.0 1.0 1.0 1.0 1.0 1.0 1.0 1.0 1.0 1.0 1.0 1.0 1.0 1.0 1.0 1.0 1.0 1.0 1.0 1.0 1.0 1.0 1.0 1.0 1.0 1.0 1.0 1.0 1.0 1.0 1.052 1.02 0.942 1.036 0.946 0.97 0.962 1.058 0.978 0.924 1.086 1.092 0.966 1.061 1.081 0.959 1.03 1.103 1.067 0.947 1.081 1.043 1.106 0.959 0.939 0.974 0.96 0.959 1.075 1.083 1.058 0.946 1.026 0.894 0.928 0.962 0.96 1.014 0.947 1.082 1.028 1.021 1.051 1.086 0.881 1.031 1.052 1.015 0.944 1.065 0.992 1.075 1.053 1.045 1.044 0.923 0.889 1.0 0.99 0.854 0.999 1.034 1.129 0.897 0.87 1.033 1.022 0.853 1.056 0.983 1.045 1.079 0.965 1.072 0.913 1.011 1.172 0.87 1.065 0.919 1.071 1.182 0.976 1.066 1.033 0.884 0.995 0.942 1.071 0.993 0.899 0.858 0.931 0.866 1.017 1.046 0.856 0.857 0.944 1.154 0.92 0.838 1.204 1.04 0.93 1.038 0.984 1.0 0.979 0.952 0.903 0.839 1.0 0.9 0.913 1.014 0.892 1.0 1.047 1.0 0.9 1.107 1.0 1.227 1.0 0.882 0.895 1.0 0.959 1.0 0.895 1.232 1.0 1.029 1.0 0.921 1.001 1.0 0.976 1.0 0.958 0.948 1.0 1.045 1.0 1.036 1.067 1.0 0.878 1.0 0.999 0.948 1.0 0.954 1.0 0.991 0.915 1.0 1.0 1.0 0.893 0.946 1.0 1.0 1.0 1.02 0.846 1.0 1.0 1.0 1.044 0.89 1.0 1.0 1.0 0.981 0.913 1.0 1.0 1.0 0.926 0.897 1.0 1.0 1.0 1.046 0.984 1.0 1.0 1.0 0.945 1.0 1.0 1.0 1.0 1.006 1.0 1.0 1.0 1.0 0.984 1.0 1.0 1.0 1.0 0.974 1.0 1.0 1.0 1.0 0.945 1.0 1.0 1.0 1.0 0.924 1.0 1.0 1.0 1.0 1.173 1.0 1.0 1.0 1.0 1.158 1.0 1.0 1.0 1.0 1.21 1.0 1.0 1.0 1.0 1.037 1.0 1.0 1.0 1.0 0.901 1.0 1.0 1.0 1.0 0.916 1.0 1.0 1.0 1.0 1.237 1.0 1.0 1.0 1.0 0.89 1.0 1.0 1.0 1.0 1.0 1.0 1.0 1.0 1.0 1.0 1.0 1.0 1.0 1.0 1.0 1.0 1.0 1.0 1.0 1.0 1.0 1.0 1.0 1.0 1.0 1.0 1.0 1.0 1.0 1.0 1.0 1.0 1.0 1.0 1.0 1.0 1.0 1.0 1.0 1.0 1.0 1.0 1.0 1.0 1.0 1.0 1.0 1.0 1.0 1.0 1.0 1.0 1.0 1.0 1.0 1.0 1.0 1.0 1.0 1.0 1.0 1.0 1.0 1.0 1.0 1.0 1.0 1.0 1.0 1.0 1.0 1.0 1.0 1.0 1.0 1.0 1.0 1.0 1.0 1.0 1.0 1.0 1.0 1.0 1.0 1.0 1.0 1.0 1.0 1.0 1.0 1.0 1.0 1.0 1.0 1.0 1.0 1.0 1.0 1.0 1.0 1.0 1.0 1.0 1.0 1.0 1.0 1.0 1.0 1.0 1.0 1.0 1.0 1.0 1.0 1.0 1.0 1.0 1.0 1.0 1.0 1.0 1.0 1.0 1.052 1.009 0.942 1.036 1.032 0.949 0.964 1.08 0.992 0.921 0.96 1.025 0.973 0.995 0.976 0.937 1.027 1.071 0.95 1.108 0.96 1.041 1.004 1.033 0.991 1.044 1.061 1.074 0.913 1.037 1.015 1.037 1.071 1.116 0.917 0.889 1.055 1.076 1.116 1.077 1.063 0.949 1.078 1.029 1.086 0.972 0.917 0.907 1.048 1.041 1.07 1.031 1.004 1.014 1.254 1.104 1.096 1.0 1.241 1.269 1.217 1.003 0.987 0.963 1.063 1.074 1.05 1.061 1.168 0.963 1.217 1.088 1.019 1.246 1.174 0.984 1.216 1.064 1.173 0.857 1.239 0.815 1.118 0.944 1.08 1.1 1.068 0.968 1.265 0.892 0.827 1.097 1.044 0.886 1.004 0.99 1.213 1.017 0.863 1.268 1.219 0.839 1.069 0.992 1.269 0.987 0.977 1.048 0.876 0.863 1.113 1.072 1.055 0.89 1.072 1.072 0.919 0.995 1.237 0.933 1.068 0.923 1.009 1.239 0.924 0.978 1.257 0.949 0.894 0.893 1.24 0.902 0.947 1.018 1.262 1.054 0.927 0.997 0.945 1.162 0.971 1.263 0.998 0.897 0.843 0.868 1.0 0.99 0.801 1.0 0.854 1.0 1.002 1.0 1.0 0.863 1.0 0.943 1.0 1.0 0.873 1.0 0.995 1.0 1.0 1.085 1.0 1.001 1.0 1.0 1.257 1.0 1.096 1.0 1.0 0.929 1.0 0.997 1.0 1.0 1.261 1.0 0.94 1.0 1.0 0.962 1.0 0.937 1.0 1.0 0.996 1.0 0.937 1.0 1.0 0.907 1.0 0.937 1.0 1.0 1.0 1.0 0.965 1.0 1.0 1.0 1.0 1.106 1.0 1.0 1.0 1.0 1.073 1.0 1.0 1.0 1.0 1.01 1.0 1.0 1.0 1.0 1.023 1.0 1.0 1.0 1.0 1.026 1.0 1.0 1.0 1.0 1.004 1.0 1.0 1.0 1.0 1.02 1.0 1.0 1.0 1.0 1.011 1.0 1.0 1.0 1.0 0.998 1.0 1.0 1.0 1.0 0.946 1.0 1.0 1.0 1.0 0.974 1.0 1.0 1.0 1.0 0.984 1.0 1.0 1.0 1.0 0.97 1.0 1.0 1.0 1.0 0.995 1.0 1.0 1.0 1.0 1.032 1.0 1.0 1.0 1.0 1.016 1.0 1.0 1.0 1.0 1.025 1.0 1.0 1.0 1.0 0.961 1.0 1.0 1.0 1.0 0.998 1.0 1.0 1.0 1.0 1.025 1.0 1.0 1.0 1.0 1.012 1.0 1.0 1.0 1.0 0.955 1.0 1.0 1.0 1.0 0.938 1.0 1.0 1.0 1.0 0.981 1.0 1.0 1.0 1.0 0.939 1.0 1.0 1.0 1.0 1.033 1.0 1.0 1.0 1.0 0.977 1.0 1.0 1.0 1.0 1.006 1.0 1.0 1.0 1.0 0.992 1.0 1.0 1.0 1.0 1.002 1.0 1.0 1.0 1.0 0.957 1.0 1.0 1.0 1.0 0.938 1.0 1.0 1.0 1.0 0.918 1.0 1.0 1.0 1.0 0.849 1.0 1.0 1.0 1.0 0.913 1.0 1.0 0.981 1.054 0.986 1.05 0.988 1.078 0.964 1.081 0.925 1.048 0.944 1.024 0.977 0.915 1.103 0.958 1.034 1.07 0.935 0.996 0.962 1.039 0.901 0.963 1.01 1.027 1.066 0.937 1.063 0.967 1.023 0.898 0.941 1.098 0.988 0.928 1.016 1.042 1.063 1.072 0.931 1.046 1.075 1.087 0.879 1.118 1.068 1.021 1.073 1.089 1.119 0.871 1.069 0.881 1.166 1.152 0.972 1.062 1.132 1.09 1.082 1.135 0.873 1.104 0.874 0.917 1.051 1.076 1.082 1.021 0.986 1.083 0.967 1.024 1.094 0.94 1.044 0.961 1.119 1.162 1.096 1.08 1.066 0.844 1.007 1.013 1.0 1.16 1.086 1.054 0.951 1.0 0.99 1.054 0.902 0.99 1.0 0.986 0.969 0.906 0.964 1.0 0.9 0.863 1.054 1.042 1.0 0.858 0.988 0.92 1.016 1.0 0.981 1.236 1.009 1.038 1.0 0.999 0.885 1.007 0.915 1.0 0.958 0.865 1.055 0.936 1.0 0.985 0.879 0.873 1.131 1.0 0.97 1.166 0.939 0.984 1.0 1.048 0.979 0.943 0.994 1.0 0.876 0.976 1.015 0.994 1.0 1.007 0.851 0.996 1.064 1.0 0.964 0.969 0.858 0.957 1.0 0.976 0.959 1.0 1.045 1.0 0.857 0.969 1.0 0.979 1.0 0.932 0.967 1.0 0.91 1.0 1.004 0.884 1.0 0.907 1.0 1.0 1.082 1.0 0.927 1.0 1.0 0.95 1.0 0.919 1.0 1.0 0.947 1.0 0.947 1.0 1.0 1.234 1.0 1.046 1.0 1.0 1.18 1.0 0.933 1.0 1.0 0.841 1.0 0.835 1.0 1.0 0.912 1.0 0.924 1.0 1.0 0.911 1.0 0.841 1.0 1.0 1.048 1.0 1.0 1.0 1.0 1.056 1.0 1.0 1.0 1.0 1.007 1.0 1.0 1.0 1.0 0.918 1.0 1.0 1.0 1.0 1.0 1.0 1.0 1.0 1.0 1.0 1.0 1.0 1.0 1.0 1.0 1.0 1.0 1.0 1.0 1.0 1.0 1.0 1.0 1.0 1.0 1.0 1.0 1.0 1.0 1.0 1.0 1.0 1.0 1.0 1.0 1.0 1.0 1.0 1.0 1.0 1.0 1.0 1.0 1.0 1.0 1.0 1.0 1.0 1.0 1.0 1.0 1.0 1.0 1.0 1.0 1.0 1.0 1.0 1.0 1.0 1.0 1.0 1.0 1.0 1.0 1.0 1.0 1.0 1.0 1.0 1.0 1.0 1.0 1.0 1.0 1.0 1.0 1.0 1.0 1.0 1.0 1.0 1.0 1.0 1.0 1.0 1.0 1.0 1.0 1.0 1.0 1.0 1.0 1.0 1.0 1.0 1.0 1.0 1.0 1.0 1.0 1.0 1.0 1.0 1.0 1.0 1.0 1.0 1.0 1.0 1.0 1.0 1.0 1.0 1.0 1.0 1.0 1.0 1.0 1.0 1.0 1.0 1.0 1.0 1.0 1.0 1.0 1.0 1.0 1.0 1.0 1.0 1.0 1.0 1.0 1.0 1.0 1.0 1.0 1.0 1.0 1.0 1.0 1.0 1.0 1.0 0.962 1.02 1.058 0.989 0.988 1.02 1.078 1.054 0.994 1.045 0.963 1.088 0.997 1.023 1.1 0.928 1.026 0.903 0.915 1.009 1.097 1.094 1.076 1.039 1.064 0.926 0.927 0.902 0.87 0.925 0.931 1.04 1.077 1.164 0.931 1.044 0.942 0.941 0.859 1.012 0.905 0.896 1.024 1.035 0.913 1.054 1.046 1.1 0.872 1.01 0.989 1.037 1.03 0.994 1.028 0.889 0.929 0.953 0.879 0.961 1.065 0.909 0.993 1.0 1.094 0.909 1.09 0.997 1.0 1.052 1.018 0.926 1.039 1.0 0.868 0.909 1.056 1.032 1.0 1.012 0.949 0.932 0.952 1.0 0.969 1.072 0.928 1.004 1.0 0.95 0.904 1.046 0.96 1.0 0.88 1.048 1.034 1.005 1.0 0.855 1.054 1.011 0.978 1.0 0.948 1.051 1.034 1.024 1.0 0.948 0.889 0.937 0.997 1.0 0.862 0.925 1.063 0.99 1.0 1.228 0.893 0.9 1.028 1.0 1.005 0.914 1.095 0.988 1.0 0.89 0.907 1.004 1.092 1.0 0.933 0.928 0.893 0.987 1.0 1.0 0.911 0.992 1.024 1.0 1.0 0.948 0.972 0.991 1.0 1.0 1.082 1.007 0.992 1.0 1.0 0.92 0.971 0.928 1.0 1.0 0.921 1.0 0.985 1.0 1.0 0.9 0.996 1.097 1.0 1.0 1.0 0.941 1.1 1.0 1.0 1.0 1.073 1.072 1.0 1.0 1.0 0.934 0.949 1.0 1.0 1.0 0.98 0.984 1.0 1.0 1.0 0.978 0.992 1.0 1.0 1.0 0.976 1.024 1.0 1.0 1.0 0.999 0.941 1.0 1.0 1.0 0.973 0.97 1.0 1.0 1.0 0.974 0.831 1.0 1.0 1.0 0.99 0.976 1.0 1.0 1.0 0.966 0.873 1.0 1.0 1.0 0.944 0.839 1.0 1.0 1.0 0.934 0.919 1.0 1.0 1.0 1.007 0.822 1.0 1.0 1.0 0.995 0.935 1.0 1.0 1.0 1.052 1.0 1.0 1.0 1.0 0.881 1.0 1.0 1.0 1.0 0.858 1.0 1.0 1.0 1.0 1.066 1.0 1.0 1.0 1.0 0.827 1.0 1.0 1.0 1.0 0.829 1.0 1.0 1.0 1.0 0.839 1.0 1.0 1.0 1.0 0.933 1.0 1.0 1.0 1.0 0.925 1.0 1.0 1.0 1.0 0.924 1.0 1.0 1.0 1.0 0.912 1.0 1.0 1.0 1.0 1.0 1.0 1.0 1.0 1.0 1.0 1.0 1.0 1.0 1.0 1.0 1.0 1.0 1.0 1.0 1.0 1.0 1.0 1.0 1.0 1.0 1.0 1.0 1.0 1.0 1.0 1.0 1.0 1.0 1.0 1.0 1.0 1.0 1.0 1.0 1.0 1.0 1.0 1.0 1.0 1.0 1.0 1.0 1.0 1.0 1.0 1.0 1.0 1.0 1.0 1.0 1.0 1.0 1.0 1.0 1.0 1.0 1.0 1.0 1.0 1.0 1.0 1.0 1.0 1.0 1.0 1.0 1.0 1.0 1.0 1.0 1.0 1.0 1.0 1.0 1.0 1.0 1.0 1.0 1.052 1.054 0.989 1.036 0.946 0.969 1.079 1.09 1.054 1.078 1.086 1.03 0.992 1.067 1.084 0.94 0.955 0.976 0.903 0.934 1.025 1.025 1.054 0.951 1.018 0.948 1.082 0.948 1.1 0.924 1.051 0.858 1.004 0.897 1.036 0.942 1.054 0.935 1.027 1.017 1.019 1.073 1.057 0.989 1.111 1.038 1.082 1.049 1.093 0.86 0.912 1.047 1.012 1.05 1.045 1.06 0.869 1.008 1.046 1.158 1.023 1.073 1.039 1.1 0.992 1.021 0.869 1.051 1.01 1.034 1.063 1.108 0.854 0.914 0.866 1.071 1.056 0.854 1.071 0.862 1.047 1.005 1.166 1.205 1.0 1.091 0.847 1.174 1.078 1.0 1.076 1.1 0.992 0.839 1.0 1.098 0.982 1.08 1.06 1.0 0.989 0.913 1.088 0.841 1.0 0.982 1.097 0.982 1.0 1.0 0.978 0.987 0.984 0.987 1.0 1.001 1.117 1.191 0.925 1.0 1.013 1.113 0.953 1.056 1.0 1.088 0.996 0.85 0.991 1.0 1.071 1.117 1.103 0.965 1.0 1.06 0.91 0.852 0.87 1.0 0.985 1.123 1.147 0.909 1.0 1.145 0.828 1.139 0.834 1.0 1.135 0.894 1.206 0.905 1.0 0.825 1.004 0.979 0.998 1.0 0.826 1.097 1.164 0.903 1.0 0.826 1.222 0.837 1.0 1.0 0.828 0.842 0.946 1.0 1.0 0.935 0.9 1.0 1.0 1.0 0.935 0.938 1.0 1.0 1.0 0.93 0.951 1.0 1.0 1.0 1.023 0.847 1.0 1.0 1.0 0.955 0.897 1.0 1.0 1.0 1.031 0.929 1.0 1.0 1.0 1.039 1.0 1.0 1.0 1.0 0.898 1.0 1.0 1.0 1.0 1.226 1.0 1.0 1.0 1.0 0.909 1.0 1.0 1.0 1.0 0.973 1.0 1.0 1.0 1.0 1.103 1.0 1.0 1.0 1.0 0.961 1.0 1.0 1.0 1.0 0.935 1.0 1.0 1.0 1.0 1.0 1.0 1.0 1.0 1.0 1.0 1.0 1.0 1.0 1.0 1.0 1.0 1.0 1.0 1.0 1.0 1.0 1.0 1.0 1.0 1.0 1.0 1.0 1.0 1.0 1.0 1.0 1.0 1.0 1.0 1.0 1.0 1.0 1.0 1.0 1.0 1.0 1.0 1.0 1.0 1.0 1.0 1.0 1.0 1.0 1.0 1.0 1.0 1.0 1.0 1.0 1.0 1.0 1.0 1.0 1.0 1.0 1.0 1.0 1.0 1.0 1.0 1.0 1.0 1.0 1.0 1.0 1.0 1.0 1.0 1.0 1.0 1.0 1.0 1.0 1.0 1.0 1.0 1.0 1.0 1.0 1.0 1.0 1.0 1.0 1.0 1.0 1.0 1.0 1.0 1.0 1.0 1.0 1.0 1.0 1.0 1.0 1.0 1.0 1.0 1.0 1.0 1.0 1.0 1.0 1.0 1.0 1.0 1.0 1.0 1.0 1.0 1.0 1.0 1.0 1.0 1.0 1.0 1.0 1.0 1.0 1.0 1.0 1.0 1.0 1.0 1.0 1.0 1.0 1.0 1.0 1.0 1.0 1.0 1.0 0.962 1.009 1.058 1.036 0.946 1.076 0.96 1.056 0.923 1.08 1.015 0.922 0.972 1.081 1.06 0.973 0.917 1.067 0.91 0.971 1.047 1.086 1.07 1.016 0.943 1.043 1.031 0.897 1.029 1.078 1.042 0.918 1.074 1.051 0.975 1.065 0.963 0.897 1.012 1.087 0.955 0.989 1.01 1.08 1.027 0.931 0.961 0.951 1.0 1.032 1.07 1.054 0.96 1.055 1.018 1.038 0.996 1.007 0.987 0.903 0.917 1.055 1.021 1.015 1.038 1.063 0.917 0.931 0.995 1.092 0.909 1.052 0.964 1.021 0.854 1.062 1.06 1.004 1.0 1.179 0.889 1.036 1.033 1.0 1.048 0.892 1.038 0.909 1.0 1.066 1.027 1.007 1.027 1.0 1.245 0.937 0.936 0.991 1.0 0.894 1.018 0.873 1.042 1.0 0.986 1.009 0.873 1.002 1.0 1.007 1.032 1.001 0.901 1.0 1.006 1.075 0.891 1.162 1.0 1.273 0.91 0.946 0.993 1.0 1.039 0.992 1.017 1.138 1.0 0.856 1.078 0.883 0.961 1.0 1.271 0.982 0.964 1.146 1.0 1.029 1.025 1.047 0.882 1.0 0.963 0.94 1.133 0.902 1.0 1.02 1.191 0.982 0.897 1.0 0.888 1.015 1.092 0.995 1.0 0.958 1.0 1.18 1.199 1.0 1.037 1.0 1.195 0.876 1.0 0.975 1.0 0.978 0.96 1.0 0.84 1.0 1.005 0.878 1.0 0.94 1.0 0.871 0.867 1.0 0.986 1.0 0.861 0.87 1.0 1.017 1.0 0.885 1.201 1.0 1.303 1.0 1.0 0.876 1.0 0.918 1.0 1.0 0.871 1.0 1.01 1.0 1.0 1.084 1.0 1.0 1.0 1.0 0.896 1.0 1.0 1.0 1.0 0.999 1.0 1.0 1.0 1.0 1.291 1.0 1.0 1.0 1.0 1.0 1.0 1.0 1.0 1.0 1.0 1.0 1.0 1.0 1.0 1.0 1.0 1.0 1.0 1.0 1.0 1.0 1.0 1.0 1.0 1.0 1.0 1.0 1.0 1.0 1.0 1.0 1.0 1.0 1.0 1.0 1.0 1.0 1.0 1.0 1.0 1.0 1.0 1.0 1.0 1.0 1.0 1.0 1.0 1.0 1.0 1.0 1.0 1.0 1.0 1.0 1.0 1.0 1.0 1.0 1.0 1.0 1.0 1.0 1.0 1.0 1.0 1.0 1.0 1.0 1.0 1.0 1.0 1.0 1.0 1.0 1.0 1.0 1.0 1.0 1.0 1.0 1.0 1.0 1.0 1.0 1.0 1.0 1.0 1.0 1.0 1.0 1.0 1.0 1.0 1.0 1.0 1.0 1.0 1.0 1.0 1.0 1.0 1.0 1.0 1.0 1.0 1.0 1.0 1.0 1.0 1.0 1.0 1.0 1.0 1.0 1.0 1.0 1.0 1.0 1.0 1.0 1.0 1.0 1.0 1.0 1.0 1.0 1.0 1.0 1.0 1.0 1.0 1.0 1.0 1.0 1.0 1.0 1.0 1.0 1.0 1.0 1.0 1.0 1.0 1.0 1.0 1.0 1.0 1.0 1.0 1.0 1.0 1.0 1.0 1.0 1.0 1.0,1.3137814,0.31378138,0.8011647,0.3,0.2428618222475052,0.0003,5,1.4492155
16,0.0753837451338768,0.9981953,1.013 1.021 0.985 0.987 0.986 0.968 1.082 1.062 0.918 0.917 1.026 1.094 0.973 1.068 1.011 1.097 0.902 0.882 0.956 0.951 1.032 1.057 0.963 1.114 1.044 1.026 0.9 1.098 1.022 1.115 1.041 0.898 1.031 0.925 1.131 0.961 0.925 1.1 1.027 1.036 1.044 1.059 1.012 0.894 0.832 0.99 0.899 1.037 1.091 0.946 1.067 0.9 1.038 1.095 0.861 0.968 1.049 1.035 1.028 0.988 0.943 0.925 0.895 1.056 1.0 1.073 1.063 0.867 0.922 1.0 1.012 1.07 1.01 1.04 1.0 1.067 1.13 1.031 1.041 1.0 1.239 0.935 1.187 1.012 1.0 1.232 0.931 1.064 0.837 1.0 1.017 0.894 0.999 1.019 1.0 0.995 0.933 0.88 0.906 1.0 1.092 0.89 0.921 1.049 1.0 0.982 1.061 1.0 0.9 1.0 0.882 0.897 1.0 0.873 1.0 0.879 1.031 1.0 0.881 1.0 0.833 0.998 1.0 0.887 1.0 0.994 1.0 1.0 0.891 1.0 0.888 1.088 1.0 0.883 1.0 0.983 0.97 1.0 1.018 1.0 1.065 0.995 1.0 1.045 1.0 0.801 0.849 1.0 0.989 1.0 0.796 1.082 1.0 0.907 1.0 1.043 1.052 1.0 1.001 1.0 1.342 1.053 1.0 0.98 1.0 1.0 0.981 1.0 0.985 1.0 1.0 0.964 1.0 0.901 1.0 1.0 0.983 1.0 1.049 1.0 1.0 0.927 1.0 0.891 1.0 1.0 0.849 1.0 0.913 1.0 1.0 1.045 1.0 1.0 1.0 1.0 1.254 1.0 1.0 1.0 1.0 0.98 1.0 1.0 1.0 1.0 0.905 1.0 1.0 1.0 1.0 0.908 1.0 1.0 1.0 1.0 0.911 1.0 1.0 1.0 1.0 0.938 1.0 1.0 1.0 1.0 0.903 1.0 1.0 1.0 1.0 1.0 1.0 1.0 1.0 1.0 1.0 1.0 1.0 1.0 1.0 1.0 1.0 1.0 1.0 1.0 1.0 1.0 1.0 1.0 1.0 1.0 1.0 1.0 1.0 1.0 1.0 1.0 1.0 1.0 1.0 1.0 1.0 1.0 1.0 1.0 1.0 1.0 1.0 1.0 1.0 1.0 1.0 1.0 1.0 1.0 1.0 1.0 1.0 1.0 1.0 1.0 1.0 1.0 1.0 1.0 1.0 1.0 1.0 1.0 1.0 1.0 1.0 1.0 1.0 1.0 1.0 1.0 1.0 1.0 1.0 1.0 1.0 1.0 1.0 1.0 1.0 1.0 1.0 1.0 1.0 1.0 1.0 1.0 1.0 1.0 1.0 1.0 1.0 1.0 1.0 1.0 1.0 1.0 1.0 1.0 1.0 1.0 1.0 1.0 1.0 1.0 1.0 1.0 1.0 1.0 1.0 1.0 1.0 1.0 1.0 1.0 1.0 1.0 1.0 1.0 1.0 1.0 1.0 1.0 1.0 1.0 1.0 1.0 1.0 1.0 1.0 1.0 1.0 1.0 1.0 1.0 1.0 1.0 1.0 1.0 1.0 1.0 1.0 1.0 1.0 1.0 1.0 1.0 1.0 1.0 1.0 1.0 1.0 1.0 1.002 0.974 1.04 0.987 0.986 1.082 0.958 0.97 0.921 0.991 1.019 1.03 1.002 0.91 1.067 1.04 0.916 0.958 0.906 1.005 0.994 1.04 1.007 0.935 0.933 1.058 0.924 1.079 1.033 0.897 0.868 1.075 0.951 1.034 0.904 1.053 1.051 1.03 1.089 0.9 0.866 0.906 1.073 0.855 1.127 0.867 1.004 1.023 0.883 1.13 0.87 0.911 0.904 0.919 0.846 1.051 0.913 0.958 1.062 0.85 1.205 0.991 1.053 0.839 0.962 0.989 1.038 1.1 0.855 1.181 0.965 1.023 1.034 1.186 0.863 0.989 1.006 1.015 0.829 1.171 0.973 0.996 0.891 0.836 0.869 1.0 1.042 1.036 0.981 0.875 1.0 1.003 0.887 0.843 1.078 1.0 1.011 1.17 0.959 0.976 1.0 0.952 0.843 0.839 0.863 1.0 0.957 0.966 0.948 1.0 1.0 1.043 0.98 0.982 1.0 1.0 0.94 0.928 0.979 1.0 1.0 1.092 0.897 0.955 1.0 1.0 1.024 0.872 0.855 1.0 1.0 1.105 0.825 1.1 1.0 1.0 0.967 0.932 0.918 1.0 1.0 0.95 1.108 0.867 1.0 1.0 0.973 0.981 1.0 1.0 1.0 1.068 0.866 1.0 1.0 1.0 0.937 0.811 1.0 1.0 1.0 0.921 0.86 1.0 1.0 1.0 0.976 1.246 1.0 1.0 1.0 0.908 1.0 1.0 1.0 1.0 0.906 1.0 1.0 1.0 1.0 0.97 1.0 1.0 1.0 1.0 1.022 1.0 1.0 1.0 1.0 0.965 1.0 1.0 1.0 1.0 1.002 1.0 1.0 1.0 1.0 1.009 1.0 1.0 1.0 1.0 0.859 1.0 1.0 1.0 1.0 1.006 1.0 1.0 1.0 1.0 0.983 1.0 1.0 1.0 1.0 1.104 1.0 1.0 1.0 1.0 0.876 1.0 1.0 1.0 1.0 1.3 1.0 1.0 1.0 1.0 1.212 1.0 1.0 1.0 1.0 0.854 1.0 1.0 1.0 1.0 1.0 1.0 1.0 1.0 1.0 1.0 1.0 1.0 1.0 1.0 1.0 1.0 1.0 1.0 1.0 1.0 1.0 1.0 1.0 1.0 1.0 1.0 1.0 1.0 1.0 1.0 1.0 1.0 1.0 1.0 1.0 1.0 1.0 1.0 1.0 1.0 1.0 1.0 1.0 1.0 1.0 1.0 1.0 1.0 1.0 1.0 1.0 1.0 1.0 1.0 1.0 1.0 1.0 1.0 1.0 1.0 1.0 1.0 1.0 1.0 1.0 1.0 1.0 1.0 1.0 1.0 1.0 1.0 1.0 1.0 1.0 1.0 1.0 1.0 1.0 1.0 1.0 1.0 1.0 1.0 1.0 1.0 1.0 1.0 1.0 1.0 1.0 1.0 1.0 1.0 1.0 1.0 1.0 1.0 1.0 1.0 1.0 1.0 1.0 1.0 1.0 1.0 1.0 1.0 1.0 1.0 1.0 1.0 1.0 1.0 1.0 1.0 1.0 1.0 1.0 1.0 1.0 1.0 1.0 1.0 1.0 1.0 1.0 1.0 1.0 1.0 1.0 1.0 1.0 1.0 1.0 1.0 1.0 1.0 1.056 1.021 0.938 1.038 0.943 0.968 0.959 1.062 0.977 0.919 1.093 1.1 0.964 1.065 1.088 0.957 1.031 1.112 1.071 0.944 1.088 1.046 1.114 0.957 0.935 0.972 0.958 0.957 1.08 1.089 1.063 0.943 1.027 0.886 0.923 0.96 0.957 1.015 0.943 1.088 1.03 1.022 1.055 1.093 0.873 1.033 1.056 1.015 0.94 1.07 0.991 1.08 1.056 1.048 1.047 0.919 0.882 0.999 0.99 0.843 0.999 1.036 1.139 0.89 0.861 1.036 1.023 0.843 1.059 0.981 1.049 1.084 0.962 1.077 0.907 1.011 1.185 0.861 1.069 0.913 1.076 1.197 0.974 1.071 1.035 0.876 0.993 0.937 1.076 0.992 0.892 0.848 0.925 0.857 1.017 1.048 0.846 0.847 0.941 1.167 0.914 0.827 1.22 1.043 0.924 1.04 0.981 1.0 0.978 0.947 0.897 0.828 1.0 0.892 0.906 1.015 0.884 1.0 1.05 1.0 0.893 1.114 1.0 1.247 1.0 0.875 0.887 1.0 0.956 1.0 0.888 1.251 1.0 1.03 1.0 0.915 1.0 1.0 0.974 1.0 0.955 0.944 1.0 1.048 1.0 1.038 1.072 1.0 0.869 1.0 0.998 0.944 1.0 0.95 1.0 0.991 0.908 1.0 1.0 1.0 0.886 0.942 1.0 1.0 1.0 1.021 0.835 1.0 1.0 1.0 1.047 0.881 1.0 1.0 1.0 0.98 0.907 1.0 1.0 1.0 0.922 0.889 1.0 1.0 1.0 1.049 0.981 1.0 1.0 1.0 0.941 1.0 1.0 1.0 1.0 1.007 1.0 1.0 1.0 1.0 0.983 1.0 1.0 1.0 1.0 0.972 1.0 1.0 1.0 1.0 0.941 1.0 1.0 1.0 1.0 0.918 1.0 1.0 1.0 1.0 1.187 1.0 1.0 1.0 1.0 1.17 1.0 1.0 1.0 1.0 1.228 1.0 1.0 1.0 1.0 1.039 1.0 1.0 1.0 1.0 0.893 1.0 1.0 1.0 1.0 0.909 1.0 1.0 1.0 1.0 1.257 1.0 1.0 1.0 1.0 0.881 1.0 1.0 1.0 1.0 1.0 1.0 1.0 1.0 1.0 1.0 1.0 1.0 1.0 1.0 1.0 1.0 1.0 1.0 1.0 1.0 1.0 1.0 1.0 1.0 1.0 1.0 1.0 1.0 1.0 1.0 1.0 1.0 1.0 1.0 1.0 1.0 1.0 1.0 1.0 1.0 1.0 1.0 1.0 1.0 1.0 1.0 1.0 1.0 1.0 1.0 1.0 1.0 1.0 1.0 1.0 1.0 1.0 1.0 1.0 1.0 1.0 1.0 1.0 1.0 1.0 1.0 1.0 1.0 1.0 1.0 1.0 1.0 1.0 1.0 1.0 1.0 1.0 1.0 1.0 1.0 1.0 1.0 1.0 1.0 1.0 1.0 1.0 1.0 1.0 1.0 1.0 1.0 1.0 1.0 1.0 1.0 1.0 1.0 1.0 1.0 1.0 1.0 1.0 1.0 1.0 1.0 1.0 1.0 1.0 1.0 1.0 1.0 1.0 1.0 1.0 1.0 1.0 1.0 1.0 1.0 1.0 1.0 1.0 1.0 1.056 1.01 0.938 1.038 1.034 0.945 0.961 1.087 0.991 0.916 0.958 1.026 0.971 0.994 0.975 0.933 1.028 1.076 0.947 1.117 0.956 1.045 1.003 1.035 0.991 1.046 1.066 1.078 0.906 1.04 1.016 1.039 1.076 1.124 0.912 0.881 1.059 1.083 1.125 1.082 1.068 0.945 1.084 1.03 1.092 0.97 0.911 0.901 1.051 1.043 1.074 1.033 1.004 1.013 1.276 1.111 1.103 1.0 1.261 1.292 1.235 1.003 0.987 0.96 1.067 1.078 1.053 1.066 1.181 0.959 1.235 1.093 1.02 1.267 1.188 0.982 1.235 1.068 1.187 0.847 1.26 0.801 1.128 0.939 1.084 1.106 1.072 0.965 1.287 0.884 0.815 1.104 1.047 0.878 1.003 0.988 1.231 1.018 0.853 1.29 1.239 0.828 1.074 0.99 1.291 0.986 0.974 1.052 0.867 0.853 1.121 1.075 1.059 0.881 1.077 1.076 0.913 0.995 1.257 0.927 1.071 0.917 1.009 1.26 0.918 0.976 1.279 0.946 0.886 0.884 1.26 0.894 0.943 1.017 1.285 1.056 0.921 0.996 0.94 1.176 0.968 1.285 0.997 0.889 0.832 0.858 1.0 0.989 0.787 1.0 0.844 1.0 1.002 1.0 1.0 0.853 1.0 0.938 1.0 1.0 0.863 1.0 0.995 1.0 1.0 1.09 1.0 1.001 1.0 1.0 1.28 1.0 1.103 1.0 1.0 0.923 1.0 0.996 1.0 1.0 1.284 1.0 0.935 1.0 1.0 0.959 1.0 0.932 1.0 1.0 0.994 1.0 0.932 1.0 1.0 0.899 1.0 0.933 1.0 1.0 1.0 1.0 0.963 1.0 1.0 1.0 1.0 1.114 1.0 1.0 1.0 1.0 1.079 1.0 1.0 1.0 1.0 1.011 1.0 1.0 1.0 1.0 1.025 1.0 1.0 1.0 1.0 1.028 1.0 1.0 1.0 1.0 1.004 1.0 1.0 1.0 1.0 1.021 1.0 1.0 1.0 1.0 1.012 1.0 1.0 1.0 1.0 0.998 1.0 1.0 1.0 1.0 0.941 1.0 1.0 1.0 1.0 0.971 1.0 1.0 1.0 1.0 0.983 1.0 1.0 1.0 1.0 0.968 1.0 1.0 1.0 1.0 0.995 1.0 1.0 1.0 1.0 1.034 1.0 1.0 1.0 1.0 1.016 1.0 1.0 1.0 1.0 1.027 1.0 1.0 1.0 1.0 0.957 1.0 1.0 1.0 1.0 0.998 1.0 1.0 1.0 1.0 1.027 1.0 1.0 1.0 1.0 1.013 1.0 1.0 1.0 1.0 0.952 1.0 1.0 1.0 1.0 0.933 1.0 1.0 1.0 1.0 0.98 1.0 1.0 1.0 1.0 0.934 1.0 1.0 1.0 1.0 1.035 1.0 1.0 1.0 1.0 0.975 1.0 1.0 1.0 1.0 1.007 1.0 1.0 1.0 1.0 0.991 1.0 1.0 1.0 1.0 1.002 1.0 1.0 1.0 1.0 0.953 1.0 1.0 1.0 1.0 0.933 1.0 1.0 1.0 1.0 0.911 1.0 1.0 1.0 1.0 0.838 1.0 1.0 1.0 1.0 0.906 1.0 1.0 0.98 1.059 0.985 1.054 0.988 1.084 0.961 1.088 0.919 1.051 0.94 1.025 0.976 0.909 1.111 0.956 1.037 1.075 0.929 0.995 0.959 1.041 0.894 0.96 1.01 1.03 1.071 0.932 1.067 0.965 1.024 0.891 0.936 1.105 0.986 0.923 1.016 1.044 1.067 1.077 0.926 1.049 1.08 1.093 0.871 1.127 1.072 1.022 1.078 1.095 1.128 0.862 1.074 0.873 1.18 1.164 0.969 1.066 1.143 1.095 1.088 1.146 0.864 1.111 0.866 0.911 1.054 1.082 1.088 1.021 0.985 1.089 0.964 1.025 1.1 0.936 1.046 0.959 1.126 1.176 1.104 1.086 1.07 0.833 1.007 1.014 1.0 1.173 1.092 1.057 0.948 1.0 0.989 1.057 0.894 0.989 1.0 0.984 0.965 0.899 0.961 1.0 0.893 0.852 1.057 1.044 1.0 0.848 0.985 0.914 1.016 1.0 0.979 1.256 1.009 1.04 1.0 0.998 0.876 1.006 0.909 1.0 0.955 0.855 1.058 0.931 1.0 0.983 0.87 0.865 1.141 1.0 0.968 1.18 0.935 0.982 1.0 1.05 0.977 0.939 0.993 1.0 0.867 0.974 1.015 0.993 1.0 1.007 0.84 0.995 1.069 1.0 0.961 0.966 0.849 0.953 1.0 0.974 0.955 1.0 1.048 1.0 0.847 0.966 1.0 0.978 1.0 0.927 0.964 1.0 0.903 1.0 1.003 0.875 1.0 0.899 1.0 1.0 1.088 1.0 0.921 1.0 1.0 0.947 1.0 0.913 1.0 1.0 0.942 1.0 0.943 1.0 1.0 1.254 1.0 1.049 1.0 1.0 1.195 1.0 0.927 1.0 1.0 0.83 1.0 0.823 1.0 1.0 0.905 1.0 0.917 1.0 1.0 0.905 1.0 0.829 1.0 1.0 1.051 1.0 1.0 1.0 1.0 1.059 1.0 1.0 1.0 1.0 1.006 1.0 1.0 1.0 1.0 0.911 1.0 1.0 1.0 1.0 1.0 1.0 1.0 1.0 1.0 1.0 1.0 1.0 1.0 1.0 1.0 1.0 1.0 1.0 1.0 1.0 1.0 1.0 1.0 1.0 1.0 1.0 1.0 1.0 1.0 1.0 1.0 1.0 1.0 1.0 1.0 1.0 1.0 1.0 1.0 1.0 1.0 1.0 1.0 1.0 1.0 1.0 1.0 1.0 1.0 1.0 1.0 1.0 1.0 1.0 1.0 1.0 1.0 1.0 1.0 1.0 1.0 1.0 1.0 1.0 1.0 1.0 1.0 1.0 1.0 1.0 1.0 1.0 1.0 1.0 1.0 1.0 1.0 1.0 1.0 1.0 1.0 1.0 1.0 1.0 1.0 1.0 1.0 1.0 1.0 1.0 1.0 1.0 1.0 1.0 1.0 1.0 1.0 1.0 1.0 1.0 1.0 1.0 1.0 1.0 1.0 1.0 1.0 1.0 1.0 1.0 1.0 1.0 1.0 1.0 1.0 1.0 1.0 1.0 1.0 1.0 1.0 1.0 1.0 1.0 1.0 1.0 1.0 1.0 1.0 1.0 1.0 1.0 1.0 1.0 1.0 1.0 1.0 1.0 1.0 1.0 1.0 1.0 1.0 1.0 1.0 1.0 0.959 1.021 1.062 0.988 0.988 1.021 1.085 1.057 0.993 1.048 0.961 1.096 0.996 1.025 1.108 0.923 1.027 0.896 0.909 1.009 1.105 1.102 1.08 1.042 1.068 0.92 0.921 0.895 0.862 0.92 0.926 1.042 1.082 1.178 0.926 1.046 0.938 0.937 0.849 1.012 0.899 0.889 1.025 1.036 0.908 1.057 1.048 1.108 0.863 1.01 0.989 1.039 1.031 0.993 1.03 0.882 0.925 0.95 0.87 0.959 1.07 0.902 0.993 1.0 1.101 0.903 1.097 0.996 1.0 1.055 1.019 0.92 1.042 1.0 0.859 0.902 1.06 1.034 1.0 1.013 0.945 0.928 0.949 1.0 0.966 1.077 0.923 1.005 1.0 0.946 0.897 1.049 0.956 1.0 0.87 1.052 1.036 1.005 1.0 0.844 1.057 1.012 0.977 1.0 0.944 1.055 1.036 1.026 1.0 0.944 0.881 0.933 0.996 1.0 0.852 0.92 1.067 0.989 1.0 1.247 0.886 0.893 1.029 1.0 1.004 0.908 1.102 0.988 1.0 0.881 0.899 1.003 1.099 1.0 0.927 0.922 0.885 0.987 1.0 1.0 0.904 0.99 1.026 1.0 1.0 0.944 0.97 0.991 1.0 1.0 1.088 1.009 0.991 1.0 1.0 0.914 0.969 0.922 1.0 1.0 0.915 1.0 0.984 1.0 1.0 0.893 0.995 1.105 1.0 1.0 1.0 0.936 1.108 1.0 1.0 1.0 1.079 1.077 1.0 1.0 1.0 0.929 0.945 1.0 1.0 1.0 0.979 0.983 1.0 1.0 1.0 0.976 0.991 1.0 1.0 1.0 0.974 1.026 1.0 1.0 1.0 0.998 0.937 1.0 1.0 1.0 0.971 0.967 1.0 1.0 1.0 0.971 0.818 1.0 1.0 1.0 0.99 0.973 1.0 1.0 1.0 0.964 0.864 1.0 1.0 1.0 0.939 0.827 1.0 1.0 1.0 0.93 0.911 1.0 1.0 1.0 1.007 0.809 1.0 1.0 1.0 0.995 0.929 1.0 1.0 1.0 1.055 1.0 1.0 1.0 1.0 0.872 1.0 1.0 1.0 1.0 0.848 1.0 1.0 1.0 1.0 1.069 1.0 1.0 1.0 1.0 0.815 1.0 1.0 1.0 1.0 0.817 1.0 1.0 1.0 1.0 0.828 1.0 1.0 1.0 1.0 0.927 1.0 1.0 1.0 1.0 0.918 1.0 1.0 1.0 1.0 0.917 1.0 1.0 1.0 1.0 0.905 1.0 1.0 1.0 1.0 1.0 1.0 1.0 1.0 1.0 1.0 1.0 1.0 1.0 1.0 1.0 1.0 1.0 1.0 1.0 1.0 1.0 1.0 1.0 1.0 1.0 1.0 1.0 1.0 1.0 1.0 1.0 1.0 1.0 1.0 1.0 1.0 1.0 1.0 1.0 1.0 1.0 1.0 1.0 1.0 1.0 1.0 1.0 1.0 1.0 1.0 1.0 1.0 1.0 1.0 1.0 1.0 1.0 1.0 1.0 1.0 1.0 1.0 1.0 1.0 1.0 1.0 1.0 1.0 1.0 1.0 1.0 1.0 1.0 1.0 1.0 1.0 1.0 1.0 1.0 1.0 1.0 1.0 1.0 1.056 1.059 0.989 1.038 0.943 0.968 1.086 1.097 1.057 1.085 1.093 1.031 0.99 1.071 1.091 0.935 0.952 0.974 0.896 0.929 1.026 1.027 1.059 0.948 1.02 0.944 1.088 0.945 1.109 0.918 1.055 0.848 1.004 0.89 1.038 0.938 1.058 0.93 1.027 1.018 1.02 1.077 1.061 0.988 1.12 1.04 1.087 1.052 1.1 0.851 0.906 1.05 1.012 1.053 1.047 1.065 0.86 1.008 1.049 1.171 1.025 1.077 1.041 1.106 0.99 1.023 0.86 1.054 1.01 1.036 1.068 1.115 0.844 0.908 0.856 1.076 1.059 0.843 1.075 0.852 1.051 1.005 1.18 1.222 1.0 1.098 0.837 1.188 1.083 1.0 1.081 1.106 0.991 0.828 1.0 1.106 0.98 1.085 1.063 1.0 0.987 0.907 1.094 0.829 1.0 0.981 1.103 0.98 0.999 1.0 0.976 0.986 0.983 0.985 1.0 1.001 1.125 1.206 0.92 1.0 1.014 1.121 0.949 1.059 1.0 1.094 0.996 0.838 0.988 1.0 1.076 1.125 1.11 0.961 1.0 1.064 0.903 0.841 0.861 1.0 0.984 1.131 1.159 0.902 1.0 1.158 0.815 1.15 0.822 1.0 1.146 0.887 1.223 0.898 1.0 0.813 1.003 0.976 0.996 1.0 0.815 1.103 1.177 0.896 1.0 0.815 1.242 0.825 1.0 1.0 0.817 0.831 0.942 1.0 1.0 0.929 0.893 1.0 1.0 1.0 0.93 0.934 1.0 1.0 1.0 0.925 0.948 1.0 1.0 1.0 1.024 0.836 1.0 1.0 1.0 0.951 0.889 1.0 1.0 1.0 1.034 0.923 1.0 1.0 1.0 1.043 1.0 1.0 1.0 1.0 0.89 1.0 1.0 1.0 1.0 1.245 1.0 1.0 1.0 1.0 0.901 1.0 1.0 1.0 1.0 0.971 1.0 1.0 1.0 1.0 1.11 1.0 1.0 1.0 1.0 0.958 1.0 1.0 1.0 1.0 0.929 1.0 1.0 1.0 1.0 1.0 1.0 1.0 1.0 1.0 1.0 1.0 1.0 1.0 1.0 1.0 1.0 1.0 1.0 1.0 1.0 1.0 1.0 1.0 1.0 1.0 1.0 1.0 1.0 1.0 1.0 1.0 1.0 1.0 1.0 1.0 1.0 1.0 1.0 1.0 1.0 1.0 1.0 1.0 1.0 1.0 1.0 1.0 1.0 1.0 1.0 1.0 1.0 1.0 1.0 1.0 1.0 1.0 1.0 1.0 1.0 1.0 1.0 1.0 1.0 1.0 1.0 1.0 1.0 1.0 1.0 1.0 1.0 1.0 1.0 1.0 1.0 1.0 1.0 1.0 1.0 1.0 1.0 1.0 1.0 1.0 1.0 1.0 1.0 1.0 1.0 1.0 1.0 1.0 1.0 1.0 1.0 1.0 1.0 1.0 1.0 1.0 1.0 1.0 1.0 1.0 1.0 1.0 1.0 1.0 1.0 1.0 1.0 1.0 1.0 1.0 1.0 1.0 1.0 1.0 1.0 1.0 1.0 1.0 1.0 1.0 1.0 1.0 1.0 1.0 1.0 1.0 1.0 1.0 1.0 1.0 1.0 1.0 1.0 1.0 0.959 1.01 1.062 1.038 0.943 1.082 0.958 1.059 0.918 1.087 1.015 0.917 0.97 1.087 1.063 0.971 0.911 1.072 0.904 0.969 1.05 1.093 1.074 1.016 0.94 1.046 1.033 0.889 1.031 1.083 1.045 0.913 1.078 1.055 0.974 1.069 0.96 0.89 1.012 1.093 0.952 0.988 1.011 1.086 1.029 0.926 0.958 0.948 0.999 1.035 1.076 1.058 0.957 1.059 1.019 1.041 0.996 1.007 0.985 0.896 0.911 1.059 1.023 1.015 1.04 1.068 0.911 0.926 0.994 1.098 0.903 1.055 0.962 1.021 0.843 1.067 1.065 1.004 1.0 1.194 0.881 1.038 1.035 1.0 1.05 0.885 1.041 0.903 1.0 1.07 1.028 1.007 1.029 1.0 1.266 0.933 0.932 0.99 1.0 0.886 1.019 0.864 1.045 1.0 0.985 1.009 0.864 1.001 1.0 1.006 1.033 1.001 0.894 1.0 1.006 1.081 0.883 1.176 1.0 1.297 0.903 0.942 0.992 1.0 1.041 0.991 1.018 1.149 1.0 0.845 1.083 0.875 0.957 1.0 1.295 0.981 0.961 1.158 1.0 1.03 1.026 1.049 0.873 1.0 0.96 0.935 1.143 0.895 1.0 1.02 1.207 0.98 0.889 1.0 0.879 1.015 1.098 0.994 1.0 0.954 1.0 1.195 1.216 1.0 1.038 1.0 1.211 0.867 1.0 0.972 1.0 0.976 0.956 1.0 0.829 1.0 1.005 0.869 1.0 0.934 1.0 0.863 0.857 1.0 0.984 1.0 0.852 0.86 1.0 1.017 1.0 0.877 1.217 1.0 1.331 1.0 1.0 0.867 1.0 0.911 1.0 1.0 0.861 1.0 1.009 1.0 1.0 1.09 1.0 1.0 1.0 1.0 0.887 1.0 1.0 1.0 1.0 0.998 1.0 1.0 1.0 1.0 1.317 1.0 1.0 1.0 1.0 1.0 1.0 1.0 1.0 1.0 1.0 1.0 1.0 1.0 1.0 1.0 1.0 1.0 1.0 1.0 1.0 1.0 1.0 1.0 1.0 1.0 1.0 1.0 1.0 1.0 1.0 1.0 1.0 1.0 1.0 1.0 1.0 1.0 1.0 1.0 1.0 1.0 1.0 1.0 1.0 1.0 1.0 1.0 1.0 1.0 1.0 1.0 1.0 1.0 1.0 1.0 1.0 1.0 1.0 1.0 1.0 1.0 1.0 1.0 1.0 1.0 1.0 1.0 1.0 1.0 1.0 1.0 1.0 1.0 1.0 1.0 1.0 1.0 1.0 1.0 1.0 1.0 1.0 1.0 1.0 1.0 1.0 1.0 1.0 1.0 1.0 1.0 1.0 1.0 1.0 1.0 1.0 1.0 1.0 1.0 1.0 1.0 1.0 1.0 1.0 1.0 1.0 1.0 1.0 1.0 1.0 1.0 1.0 1.0 1.0 1.0 1.0 1.0 1.0 1.0 1.0 1.0 1.0 1.0 1.0 1.0 1.0 1.0 1.0 1.0 1.0 1.0 1.0 1.0 1.0 1.0 1.0 1.0 1.0 1.0 1.0 1.0 1.0 1.0 1.0 1.0 1.0 1.0 1.0 1.0 1.0 1.0 1.0 1.0 1.0 1.0 1.0 1.0,1.3415445,0.3415445,0.78718126,0.3,0.2614818811416626,0.0003,5,1.5765073
17,0.08137769997119904,0.9980451,1.013 1.022 0.983 0.986 0.984 0.966 1.089 1.066 0.913 0.911 1.027 1.101 0.971 1.072 1.011 1.105 0.895 0.874 0.952 0.948 1.033 1.06 0.961 1.123 1.047 1.027 0.893 1.105 1.023 1.124 1.044 0.891 1.033 0.92 1.141 0.958 0.92 1.107 1.029 1.037 1.047 1.062 1.013 0.886 0.821 0.99 0.893 1.039 1.097 0.942 1.072 0.893 1.04 1.102 0.852 0.966 1.052 1.037 1.029 0.986 0.94 0.92 0.889 1.059 1.0 1.077 1.067 0.858 0.917 1.0 1.013 1.074 1.009 1.042 1.0 1.071 1.14 1.033 1.043 1.0 1.258 0.931 1.202 1.012 1.0 1.25 0.926 1.068 0.826 1.0 1.017 0.886 0.997 1.019 1.0 0.994 0.929 0.871 0.899 1.0 1.097 0.882 0.915 1.051 1.0 0.98 1.064 1.0 0.893 1.0 0.874 0.891 1.0 0.865 1.0 0.871 1.034 1.0 0.873 1.0 0.822 0.998 1.0 0.88 1.0 0.993 1.0 1.0 0.883 1.0 0.88 1.094 1.0 0.876 1.0 0.981 0.967 1.0 1.019 1.0 1.068 0.995 1.0 1.048 1.0 0.788 0.84 1.0 0.988 1.0 0.783 1.087 1.0 0.9 1.0 1.044 1.055 1.0 1.0 1.0 1.37 1.056 1.0 0.978 1.0 1.0 0.98 1.0 0.983 1.0 1.0 0.962 1.0 0.894 1.0 1.0 0.981 1.0 1.052 1.0 1.0 0.921 1.0 0.884 1.0 1.0 0.839 1.0 0.907 1.0 1.0 1.047 1.0 1.0 1.0 1.0 1.275 1.0 1.0 1.0 1.0 0.978 1.0 1.0 1.0 1.0 0.899 1.0 1.0 1.0 1.0 0.902 1.0 1.0 1.0 1.0 0.904 1.0 1.0 1.0 1.0 0.932 1.0 1.0 1.0 1.0 0.895 1.0 1.0 1.0 1.0 1.0 1.0 1.0 1.0 1.0 1.0 1.0 1.0 1.0 1.0 1.0 1.0 1.0 1.0 1.0 1.0 1.0 1.0 1.0 1.0 1.0 1.0 1.0 1.0 1.0 1.0 1.0 1.0 1.0 1.0 1.0 1.0 1.0 1.0 1.0 1.0 1.0 1.0 1.0 1.0 1.0 1.0 1.0 1.0 1.0 1.0 1.0 1.0 1.0 1.0 1.0 1.0 1.0 1.0 1.0 1.0 1.0 1.0 1.0 1.0 1.0 1.0 1.0 1.0 1.0 1.0 1.0 1.0 1.0 1.0 1.0 1.0 1.0 1.0 1.0 1.0 1.0 1.0 1.0 1.0 1.0 1.0 1.0 1.0 1.0 1.0 1.0 1.0 1.0 1.0 1.0 1.0 1.0 1.0 1.0 1.0 1.0 1.0 1.0 1.0 1.0 1.0 1.0 1.0 1.0 1.0 1.0 1.0 1.0 1.0 1.0 1.0 1.0 1.0 1.0 1.0 1.0 1.0 1.0 1.0 1.0 1.0 1.0 1.0 1.0 1.0 1.0 1.0 1.0 1.0 1.0 1.0 1.0 1.0 1.0 1.0 1.0 1.0 1.0 1.0 1.0 1.0 1.0 1.0 1.0 1.0 1.0 1.0 1.0 1.002 0.973 1.042 0.986 0.984 1.089 0.956 0.968 0.916 0.989 1.019 1.031 1.001 0.904 1.072 1.042 0.91 0.955 0.899 1.006 0.993 1.041 1.007 0.931 0.929 1.062 0.919 1.084 1.035 0.891 0.859 1.082 0.948 1.036 0.898 1.056 1.055 1.031 1.096 0.894 0.858 0.9 1.078 0.845 1.136 0.859 1.005 1.025 0.876 1.14 0.862 0.906 0.898 0.914 0.837 1.054 0.908 0.955 1.066 0.84 1.22 0.99 1.057 0.828 0.959 0.987 1.041 1.108 0.845 1.195 0.962 1.024 1.036 1.201 0.854 0.988 1.006 1.015 0.818 1.184 0.97 0.995 0.883 0.824 0.859 1.0 1.045 1.037 0.979 0.866 1.0 1.004 0.879 0.833 1.083 1.0 1.012 1.183 0.955 0.973 1.0 0.949 0.833 0.828 0.854 1.0 0.953 0.963 0.944 1.0 1.0 1.045 0.978 0.98 1.0 1.0 0.936 0.922 0.977 1.0 1.0 1.099 0.889 0.951 1.0 1.0 1.025 0.863 0.845 1.0 1.0 1.114 0.813 1.106 1.0 1.0 0.964 0.926 0.91 1.0 1.0 0.946 1.115 0.858 1.0 1.0 0.971 0.977 1.0 1.0 1.0 1.073 0.855 1.0 1.0 1.0 0.932 0.798 1.0 1.0 1.0 0.915 0.849 1.0 1.0 1.0 0.973 1.266 1.0 1.0 1.0 0.902 1.0 1.0 1.0 1.0 0.899 1.0 1.0 1.0 1.0 0.968 1.0 1.0 1.0 1.0 1.023 1.0 1.0 1.0 1.0 0.962 1.0 1.0 1.0 1.0 1.002 1.0 1.0 1.0 1.0 1.009 1.0 1.0 1.0 1.0 0.849 1.0 1.0 1.0 1.0 1.005 1.0 1.0 1.0 1.0 0.981 1.0 1.0 1.0 1.0 1.111 1.0 1.0 1.0 1.0 0.866 1.0 1.0 1.0 1.0 1.325 1.0 1.0 1.0 1.0 1.229 1.0 1.0 1.0 1.0 0.842 1.0 1.0 1.0 1.0 1.0 1.0 1.0 1.0 1.0 1.0 1.0 1.0 1.0 1.0 1.0 1.0 1.0 1.0 1.0 1.0 1.0 1.0 1.0 1.0 1.0 1.0 1.0 1.0 1.0 1.0 1.0 1.0 1.0 1.0 1.0 1.0 1.0 1.0 1.0 1.0 1.0 1.0 1.0 1.0 1.0 1.0 1.0 1.0 1.0 1.0 1.0 1.0 1.0 1.0 1.0 1.0 1.0 1.0 1.0 1.0 1.0 1.0 1.0 1.0 1.0 1.0 1.0 1.0 1.0 1.0 1.0 1.0 1.0 1.0 1.0 1.0 1.0 1.0 1.0 1.0 1.0 1.0 1.0 1.0 1.0 1.0 1.0 1.0 1.0 1.0 1.0 1.0 1.0 1.0 1.0 1.0 1.0 1.0 1.0 1.0 1.0 1.0 1.0 1.0 1.0 1.0 1.0 1.0 1.0 1.0 1.0 1.0 1.0 1.0 1.0 1.0 1.0 1.0 1.0 1.0 1.0 1.0 1.0 1.0 1.0 1.0 1.0 1.0 1.0 1.0 1.0 1.0 1.0 1.0 1.0 1.0 1.0 1.0 1.06 1.022 0.934 1.04 0.939 0.967 0.957 1.065 0.975 0.913 1.101 1.108 0.962 1.068 1.095 0.955 1.032 1.121 1.076 0.94 1.095 1.049 1.123 0.954 0.931 0.971 0.956 0.954 1.084 1.096 1.068 0.939 1.028 0.879 0.918 0.958 0.954 1.015 0.94 1.095 1.031 1.023 1.058 1.101 0.864 1.034 1.06 1.016 0.936 1.074 0.991 1.086 1.06 1.051 1.049 0.914 0.873 0.999 0.989 0.833 0.999 1.039 1.15 0.884 0.852 1.038 1.024 0.834 1.062 0.979 1.054 1.09 0.959 1.082 0.9 1.011 1.199 0.851 1.073 0.907 1.08 1.212 0.971 1.075 1.036 0.868 0.992 0.931 1.081 0.99 0.886 0.837 0.918 0.848 1.017 1.051 0.836 0.836 0.937 1.181 0.908 0.816 1.237 1.045 0.918 1.043 0.979 1.0 0.976 0.943 0.891 0.817 1.0 0.885 0.899 1.015 0.877 1.0 1.053 1.0 0.886 1.121 1.0 1.267 1.0 0.867 0.88 1.0 0.952 1.0 0.881 1.271 1.0 1.031 1.0 0.909 1.0 1.0 0.971 1.0 0.952 0.94 1.0 1.05 1.0 1.041 1.076 1.0 0.86 1.0 0.998 0.94 1.0 0.947 1.0 0.99 0.902 1.0 1.0 1.0 0.879 0.937 1.0 1.0 1.0 1.022 0.824 1.0 1.0 1.0 1.051 0.872 1.0 1.0 1.0 0.978 0.901 1.0 1.0 1.0 0.917 0.88 1.0 1.0 1.0 1.052 0.979 1.0 1.0 1.0 0.938 1.0 1.0 1.0 1.0 1.007 1.0 1.0 1.0 1.0 0.983 1.0 1.0 1.0 1.0 0.97 1.0 1.0 1.0 1.0 0.937 1.0 1.0 1.0 1.0 0.913 1.0 1.0 1.0 1.0 1.201 1.0 1.0 1.0 1.0 1.183 1.0 1.0 1.0 1.0 1.246 1.0 1.0 1.0 1.0 1.042 1.0 1.0 1.0 1.0 0.885 1.0 1.0 1.0 1.0 0.902 1.0 1.0 1.0 1.0 1.278 1.0 1.0 1.0 1.0 0.872 1.0 1.0 1.0 1.0 1.0 1.0 1.0 1.0 1.0 1.0 1.0 1.0 1.0 1.0 1.0 1.0 1.0 1.0 1.0 1.0 1.0 1.0 1.0 1.0 1.0 1.0 1.0 1.0 1.0 1.0 1.0 1.0 1.0 1.0 1.0 1.0 1.0 1.0 1.0 1.0 1.0 1.0 1.0 1.0 1.0 1.0 1.0 1.0 1.0 1.0 1.0 1.0 1.0 1.0 1.0 1.0 1.0 1.0 1.0 1.0 1.0 1.0 1.0 1.0 1.0 1.0 1.0 1.0 1.0 1.0 1.0 1.0 1.0 1.0 1.0 1.0 1.0 1.0 1.0 1.0 1.0 1.0 1.0 1.0 1.0 1.0 1.0 1.0 1.0 1.0 1.0 1.0 1.0 1.0 1.0 1.0 1.0 1.0 1.0 1.0 1.0 1.0 1.0 1.0 1.0 1.0 1.0 1.0 1.0 1.0 1.0 1.0 1.0 1.0 1.0 1.0 1.0 1.0 1.0 1.0 1.0 1.0 1.0 1.0 1.06 1.01 0.934 1.04 1.036 0.941 0.959 1.093 0.989 0.91 0.956 1.026 0.969 0.993 0.973 0.928 1.029 1.08 0.943 1.126 0.953 1.049 1.002 1.037 0.991 1.048 1.07 1.083 0.9 1.042 1.017 1.042 1.08 1.133 0.906 0.873 1.063 1.089 1.134 1.087 1.072 0.941 1.091 1.032 1.098 0.967 0.905 0.895 1.053 1.045 1.078 1.035 1.005 1.013 1.299 1.117 1.11 0.999 1.283 1.315 1.255 1.002 0.986 0.956 1.07 1.082 1.055 1.071 1.195 0.955 1.255 1.098 1.021 1.289 1.202 0.98 1.255 1.072 1.201 0.836 1.281 0.788 1.137 0.935 1.089 1.112 1.075 0.962 1.31 0.876 0.803 1.111 1.049 0.869 1.002 0.987 1.249 1.019 0.844 1.313 1.259 0.816 1.079 0.988 1.313 0.985 0.971 1.055 0.858 0.843 1.128 1.078 1.063 0.872 1.081 1.08 0.906 0.994 1.278 0.921 1.075 0.911 1.009 1.281 0.911 0.973 1.301 0.943 0.877 0.876 1.282 0.886 0.94 1.017 1.308 1.059 0.914 0.996 0.934 1.189 0.965 1.308 0.996 0.88 0.821 0.848 1.0 0.988 0.773 1.0 0.833 1.0 1.002 1.0 1.0 0.843 1.0 0.933 1.0 1.0 0.854 1.0 0.995 1.0 1.0 1.095 1.0 1.001 1.0 1.0 1.305 1.0 1.11 1.0 1.0 0.917 1.0 0.996 1.0 1.0 1.309 1.0 0.931 1.0 1.0 0.955 1.0 0.928 1.0 1.0 0.993 1.0 0.928 1.0 1.0 0.892 1.0 0.928 1.0 1.0 1.0 1.0 0.96 1.0 1.0 1.0 1.0 1.122 1.0 1.0 1.0 1.0 1.084 1.0 1.0 1.0 1.0 1.012 1.0 1.0 1.0 1.0 1.026 1.0 1.0 1.0 1.0 1.03 1.0 1.0 1.0 1.0 1.004 1.0 1.0 1.0 1.0 1.023 1.0 1.0 1.0 1.0 1.013 1.0 1.0 1.0 1.0 0.998 1.0 1.0 1.0 1.0 0.936 1.0 1.0 1.0 1.0 0.968 1.0 1.0 1.0 1.0 0.981 1.0 1.0 1.0 1.0 0.965 1.0 1.0 1.0 1.0 0.994 1.0 1.0 1.0 1.0 1.037 1.0 1.0 1.0 1.0 1.017 1.0 1.0 1.0 1.0 1.029 1.0 1.0 1.0 1.0 0.954 1.0 1.0 1.0 1.0 0.997 1.0 1.0 1.0 1.0 1.029 1.0 1.0 1.0 1.0 1.015 1.0 1.0 1.0 1.0 0.949 1.0 1.0 1.0 1.0 0.928 1.0 1.0 1.0 1.0 0.979 1.0 1.0 1.0 1.0 0.929 1.0 1.0 1.0 1.0 1.037 1.0 1.0 1.0 1.0 0.973 1.0 1.0 1.0 1.0 1.007 1.0 1.0 1.0 1.0 0.99 1.0 1.0 1.0 1.0 1.003 1.0 1.0 1.0 1.0 0.948 1.0 1.0 1.0 1.0 0.927 1.0 1.0 1.0 1.0 0.905 1.0 1.0 1.0 1.0 0.827 1.0 1.0 1.0 1.0 0.899 1.0 1.0 0.979 1.063 0.983 1.058 0.987 1.091 0.959 1.095 0.914 1.053 0.935 1.026 0.974 0.902 1.12 0.953 1.041 1.079 0.924 0.993 0.956 1.043 0.886 0.957 1.01 1.032 1.076 0.928 1.071 0.963 1.025 0.884 0.932 1.112 0.984 0.918 1.017 1.047 1.071 1.082 0.922 1.052 1.086 1.099 0.863 1.136 1.077 1.023 1.082 1.101 1.138 0.853 1.079 0.864 1.195 1.177 0.966 1.07 1.155 1.101 1.094 1.158 0.855 1.117 0.858 0.906 1.056 1.087 1.093 1.021 0.984 1.095 0.962 1.025 1.106 0.932 1.048 0.956 1.134 1.19 1.112 1.092 1.074 0.821 1.006 1.015 1.0 1.188 1.097 1.06 0.944 1.0 0.987 1.06 0.887 0.989 1.0 0.982 0.961 0.892 0.958 1.0 0.886 0.841 1.061 1.047 1.0 0.838 0.983 0.908 1.017 1.0 0.976 1.277 1.009 1.042 1.0 0.997 0.867 1.006 0.903 1.0 0.951 0.845 1.061 0.926 1.0 0.982 0.861 0.856 1.152 1.0 0.966 1.194 0.93 0.98 1.0 1.052 0.974 0.935 0.992 1.0 0.859 0.972 1.015 0.992 1.0 1.006 0.829 0.994 1.073 1.0 0.958 0.963 0.84 0.95 1.0 0.972 0.951 1.0 1.051 1.0 0.838 0.963 1.0 0.976 1.0 0.922 0.962 1.0 0.897 1.0 1.001 0.867 1.0 0.892 1.0 1.0 1.094 1.0 0.915 1.0 1.0 0.943 1.0 0.907 1.0 1.0 0.937 1.0 0.938 1.0 1.0 1.275 1.0 1.052 1.0 1.0 1.21 1.0 0.921 1.0 1.0 0.818 1.0 0.812 1.0 1.0 0.898 1.0 0.91 1.0 1.0 0.898 1.0 0.818 1.0 1.0 1.053 1.0 1.0 1.0 1.0 1.062 1.0 1.0 1.0 1.0 1.005 1.0 1.0 1.0 1.0 0.903 1.0 1.0 1.0 1.0 1.0 1.0 1.0 1.0 1.0 1.0 1.0 1.0 1.0 1.0 1.0 1.0 1.0 1.0 1.0 1.0 1.0 1.0 1.0 1.0 1.0 1.0 1.0 1.0 1.0 1.0 1.0 1.0 1.0 1.0 1.0 1.0 1.0 1.0 1.0 1.0 1.0 1.0 1.0 1.0 1.0 1.0 1.0 1.0 1.0 1.0 1.0 1.0 1.0 1.0 1.0 1.0 1.0 1.0 1.0 1.0 1.0 1.0 1.0 1.0 1.0 1.0 1.0 1.0 1.0 1.0 1.0 1.0 1.0 1.0 1.0 1.0 1.0 1.0 1.0 1.0 1.0 1.0 1.0 1.0 1.0 1.0 1.0 1.0 1.0 1.0 1.0 1.0 1.0 1.0 1.0 1.0 1.0 1.0 1.0 1.0 1.0 1.0 1.0 1.0 1.0 1.0 1.0 1.0 1.0 1.0 1.0 1.0 1.0 1.0 1.0 1.0 1.0 1.0 1.0 1.0 1.0 1.0 1.0 1.0 1.0 1.0 1.0 1.0 1.0 1.0 1.0 1.0 1.0 1.0 1.0 1.0 1.0 1.0 1.0 1.0 1.0 1.0 1.0 1.0 1.0 1.0 0.956 1.022 1.067 0.987 0.987 1.021 1.092 1.06 0.992 1.051 0.958 1.103 0.995 1.026 1.117 0.918 1.028 0.889 0.903 1.008 1.114 1.11 1.085 1.044 1.072 0.915 0.916 0.888 0.853 0.914 0.922 1.044 1.087 1.192 0.922 1.049 0.934 0.933 0.839 1.013 0.893 0.882 1.026 1.037 0.902 1.061 1.051 1.117 0.854 1.01 0.988 1.042 1.032 0.992 1.032 0.875 0.92 0.947 0.861 0.956 1.074 0.896 0.992 1.0 1.108 0.897 1.104 0.996 1.0 1.059 1.02 0.915 1.045 1.0 0.85 0.895 1.064 1.036 1.0 1.013 0.941 0.923 0.946 1.0 0.963 1.082 0.918 1.005 1.0 0.941 0.89 1.052 0.953 1.0 0.86 1.055 1.038 1.005 1.0 0.834 1.06 1.012 0.976 1.0 0.939 1.058 1.038 1.027 1.0 0.939 0.872 0.929 0.996 1.0 0.841 0.914 1.072 0.989 1.0 1.268 0.878 0.886 1.031 1.0 1.002 0.902 1.11 0.987 1.0 0.873 0.892 1.003 1.107 1.0 0.921 0.916 0.878 0.986 1.0 1.0 0.897 0.989 1.027 1.0 1.0 0.94 0.969 0.99 1.0 1.0 1.094 1.01 0.991 1.0 1.0 0.908 0.966 0.916 1.0 1.0 0.908 0.999 0.983 1.0 1.0 0.885 0.994 1.113 1.0 1.0 1.0 0.931 1.116 1.0 1.0 1.0 1.086 1.083 1.0 1.0 1.0 0.923 0.941 1.0 1.0 1.0 0.977 0.982 1.0 1.0 1.0 0.974 0.991 1.0 1.0 1.0 0.972 1.027 1.0 1.0 1.0 0.998 0.933 1.0 1.0 1.0 0.969 0.963 1.0 1.0 1.0 0.969 0.806 1.0 1.0 1.0 0.99 0.97 1.0 1.0 1.0 0.962 0.854 1.0 1.0 1.0 0.934 0.815 1.0 1.0 1.0 0.926 0.903 1.0 1.0 1.0 1.007 0.795 1.0 1.0 1.0 0.995 0.923 1.0 1.0 1.0 1.057 1.0 1.0 1.0 1.0 0.863 1.0 1.0 1.0 1.0 0.838 1.0 1.0 1.0 1.0 1.073 1.0 1.0 1.0 1.0 0.803 1.0 1.0 1.0 1.0 0.805 1.0 1.0 1.0 1.0 0.816 1.0 1.0 1.0 1.0 0.922 1.0 1.0 1.0 1.0 0.912 1.0 1.0 1.0 1.0 0.911 1.0 1.0 1.0 1.0 0.898 1.0 1.0 1.0 1.0 1.0 1.0 1.0 1.0 1.0 1.0 1.0 1.0 1.0 1.0 1.0 1.0 1.0 1.0 1.0 1.0 1.0 1.0 1.0 1.0 1.0 1.0 1.0 1.0 1.0 1.0 1.0 1.0 1.0 1.0 1.0 1.0 1.0 1.0 1.0 1.0 1.0 1.0 1.0 1.0 1.0 1.0 1.0 1.0 1.0 1.0 1.0 1.0 1.0 1.0 1.0 1.0 1.0 1.0 1.0 1.0 1.0 1.0 1.0 1.0 1.0 1.0 1.0 1.0 1.0 1.0 1.0 1.0 1.0 1.0 1.0 1.0 1.0 1.0 1.0 1.0 1.0 1.0 1.0 1.06 1.063 0.988 1.04 0.939 0.966 1.093 1.105 1.061 1.091 1.101 1.032 0.989 1.075 1.098 0.931 0.949 0.973 0.888 0.925 1.028 1.029 1.064 0.945 1.022 0.94 1.094 0.942 1.118 0.913 1.06 0.838 1.004 0.883 1.041 0.935 1.061 0.926 1.028 1.019 1.022 1.082 1.065 0.987 1.129 1.043 1.093 1.055 1.107 0.841 0.901 1.053 1.012 1.057 1.049 1.07 0.85 1.007 1.051 1.185 1.026 1.081 1.043 1.113 0.988 1.024 0.851 1.057 1.009 1.037 1.072 1.123 0.833 0.902 0.847 1.081 1.063 0.832 1.079 0.843 1.054 1.005 1.194 1.24 1.0 1.105 0.827 1.203 1.087 1.0 1.086 1.112 0.989 0.816 1.0 1.114 0.979 1.09 1.066 1.0 0.986 0.901 1.1 0.817 1.0 0.98 1.109 0.978 0.997 1.0 0.974 0.985 0.981 0.982 1.0 1.0 1.133 1.223 0.914 1.0 1.015 1.128 0.945 1.063 1.0 1.1 0.995 0.827 0.986 1.0 1.081 1.132 1.118 0.957 1.0 1.067 0.897 0.83 0.851 1.0 0.982 1.139 1.171 0.894 1.0 1.17 0.803 1.161 0.81 1.0 1.158 0.879 1.24 0.89 1.0 0.802 1.002 0.973 0.994 1.0 0.804 1.108 1.19 0.889 1.0 0.804 1.262 0.814 1.0 1.0 0.806 0.819 0.937 1.0 1.0 0.924 0.885 1.0 1.0 1.0 0.924 0.929 1.0 1.0 1.0 0.919 0.944 1.0 1.0 1.0 1.026 0.826 1.0 1.0 1.0 0.947 0.881 1.0 1.0 1.0 1.036 0.917 1.0 1.0 1.0 1.046 1.0 1.0 1.0 1.0 0.883 1.0 1.0 1.0 1.0 1.265 1.0 1.0 1.0 1.0 0.894 1.0 1.0 1.0 1.0 0.969 1.0 1.0 1.0 1.0 1.116 1.0 1.0 1.0 1.0 0.955 1.0 1.0 1.0 1.0 0.923 1.0 1.0 1.0 1.0 1.0 1.0 1.0 1.0 1.0 1.0 1.0 1.0 1.0 1.0 1.0 1.0 1.0 1.0 1.0 1.0 1.0 1.0 1.0 1.0 1.0 1.0 1.0 1.0 1.0 1.0 1.0 1.0 1.0 1.0 1.0 1.0 1.0 1.0 1.0 1.0 1.0 1.0 1.0 1.0 1.0 1.0 1.0 1.0 1.0 1.0 1.0 1.0 1.0 1.0 1.0 1.0 1.0 1.0 1.0 1.0 1.0 1.0 1.0 1.0 1.0 1.0 1.0 1.0 1.0 1.0 1.0 1.0 1.0 1.0 1.0 1.0 1.0 1.0 1.0 1.0 1.0 1.0 1.0 1.0 1.0 1.0 1.0 1.0 1.0 1.0 1.0 1.0 1.0 1.0 1.0 1.0 1.0 1.0 1.0 1.0 1.0 1.0 1.0 1.0 1.0 1.0 1.0 1.0 1.0 1.0 1.0 1.0 1.0 1.0 1.0 1.0 1.0 1.0 1.0 1.0 1.0 1.0 1.0 1.0 1.0 1.0 1.0 1.0 1.0 1.0 1.0 1.0 1.0 1.0 1.0 1.0 1.0 1.0 1.0 0.956 1.01 1.067 1.04 0.939 1.089 0.956 1.063 0.912 1.095 1.015 0.911 0.968 1.094 1.067 0.969 0.905 1.076 0.897 0.967 1.053 1.1 1.078 1.017 0.936 1.049 1.035 0.882 1.033 1.088 1.048 0.908 1.083 1.059 0.972 1.073 0.957 0.883 1.012 1.099 0.948 0.987 1.011 1.091 1.03 0.921 0.955 0.945 0.998 1.037 1.081 1.062 0.954 1.062 1.02 1.044 0.996 1.007 0.983 0.889 0.905 1.062 1.024 1.015 1.042 1.072 0.906 0.922 0.993 1.103 0.897 1.059 0.958 1.022 0.833 1.071 1.069 1.004 1.0 1.21 0.874 1.041 1.038 1.0 1.052 0.877 1.043 0.897 1.0 1.074 1.029 1.007 1.031 1.0 1.288 0.928 0.927 0.989 1.0 0.877 1.02 0.855 1.048 1.0 0.983 1.009 0.855 1.001 1.0 1.006 1.035 1.0 0.887 1.0 1.005 1.086 0.875 1.19 1.0 1.322 0.897 0.938 0.991 1.0 1.042 0.99 1.018 1.161 1.0 0.834 1.089 0.867 0.953 1.0 1.32 0.979 0.958 1.17 1.0 1.03 1.026 1.052 0.865 1.0 0.956 0.931 1.154 0.888 1.0 1.02 1.224 0.978 0.881 1.0 0.871 1.014 1.105 0.993 1.0 0.95 1.0 1.21 1.233 1.0 1.039 1.0 1.228 0.857 1.0 0.969 1.0 0.974 0.952 1.0 0.817 1.0 1.004 0.859 1.0 0.928 1.0 0.854 0.847 1.0 0.981 1.0 0.843 0.851 1.0 1.016 1.0 0.869 1.234 1.0 1.359 1.0 1.0 0.858 1.0 0.904 1.0 1.0 0.851 1.0 1.007 1.0 1.0 1.095 1.0 1.0 1.0 1.0 0.879 1.0 1.0 1.0 1.0 0.996 1.0 1.0 1.0 1.0 1.344 1.0 1.0 1.0 1.0 1.0 1.0 1.0 1.0 1.0 1.0 1.0 1.0 1.0 1.0 1.0 1.0 1.0 1.0 1.0 1.0 1.0 1.0 1.0 1.0 1.0 1.0 1.0 1.0 1.0 1.0 1.0 1.0 1.0 1.0 1.0 1.0 1.0 1.0 1.0 1.0 1.0 1.0 1.0 1.0 1.0 1.0 1.0 1.0 1.0 1.0 1.0 1.0 1.0 1.0 1.0 1.0 1.0 1.0 1.0 1.0 1.0 1.0 1.0 1.0 1.0 1.0 1.0 1.0 1.0 1.0 1.0 1.0 1.0 1.0 1.0 1.0 1.0 1.0 1.0 1.0 1.0 1.0 1.0 1.0 1.0 1.0 1.0 1.0 1.0 1.0 1.0 1.0 1.0 1.0 1.0 1.0 1.0 1.0 1.0 1.0 1.0 1.0 1.0 1.0 1.0 1.0 1.0 1.0 1.0 1.0 1.0 1.0 1.0 1.0 1.0 1.0 1.0 1.0 1.0 1.0 1.0 1.0 1.0 1.0 1.0 1.0 1.0 1.0 1.0 1.0 1.0 1.0 1.0 1.0 1.0 1.0 1.0 1.0 1.0 1.0 1.0 1.0 1.0 1.0 1.0 1.0 1.0 1.0 1.0 1.0 1.0 1.0 1.0 1.0 1.0 1.0 1.0,1.3704236,0.37042356,0.77317464,0.3,0.28039297461509705,0.0003,5,1.7086315
18,0.08740982413291931,0.997895,1.014 1.023 0.982 0.986 0.983 0.964 1.096 1.069 0.907 0.905 1.028 1.11 0.969 1.076 1.011 1.113 0.888 0.867 0.949 0.945 1.033 1.063 0.958 1.132 1.05 1.028 0.887 1.113 1.024 1.133 1.046 0.885 1.034 0.915 1.151 0.955 0.916 1.113 1.031 1.039 1.049 1.065 1.014 0.879 0.81 0.989 0.886 1.041 1.104 0.938 1.076 0.887 1.042 1.109 0.843 0.964 1.054 1.039 1.031 0.984 0.936 0.916 0.882 1.063 1.0 1.082 1.07 0.85 0.911 1.0 1.013 1.078 1.009 1.044 1.0 1.075 1.151 1.034 1.044 1.0 1.276 0.926 1.217 1.012 1.0 1.268 0.922 1.071 0.815 1.0 1.018 0.879 0.995 1.02 1.0 0.993 0.925 0.861 0.893 1.0 1.103 0.874 0.909 1.054 1.0 0.979 1.067 1.0 0.886 1.0 0.866 0.884 1.0 0.856 1.0 0.863 1.036 1.0 0.864 1.0 0.811 0.997 1.0 0.872 1.0 0.991 1.0 1.0 0.876 1.0 0.872 1.1 1.0 0.868 1.0 0.978 0.965 1.0 1.019 1.0 1.072 0.994 1.0 1.051 1.0 0.775 0.83 1.0 0.986 1.0 0.77 1.092 1.0 0.894 1.0 1.046 1.058 1.0 0.999 1.0 1.399 1.059 1.0 0.977 1.0 1.0 0.978 1.0 0.981 1.0 1.0 0.959 1.0 0.887 1.0 1.0 0.979 1.0 1.054 1.0 1.0 0.916 1.0 0.876 1.0 1.0 0.83 1.0 0.901 1.0 1.0 1.049 1.0 1.0 1.0 1.0 1.297 1.0 1.0 1.0 1.0 0.976 1.0 1.0 1.0 1.0 0.892 1.0 1.0 1.0 1.0 0.895 1.0 1.0 1.0 1.0 0.898 1.0 1.0 1.0 1.0 0.927 1.0 1.0 1.0 1.0 0.887 1.0 1.0 1.0 1.0 1.0 1.0 1.0 1.0 1.0 1.0 1.0 1.0 1.0 1.0 1.0 1.0 1.0 1.0 1.0 1.0 1.0 1.0 1.0 1.0 1.0 1.0 1.0 1.0 1.0 1.0 1.0 1.0 1.0 1.0 1.0 1.0 1.0 1.0 1.0 1.0 1.0 1.0 1.0 1.0 1.0 1.0 1.0 1.0 1.0 1.0 1.0 1.0 1.0 1.0 1.0 1.0 1.0 1.0 1.0 1.0 1.0 1.0 1.0 1.0 1.0 1.0 1.0 1.0 1.0 1.0 1.0 1.0 1.0 1.0 1.0 1.0 1.0 1.0 1.0 1.0 1.0 1.0 1.0 1.0 1.0 1.0 1.0 1.0 1.0 1.0 1.0 1.0 1.0 1.0 1.0 1.0 1.0 1.0 1.0 1.0 1.0 1.0 1.0 1.0 1.0 1.0 1.0 1.0 1.0 1.0 1.0 1.0 1.0 1.0 1.0 1.0 1.0 1.0 1.0 1.0 1.0 1.0 1.0 1.0 1.0 1.0 1.0 1.0 1.0 1.0 1.0 1.0 1.0 1.0 1.0 1.0 1.0 1.0 1.0 1.0 1.0 1.0 1.0 1.0 1.0 1.0 1.0 1.0 1.0 1.0 1.0 1.0 1.0 1.001 0.971 1.045 0.986 0.983 1.096 0.954 0.966 0.911 0.988 1.02 1.033 1.0 0.898 1.076 1.044 0.904 0.952 0.893 1.007 0.992 1.042 1.006 0.927 0.924 1.066 0.915 1.089 1.037 0.884 0.85 1.088 0.945 1.038 0.892 1.06 1.059 1.033 1.102 0.888 0.849 0.895 1.083 0.835 1.146 0.85 1.005 1.026 0.868 1.151 0.854 0.9 0.892 0.908 0.827 1.057 0.903 0.952 1.07 0.831 1.233 0.989 1.06 0.817 0.956 0.986 1.043 1.116 0.834 1.209 0.959 1.025 1.038 1.216 0.844 0.987 1.006 1.016 0.806 1.197 0.968 0.994 0.876 0.813 0.85 1.0 1.047 1.038 0.977 0.857 1.0 1.004 0.872 0.822 1.087 1.0 1.013 1.196 0.951 0.97 1.0 0.945 0.822 0.818 0.844 1.0 0.95 0.96 0.939 1.0 1.0 1.048 0.975 0.978 1.0 1.0 0.932 0.915 0.974 1.0 1.0 1.106 0.882 0.946 1.0 1.0 1.026 0.853 0.835 1.0 1.0 1.122 0.801 1.112 1.0 1.0 0.962 0.92 0.903 1.0 1.0 0.942 1.121 0.848 1.0 1.0 0.969 0.974 1.0 1.0 1.0 1.077 0.845 1.0 1.0 1.0 0.927 0.785 1.0 1.0 1.0 0.91 0.839 1.0 1.0 1.0 0.971 1.287 1.0 1.0 1.0 0.895 1.0 1.0 1.0 1.0 0.893 1.0 1.0 1.0 1.0 0.965 1.0 1.0 1.0 1.0 1.025 1.0 1.0 1.0 1.0 0.96 1.0 1.0 1.0 1.0 1.003 1.0 1.0 1.0 1.0 1.008 1.0 1.0 1.0 1.0 0.839 1.0 1.0 1.0 1.0 1.005 1.0 1.0 1.0 1.0 0.979 1.0 1.0 1.0 1.0 1.118 1.0 1.0 1.0 1.0 0.856 1.0 1.0 1.0 1.0 1.351 1.0 1.0 1.0 1.0 1.247 1.0 1.0 1.0 1.0 0.831 1.0 1.0 1.0 1.0 1.0 1.0 1.0 1.0 1.0 1.0 1.0 1.0 1.0 1.0 1.0 1.0 1.0 1.0 1.0 1.0 1.0 1.0 1.0 1.0 1.0 1.0 1.0 1.0 1.0 1.0 1.0 1.0 1.0 1.0 1.0 1.0 1.0 1.0 1.0 1.0 1.0 1.0 1.0 1.0 1.0 1.0 1.0 1.0 1.0 1.0 1.0 1.0 1.0 1.0 1.0 1.0 1.0 1.0 1.0 1.0 1.0 1.0 1.0 1.0 1.0 1.0 1.0 1.0 1.0 1.0 1.0 1.0 1.0 1.0 1.0 1.0 1.0 1.0 1.0 1.0 1.0 1.0 1.0 1.0 1.0 1.0 1.0 1.0 1.0 1.0 1.0 1.0 1.0 1.0 1.0 1.0 1.0 1.0 1.0 1.0 1.0 1.0 1.0 1.0 1.0 1.0 1.0 1.0 1.0 1.0 1.0 1.0 1.0 1.0 1.0 1.0 1.0 1.0 1.0 1.0 1.0 1.0 1.0 1.0 1.0 1.0 1.0 1.0 1.0 1.0 1.0 1.0 1.0 1.0 1.0 1.0 1.0 1.0 1.065 1.023 0.93 1.042 0.935 0.965 0.954 1.068 0.974 0.908 1.109 1.117 0.959 1.072 1.103 0.953 1.033 1.13 1.08 0.937 1.102 1.051 1.132 0.951 0.927 0.97 0.954 0.951 1.089 1.102 1.074 0.936 1.029 0.871 0.913 0.956 0.951 1.016 0.936 1.101 1.033 1.024 1.062 1.108 0.856 1.036 1.064 1.017 0.931 1.078 0.99 1.091 1.064 1.053 1.051 0.909 0.865 0.999 0.988 0.822 1.0 1.041 1.16 0.877 0.842 1.041 1.026 0.824 1.065 0.977 1.058 1.095 0.955 1.087 0.894 1.011 1.212 0.841 1.078 0.901 1.084 1.226 0.968 1.08 1.038 0.86 0.991 0.926 1.086 0.988 0.88 0.827 0.912 0.84 1.017 1.053 0.826 0.826 0.933 1.194 0.902 0.805 1.255 1.047 0.913 1.045 0.977 1.0 0.974 0.938 0.885 0.806 1.0 0.877 0.892 1.016 0.869 1.0 1.055 1.0 0.879 1.129 1.0 1.287 1.0 0.859 0.873 1.0 0.949 1.0 0.873 1.291 1.0 1.032 1.0 0.903 0.999 1.0 0.969 1.0 0.949 0.936 1.0 1.053 1.0 1.044 1.08 1.0 0.851 1.0 0.997 0.936 1.0 0.943 1.0 0.989 0.895 1.0 1.0 1.0 0.872 0.933 1.0 1.0 1.0 1.022 0.813 1.0 1.0 1.0 1.054 0.863 1.0 1.0 1.0 0.977 0.894 1.0 1.0 1.0 0.912 0.872 1.0 1.0 1.0 1.055 0.976 1.0 1.0 1.0 0.935 1.0 1.0 1.0 1.0 1.007 1.0 1.0 1.0 1.0 0.982 1.0 1.0 1.0 1.0 0.968 1.0 1.0 1.0 1.0 0.933 1.0 1.0 1.0 1.0 0.907 1.0 1.0 1.0 1.0 1.216 1.0 1.0 1.0 1.0 1.196 1.0 1.0 1.0 1.0 1.263 1.0 1.0 1.0 1.0 1.044 1.0 1.0 1.0 1.0 0.877 1.0 1.0 1.0 1.0 0.895 1.0 1.0 1.0 1.0 1.299 1.0 1.0 1.0 1.0 0.863 1.0 1.0 1.0 1.0 1.0 1.0 1.0 1.0 1.0 1.0 1.0 1.0 1.0 1.0 1.0 1.0 1.0 1.0 1.0 1.0 1.0 1.0 1.0 1.0 1.0 1.0 1.0 1.0 1.0 1.0 1.0 1.0 1.0 1.0 1.0 1.0 1.0 1.0 1.0 1.0 1.0 1.0 1.0 1.0 1.0 1.0 1.0 1.0 1.0 1.0 1.0 1.0 1.0 1.0 1.0 1.0 1.0 1.0 1.0 1.0 1.0 1.0 1.0 1.0 1.0 1.0 1.0 1.0 1.0 1.0 1.0 1.0 1.0 1.0 1.0 1.0 1.0 1.0 1.0 1.0 1.0 1.0 1.0 1.0 1.0 1.0 1.0 1.0 1.0 1.0 1.0 1.0 1.0 1.0 1.0 1.0 1.0 1.0 1.0 1.0 1.0 1.0 1.0 1.0 1.0 1.0 1.0 1.0 1.0 1.0 1.0 1.0 1.0 1.0 1.0 1.0 1.0 1.0 1.0 1.0 1.0 1.0 1.0 1.0 1.065 1.01 0.93 1.042 1.038 0.937 0.957 1.101 0.988 0.904 0.954 1.027 0.967 0.992 0.972 0.923 1.029 1.085 0.94 1.135 0.95 1.053 1.001 1.039 0.99 1.051 1.075 1.087 0.894 1.045 1.018 1.044 1.084 1.143 0.9 0.865 1.066 1.096 1.143 1.092 1.076 0.938 1.097 1.034 1.104 0.965 0.899 0.889 1.056 1.047 1.082 1.037 1.005 1.013 1.32 1.124 1.117 0.999 1.303 1.338 1.274 1.002 0.984 0.953 1.074 1.085 1.057 1.075 1.21 0.951 1.275 1.103 1.023 1.309 1.217 0.978 1.273 1.077 1.216 0.825 1.303 0.775 1.147 0.93 1.094 1.118 1.079 0.959 1.331 0.868 0.791 1.118 1.052 0.861 1.001 0.985 1.267 1.02 0.834 1.333 1.279 0.805 1.084 0.987 1.334 0.983 0.968 1.058 0.848 0.833 1.136 1.082 1.067 0.863 1.086 1.084 0.9 0.994 1.298 0.916 1.078 0.904 1.01 1.302 0.905 0.97 1.322 0.94 0.868 0.867 1.304 0.878 0.937 1.016 1.329 1.061 0.908 0.995 0.929 1.203 0.962 1.33 0.996 0.872 0.809 0.837 1.0 0.987 0.759 1.0 0.822 1.0 1.002 1.0 1.0 0.832 1.0 0.929 1.0 1.0 0.844 1.0 0.994 1.0 1.0 1.1 1.0 1.001 1.0 1.0 1.329 1.0 1.118 1.0 1.0 0.91 1.0 0.996 1.0 1.0 1.333 1.0 0.926 1.0 1.0 0.952 1.0 0.923 1.0 1.0 0.991 1.0 0.923 1.0 1.0 0.884 1.0 0.923 1.0 1.0 1.0 1.0 0.957 1.0 1.0 1.0 1.0 1.13 1.0 1.0 1.0 1.0 1.09 1.0 1.0 1.0 1.0 1.012 1.0 1.0 1.0 1.0 1.028 1.0 1.0 1.0 1.0 1.032 1.0 1.0 1.0 1.0 1.005 1.0 1.0 1.0 1.0 1.024 1.0 1.0 1.0 1.0 1.014 1.0 1.0 1.0 1.0 0.998 1.0 1.0 1.0 1.0 0.932 1.0 1.0 1.0 1.0 0.965 1.0 1.0 1.0 1.0 0.98 1.0 1.0 1.0 1.0 0.963 1.0 1.0 1.0 1.0 0.993 1.0 1.0 1.0 1.0 1.039 1.0 1.0 1.0 1.0 1.018 1.0 1.0 1.0 1.0 1.031 1.0 1.0 1.0 1.0 0.951 1.0 1.0 1.0 1.0 0.997 1.0 1.0 1.0 1.0 1.03 1.0 1.0 1.0 1.0 1.016 1.0 1.0 1.0 1.0 0.946 1.0 1.0 1.0 1.0 0.923 1.0 1.0 1.0 1.0 0.977 1.0 1.0 1.0 1.0 0.924 1.0 1.0 1.0 1.0 1.039 1.0 1.0 1.0 1.0 0.972 1.0 1.0 1.0 1.0 1.008 1.0 1.0 1.0 1.0 0.989 1.0 1.0 1.0 1.0 1.003 1.0 1.0 1.0 1.0 0.944 1.0 1.0 1.0 1.0 0.922 1.0 1.0 1.0 1.0 0.898 1.0 1.0 1.0 1.0 0.816 1.0 1.0 1.0 1.0 0.891 1.0 1.0 0.978 1.068 0.982 1.063 0.987 1.098 0.956 1.101 0.908 1.056 0.931 1.027 0.972 0.896 1.129 0.951 1.044 1.083 0.919 0.991 0.954 1.045 0.879 0.953 1.01 1.035 1.08 0.923 1.076 0.961 1.026 0.877 0.927 1.12 0.982 0.913 1.018 1.049 1.075 1.087 0.917 1.055 1.091 1.105 0.855 1.146 1.081 1.024 1.087 1.108 1.148 0.843 1.083 0.856 1.209 1.188 0.963 1.075 1.167 1.108 1.1 1.169 0.847 1.124 0.85 0.9 1.059 1.093 1.098 1.021 0.982 1.101 0.96 1.025 1.113 0.928 1.051 0.953 1.142 1.204 1.119 1.097 1.079 0.809 1.005 1.015 1.0 1.202 1.102 1.063 0.941 1.0 0.985 1.063 0.88 0.988 1.0 0.98 0.957 0.884 0.956 1.0 0.878 0.83 1.064 1.05 1.0 0.827 0.981 0.901 1.017 1.0 0.974 1.299 1.009 1.045 1.0 0.997 0.858 1.006 0.898 1.0 0.948 0.835 1.065 0.921 1.0 0.98 0.851 0.848 1.163 1.0 0.963 1.209 0.925 0.978 1.0 1.055 0.972 0.93 0.991 1.0 0.85 0.969 1.015 0.991 1.0 1.005 0.818 0.993 1.078 1.0 0.955 0.96 0.831 0.946 1.0 0.97 0.947 1.0 1.054 1.0 0.828 0.96 1.0 0.974 1.0 0.916 0.959 1.0 0.89 1.0 0.999 0.858 1.0 0.884 1.0 1.0 1.1 1.0 0.909 1.0 1.0 0.939 1.0 0.901 1.0 1.0 0.932 1.0 0.933 1.0 1.0 1.295 1.0 1.055 1.0 1.0 1.226 1.0 0.915 1.0 1.0 0.807 1.0 0.8 1.0 1.0 0.892 1.0 0.903 1.0 1.0 0.891 1.0 0.807 1.0 1.0 1.056 1.0 1.0 1.0 1.0 1.065 1.0 1.0 1.0 1.0 1.004 1.0 1.0 1.0 1.0 0.896 1.0 1.0 1.0 1.0 1.0 1.0 1.0 1.0 1.0 1.0 1.0 1.0 1.0 1.0 1.0 1.0 1.0 1.0 1.0 1.0 1.0 1.0 1.0 1.0 1.0 1.0 1.0 1.0 1.0 1.0 1.0 1.0 1.0 1.0 1.0 1.0 1.0 1.0 1.0 1.0 1.0 1.0 1.0 1.0 1.0 1.0 1.0 1.0 1.0 1.0 1.0 1.0 1.0 1.0 1.0 1.0 1.0 1.0 1.0 1.0 1.0 1.0 1.0 1.0 1.0 1.0 1.0 1.0 1.0 1.0 1.0 1.0 1.0 1.0 1.0 1.0 1.0 1.0 1.0 1.0 1.0 1.0 1.0 1.0 1.0 1.0 1.0 1.0 1.0 1.0 1.0 1.0 1.0 1.0 1.0 1.0 1.0 1.0 1.0 1.0 1.0 1.0 1.0 1.0 1.0 1.0 1.0 1.0 1.0 1.0 1.0 1.0 1.0 1.0 1.0 1.0 1.0 1.0 1.0 1.0 1.0 1.0 1.0 1.0 1.0 1.0 1.0 1.0 1.0 1.0 1.0 1.0 1.0 1.0 1.0 1.0 1.0 1.0 1.0 1.0 1.0 1.0 1.0 1.0 1.0 1.0 0.953 1.023 1.072 0.986 0.987 1.022 1.099 1.064 0.991 1.053 0.955 1.111 0.994 1.028 1.125 0.912 1.029 0.882 0.898 1.007 1.122 1.119 1.09 1.046 1.076 0.909 0.911 0.881 0.844 0.909 0.917 1.047 1.091 1.205 0.917 1.051 0.93 0.929 0.83 1.013 0.887 0.875 1.027 1.039 0.897 1.064 1.054 1.125 0.846 1.01 0.987 1.043 1.033 0.99 1.033 0.868 0.916 0.943 0.852 0.953 1.079 0.889 0.991 1.0 1.115 0.891 1.112 0.995 1.0 1.063 1.021 0.909 1.048 1.0 0.841 0.887 1.068 1.038 1.0 1.013 0.937 0.919 0.943 1.0 0.959 1.088 0.913 1.005 1.0 0.937 0.882 1.055 0.949 1.0 0.851 1.059 1.04 1.005 1.0 0.823 1.063 1.012 0.974 1.0 0.935 1.062 1.04 1.029 1.0 0.935 0.862 0.925 0.996 1.0 0.831 0.909 1.077 0.988 1.0 1.288 0.87 0.879 1.032 1.0 1.002 0.896 1.117 0.987 1.0 0.864 0.884 1.003 1.115 1.0 0.915 0.911 0.871 0.986 1.0 1.0 0.889 0.988 1.029 1.0 1.0 0.936 0.967 0.989 1.0 1.0 1.1 1.011 0.99 1.0 1.0 0.902 0.964 0.91 1.0 1.0 0.903 0.999 0.982 1.0 1.0 0.878 0.994 1.121 1.0 1.0 1.0 0.925 1.124 1.0 1.0 1.0 1.092 1.09 1.0 1.0 1.0 0.918 0.937 1.0 1.0 1.0 0.975 0.981 1.0 1.0 1.0 0.972 0.99 1.0 1.0 1.0 0.969 1.029 1.0 1.0 1.0 0.996 0.928 1.0 1.0 1.0 0.966 0.959 1.0 1.0 1.0 0.967 0.793 1.0 1.0 1.0 0.99 0.967 1.0 1.0 1.0 0.96 0.843 1.0 1.0 1.0 0.929 0.802 1.0 1.0 1.0 0.921 0.896 1.0 1.0 1.0 1.007 0.782 1.0 1.0 1.0 0.995 0.917 1.0 1.0 1.0 1.06 1.0 1.0 1.0 1.0 0.854 1.0 1.0 1.0 1.0 0.827 1.0 1.0 1.0 1.0 1.076 1.0 1.0 1.0 1.0 0.79 1.0 1.0 1.0 1.0 0.793 1.0 1.0 1.0 1.0 0.805 1.0 1.0 1.0 1.0 0.916 1.0 1.0 1.0 1.0 0.905 1.0 1.0 1.0 1.0 0.904 1.0 1.0 1.0 1.0 0.89 1.0 1.0 1.0 1.0 1.0 1.0 1.0 1.0 1.0 1.0 1.0 1.0 1.0 1.0 1.0 1.0 1.0 1.0 1.0 1.0 1.0 1.0 1.0 1.0 1.0 1.0 1.0 1.0 1.0 1.0 1.0 1.0 1.0 1.0 1.0 1.0 1.0 1.0 1.0 1.0 1.0 1.0 1.0 1.0 1.0 1.0 1.0 1.0 1.0 1.0 1.0 1.0 1.0 1.0 1.0 1.0 1.0 1.0 1.0 1.0 1.0 1.0 1.0 1.0 1.0 1.0 1.0 1.0 1.0 1.0 1.0 1.0 1.0 1.0 1.0 1.0 1.0 1.0 1.0 1.0 1.0 1.0 1.0 1.065 1.068 0.987 1.042 0.935 0.965 1.1 1.112 1.064 1.098 1.108 1.033 0.987 1.079 1.105 0.926 0.945 0.971 0.881 0.92 1.029 1.03 1.069 0.942 1.023 0.936 1.101 0.939 1.127 0.908 1.064 0.828 1.004 0.875 1.043 0.931 1.065 0.921 1.029 1.02 1.023 1.087 1.069 0.986 1.139 1.046 1.098 1.057 1.114 0.832 0.895 1.055 1.012 1.06 1.051 1.074 0.841 1.006 1.054 1.199 1.027 1.086 1.045 1.12 0.987 1.025 0.841 1.059 1.009 1.039 1.077 1.13 0.822 0.896 0.837 1.086 1.066 0.82 1.084 0.833 1.057 1.004 1.209 1.258 1.0 1.111 0.817 1.219 1.092 1.0 1.091 1.119 0.987 0.804 1.0 1.122 0.977 1.095 1.07 1.0 0.985 0.894 1.106 0.805 1.0 0.978 1.116 0.975 0.996 1.0 0.972 0.983 0.98 0.98 1.0 1.0 1.142 1.239 0.908 1.0 1.016 1.136 0.94 1.066 1.0 1.106 0.994 0.815 0.984 1.0 1.086 1.139 1.125 0.953 1.0 1.071 0.89 0.819 0.841 1.0 0.981 1.147 1.183 0.886 1.0 1.182 0.791 1.172 0.798 1.0 1.169 0.871 1.256 0.882 1.0 0.791 1.0 0.97 0.992 1.0 0.792 1.115 1.204 0.882 1.0 0.792 1.282 0.802 1.0 1.0 0.795 0.808 0.932 1.0 1.0 0.919 0.877 1.0 1.0 1.0 0.919 0.925 1.0 1.0 1.0 0.913 0.94 1.0 1.0 1.0 1.028 0.815 1.0 1.0 1.0 0.943 0.872 1.0 1.0 1.0 1.039 0.912 1.0 1.0 1.0 1.049 1.0 1.0 1.0 1.0 0.876 1.0 1.0 1.0 1.0 1.284 1.0 1.0 1.0 1.0 0.887 1.0 1.0 1.0 1.0 0.967 1.0 1.0 1.0 1.0 1.123 1.0 1.0 1.0 1.0 0.951 1.0 1.0 1.0 1.0 0.917 1.0 1.0 1.0 1.0 1.0 1.0 1.0 1.0 1.0 1.0 1.0 1.0 1.0 1.0 1.0 1.0 1.0 1.0 1.0 1.0 1.0 1.0 1.0 1.0 1.0 1.0 1.0 1.0 1.0 1.0 1.0 1.0 1.0 1.0 1.0 1.0 1.0 1.0 1.0 1.0 1.0 1.0 1.0 1.0 1.0 1.0 1.0 1.0 1.0 1.0 1.0 1.0 1.0 1.0 1.0 1.0 1.0 1.0 1.0 1.0 1.0 1.0 1.0 1.0 1.0 1.0 1.0 1.0 1.0 1.0 1.0 1.0 1.0 1.0 1.0 1.0 1.0 1.0 1.0 1.0 1.0 1.0 1.0 1.0 1.0 1.0 1.0 1.0 1.0 1.0 1.0 1.0 1.0 1.0 1.0 1.0 1.0 1.0 1.0 1.0 1.0 1.0 1.0 1.0 1.0 1.0 1.0 1.0 1.0 1.0 1.0 1.0 1.0 1.0 1.0 1.0 1.0 1.0 1.0 1.0 1.0 1.0 1.0 1.0 1.0 1.0 1.0 1.0 1.0 1.0 1.0 1.0 1.0 1.0 1.0 1.0 1.0 1.0 1.0 0.953 1.01 1.072 1.042 0.935 1.096 0.954 1.066 0.906 1.102 1.015 0.905 0.966 1.101 1.07 0.967 0.899 1.08 0.891 0.965 1.057 1.107 1.082 1.017 0.932 1.053 1.036 0.875 1.035 1.094 1.051 0.903 1.087 1.063 0.97 1.078 0.953 0.875 1.013 1.106 0.945 0.986 1.011 1.097 1.031 0.916 0.952 0.942 0.997 1.039 1.086 1.067 0.952 1.066 1.021 1.047 0.996 1.007 0.981 0.882 0.899 1.066 1.025 1.015 1.044 1.077 0.901 0.917 0.991 1.109 0.891 1.063 0.955 1.022 0.823 1.075 1.074 1.004 1.0 1.225 0.866 1.043 1.04 1.0 1.055 0.869 1.046 0.89 1.0 1.078 1.031 1.008 1.033 1.0 1.309 0.923 0.922 0.988 1.0 0.869 1.021 0.846 1.05 1.0 0.981 1.01 0.846 1.0 1.0 1.005 1.037 1.0 0.879 1.0 1.005 1.092 0.868 1.204 1.0 1.347 0.89 0.934 0.991 1.0 1.043 0.989 1.019 1.172 1.0 0.823 1.095 0.859 0.949 1.0 1.345 0.978 0.955 1.183 1.0 1.031 1.027 1.055 0.856 1.0 0.952 0.926 1.165 0.881 1.0 1.02 1.24 0.976 0.873 1.0 0.862 1.014 1.111 0.992 1.0 0.946 1.0 1.225 1.249 1.0 1.041 1.0 1.244 0.848 1.0 0.966 1.0 0.972 0.948 1.0 0.806 1.0 1.003 0.85 1.0 0.922 1.0 0.846 0.838 1.0 0.979 1.0 0.834 0.841 1.0 1.016 1.0 0.86 1.25 1.0 1.387 1.0 1.0 0.849 1.0 0.897 1.0 1.0 0.841 1.0 1.006 1.0 1.0 1.101 1.0 1.0 1.0 1.0 0.87 1.0 1.0 1.0 1.0 0.995 1.0 1.0 1.0 1.0 1.37 1.0 1.0 1.0 1.0 1.0 1.0 1.0 1.0 1.0 1.0 1.0 1.0 1.0 1.0 1.0 1.0 1.0 1.0 1.0 1.0 1.0 1.0 1.0 1.0 1.0 1.0 1.0 1.0 1.0 1.0 1.0 1.0 1.0 1.0 1.0 1.0 1.0 1.0 1.0 1.0 1.0 1.0 1.0 1.0 1.0 1.0 1.0 1.0 1.0 1.0 1.0 1.0 1.0 1.0 1.0 1.0 1.0 1.0 1.0 1.0 1.0 1.0 1.0 1.0 1.0 1.0 1.0 1.0 1.0 1.0 1.0 1.0 1.0 1.0 1.0 1.0 1.0 1.0 1.0 1.0 1.0 1.0 1.0 1.0 1.0 1.0 1.0 1.0 1.0 1.0 1.0 1.0 1.0 1.0 1.0 1.0 1.0 1.0 1.0 1.0 1.0 1.0 1.0 1.0 1.0 1.0 1.0 1.0 1.0 1.0 1.0 1.0 1.0 1.0 1.0 1.0 1.0 1.0 1.0 1.0 1.0 1.0 1.0 1.0 1.0 1.0 1.0 1.0 1.0 1.0 1.0 1.0 1.0 1.0 1.0 1.0 1.0 1.0 1.0 1.0 1.0 1.0 1.0 1.0 1.0 1.0 1.0 1.0 1.0 1.0 1.0 1.0 1.0 1.0 1.0 1.0 1.0,1.3989326,0.39893258,0.7592188,0.3,0.2991187870502472,0.0003,5,1.8384002
19,0.09323026984930038,0.99775374,1.014 1.024 0.98 0.985 0.981 0.962 1.103 1.072 0.901 0.899 1.03 1.118 0.967 1.079 1.011 1.121 0.882 0.859 0.947 0.942 1.034 1.066 0.955 1.142 1.054 1.028 0.88 1.121 1.025 1.141 1.049 0.878 1.036 0.91 1.161 0.951 0.911 1.12 1.032 1.043 1.052 1.067 1.015 0.871 0.799 0.989 0.879 1.043 1.111 0.934 1.081 0.88 1.045 1.117 0.834 0.961 1.056 1.041 1.032 0.984 0.932 0.912 0.875 1.067 1.0 1.088 1.074 0.841 0.905 1.0 1.014 1.081 1.009 1.046 1.0 1.079 1.161 1.037 1.047 1.0 1.292 0.922 1.232 1.012 1.0 1.283 0.917 1.075 0.804 1.0 1.019 0.871 0.995 1.02 1.0 0.992 0.92 0.852 0.886 1.0 1.111 0.866 0.903 1.057 1.0 0.977 1.07 1.0 0.879 1.0 0.858 0.878 1.0 0.848 1.0 0.855 1.038 1.0 0.856 1.0 0.8 0.997 1.0 0.864 1.0 0.991 0.999 1.0 0.868 1.0 0.864 1.106 1.0 0.861 1.0 0.977 0.962 1.0 1.02 1.0 1.075 0.994 1.0 1.054 1.0 0.762 0.821 1.0 0.985 1.0 0.757 1.098 1.0 0.887 1.0 1.048 1.061 1.0 0.998 1.0 1.425 1.062 1.0 0.975 1.0 1.0 0.976 1.0 0.979 1.0 1.0 0.956 1.0 0.88 1.0 1.0 0.978 1.0 1.058 1.0 1.0 0.911 1.0 0.868 1.0 1.0 0.82 1.0 0.895 1.0 1.0 1.051 1.0 1.0 1.0 1.0 1.318 1.0 1.0 1.0 1.0 0.974 1.0 1.0 1.0 1.0 0.885 1.0 1.0 1.0 1.0 0.888 1.0 1.0 1.0 1.0 0.891 1.0 1.0 1.0 1.0 0.922 1.0 1.0 1.0 1.0 0.879 1.0 1.0 1.0 1.0 1.0 1.0 1.0 1.0 1.0 1.0 1.0 1.0 1.0 1.0 1.0 1.0 1.0 1.0 1.0 1.0 1.0 1.0 1.0 1.0 1.0 1.0 1.0 1.0 1.0 1.0 1.0 1.0 1.0 1.0 1.0 1.0 1.0 1.0 1.0 1.0 1.0 1.0 1.0 1.0 1.0 1.0 1.0 1.0 1.0 1.0 1.0 1.0 1.0 1.0 1.0 1.0 1.0 1.0 1.0 1.0 1.0 1.0 1.0 1.0 1.0 1.0 1.0 1.0 1.0 1.0 1.0 1.0 1.0 1.0 1.0 1.0 1.0 1.0 1.0 1.0 1.0 1.0 1.0 1.0 1.0 1.0 1.0 1.0 1.0 1.0 1.0 1.0 1.0 1.0 1.0 1.0 1.0 1.0 1.0 1.0 1.0 1.0 1.0 1.0 1.0 1.0 1.0 1.0 1.0 1.0 1.0 1.0 1.0 1.0 1.0 1.0 1.0 1.0 1.0 1.0 1.0 1.0 1.0 1.0 1.0 1.0 1.0 1.0 1.0 1.0 1.0 1.0 1.0 1.0 1.0 1.0 1.0 1.0 1.0 1.0 1.0 1.0 1.0 1.0 1.0 1.0 1.0 1.0 1.0 1.0 1.0 1.0 1.0 1.001 0.97 1.047 0.985 0.981 1.103 0.951 0.964 0.905 0.986 1.02 1.034 1.0 0.892 1.08 1.046 0.898 0.949 0.886 1.008 0.99 1.044 1.006 0.923 0.92 1.071 0.911 1.094 1.039 0.877 0.842 1.094 0.941 1.04 0.885 1.065 1.064 1.035 1.11 0.881 0.841 0.889 1.089 0.825 1.156 0.841 1.005 1.027 0.86 1.161 0.846 0.895 0.886 0.902 0.817 1.062 0.898 0.948 1.074 0.821 1.243 0.988 1.063 0.806 0.953 0.985 1.046 1.122 0.824 1.219 0.956 1.027 1.041 1.229 0.835 0.986 1.005 1.016 0.794 1.207 0.965 0.994 0.869 0.802 0.84 1.0 1.05 1.04 0.977 0.848 1.0 1.004 0.864 0.811 1.092 1.0 1.014 1.21 0.947 0.969 1.0 0.942 0.811 0.807 0.835 1.0 0.947 0.958 0.934 1.0 1.0 1.05 0.972 0.976 1.0 1.0 0.928 0.909 0.972 1.0 1.0 1.112 0.874 0.942 1.0 1.0 1.027 0.844 0.825 1.0 1.0 1.129 0.789 1.118 1.0 1.0 0.959 0.914 0.896 1.0 1.0 0.938 1.128 0.839 1.0 1.0 0.967 0.972 1.0 1.0 1.0 1.082 0.836 1.0 1.0 1.0 0.923 0.772 1.0 1.0 1.0 0.904 0.828 1.0 1.0 1.0 0.968 1.308 1.0 1.0 1.0 0.889 1.0 1.0 1.0 1.0 0.886 1.0 1.0 1.0 1.0 0.962 1.0 1.0 1.0 1.0 1.027 1.0 1.0 1.0 1.0 0.958 1.0 1.0 1.0 1.0 1.003 1.0 1.0 1.0 1.0 1.008 1.0 1.0 1.0 1.0 0.829 1.0 1.0 1.0 1.0 1.004 1.0 1.0 1.0 1.0 0.976 1.0 1.0 1.0 1.0 1.125 1.0 1.0 1.0 1.0 0.847 1.0 1.0 1.0 1.0 1.375 1.0 1.0 1.0 1.0 1.266 1.0 1.0 1.0 1.0 0.819 1.0 1.0 1.0 1.0 1.0 1.0 1.0 1.0 1.0 1.0 1.0 1.0 1.0 1.0 1.0 1.0 1.0 1.0 1.0 1.0 1.0 1.0 1.0 1.0 1.0 1.0 1.0 1.0 1.0 1.0 1.0 1.0 1.0 1.0 1.0 1.0 1.0 1.0 1.0 1.0 1.0 1.0 1.0 1.0 1.0 1.0 1.0 1.0 1.0 1.0 1.0 1.0 1.0 1.0 1.0 1.0 1.0 1.0 1.0 1.0 1.0 1.0 1.0 1.0 1.0 1.0 1.0 1.0 1.0 1.0 1.0 1.0 1.0 1.0 1.0 1.0 1.0 1.0 1.0 1.0 1.0 1.0 1.0 1.0 1.0 1.0 1.0 1.0 1.0 1.0 1.0 1.0 1.0 1.0 1.0 1.0 1.0 1.0 1.0 1.0 1.0 1.0 1.0 1.0 1.0 1.0 1.0 1.0 1.0 1.0 1.0 1.0 1.0 1.0 1.0 1.0 1.0 1.0 1.0 1.0 1.0 1.0 1.0 1.0 1.0 1.0 1.0 1.0 1.0 1.0 1.0 1.0 1.0 1.0 1.0 1.0 1.0 1.0 1.07 1.024 0.926 1.045 0.931 0.963 0.952 1.071 0.972 0.902 1.117 1.126 0.957 1.076 1.11 0.951 1.034 1.14 1.084 0.934 1.109 1.054 1.141 0.948 0.923 0.969 0.952 0.949 1.094 1.109 1.08 0.932 1.03 0.863 0.907 0.954 0.947 1.016 0.932 1.108 1.035 1.025 1.066 1.116 0.847 1.037 1.069 1.019 0.927 1.083 0.99 1.097 1.067 1.056 1.055 0.904 0.857 1.0 0.987 0.812 1.0 1.043 1.171 0.87 0.833 1.043 1.027 0.814 1.069 0.976 1.063 1.102 0.952 1.093 0.887 1.011 1.223 0.831 1.082 0.895 1.087 1.237 0.965 1.085 1.04 0.852 0.989 0.922 1.091 0.987 0.874 0.817 0.906 0.831 1.018 1.056 0.815 0.815 0.93 1.208 0.896 0.794 1.272 1.05 0.907 1.048 0.975 1.0 0.973 0.934 0.879 0.794 1.0 0.869 0.885 1.017 0.862 1.0 1.058 1.0 0.871 1.137 1.0 1.305 1.0 0.852 0.865 1.0 0.946 1.0 0.866 1.308 1.0 1.033 1.0 0.897 0.999 1.0 0.967 1.0 0.947 0.932 1.0 1.056 1.0 1.046 1.085 1.0 0.842 1.0 0.996 0.932 1.0 0.939 1.0 0.989 0.889 1.0 1.0 1.0 0.865 0.929 1.0 1.0 1.0 1.023 0.802 1.0 1.0 1.0 1.057 0.854 1.0 1.0 1.0 0.975 0.887 1.0 1.0 1.0 0.907 0.863 1.0 1.0 1.0 1.058 0.974 1.0 1.0 1.0 0.931 1.0 1.0 1.0 1.0 1.008 1.0 1.0 1.0 1.0 0.981 1.0 1.0 1.0 1.0 0.967 1.0 1.0 1.0 1.0 0.929 1.0 1.0 1.0 1.0 0.901 1.0 1.0 1.0 1.0 1.23 1.0 1.0 1.0 1.0 1.209 1.0 1.0 1.0 1.0 1.279 1.0 1.0 1.0 1.0 1.047 1.0 1.0 1.0 1.0 0.869 1.0 1.0 1.0 1.0 0.889 1.0 1.0 1.0 1.0 1.318 1.0 1.0 1.0 1.0 0.855 1.0 1.0 1.0 1.0 1.0 1.0 1.0 1.0 1.0 1.0 1.0 1.0 1.0 1.0 1.0 1.0 1.0 1.0 1.0 1.0 1.0 1.0 1.0 1.0 1.0 1.0 1.0 1.0 1.0 1.0 1.0 1.0 1.0 1.0 1.0 1.0 1.0 1.0 1.0 1.0 1.0 1.0 1.0 1.0 1.0 1.0 1.0 1.0 1.0 1.0 1.0 1.0 1.0 1.0 1.0 1.0 1.0 1.0 1.0 1.0 1.0 1.0 1.0 1.0 1.0 1.0 1.0 1.0 1.0 1.0 1.0 1.0 1.0 1.0 1.0 1.0 1.0 1.0 1.0 1.0 1.0 1.0 1.0 1.0 1.0 1.0 1.0 1.0 1.0 1.0 1.0 1.0 1.0 1.0 1.0 1.0 1.0 1.0 1.0 1.0 1.0 1.0 1.0 1.0 1.0 1.0 1.0 1.0 1.0 1.0 1.0 1.0 1.0 1.0 1.0 1.0 1.0 1.0 1.0 1.0 1.0 1.0 1.0 1.0 1.07 1.01 0.926 1.045 1.04 0.933 0.954 1.108 0.987 0.898 0.952 1.028 0.965 0.991 0.97 0.918 1.03 1.089 0.936 1.145 0.947 1.057 1.0 1.041 0.99 1.053 1.079 1.092 0.887 1.047 1.019 1.046 1.089 1.152 0.893 0.857 1.07 1.102 1.153 1.097 1.081 0.934 1.103 1.035 1.111 0.962 0.893 0.882 1.058 1.049 1.086 1.039 1.006 1.013 1.338 1.133 1.123 0.998 1.32 1.357 1.29 1.002 0.983 0.95 1.079 1.09 1.061 1.08 1.224 0.948 1.291 1.111 1.024 1.326 1.231 0.976 1.289 1.082 1.23 0.815 1.322 0.761 1.156 0.926 1.099 1.126 1.085 0.956 1.349 0.86 0.778 1.125 1.056 0.852 1.002 0.984 1.281 1.021 0.824 1.35 1.296 0.794 1.089 0.986 1.35 0.982 0.966 1.062 0.839 0.823 1.145 1.088 1.071 0.854 1.091 1.088 0.893 0.994 1.315 0.911 1.082 0.898 1.01 1.319 0.899 0.968 1.34 0.937 0.859 0.858 1.323 0.869 0.934 1.018 1.347 1.064 0.902 0.995 0.924 1.217 0.959 1.349 0.995 0.864 0.798 0.827 1.0 0.986 0.745 1.0 0.812 1.0 1.002 1.0 1.0 0.822 1.0 0.924 1.0 1.0 0.834 1.0 0.994 1.0 1.0 1.106 1.0 1.0 1.0 1.0 1.353 1.0 1.126 1.0 1.0 0.904 1.0 0.996 1.0 1.0 1.356 1.0 0.922 1.0 1.0 0.949 1.0 0.918 1.0 1.0 0.989 1.0 0.918 1.0 1.0 0.876 1.0 0.918 1.0 1.0 1.0 1.0 0.954 1.0 1.0 1.0 1.0 1.138 1.0 1.0 1.0 1.0 1.096 1.0 1.0 1.0 1.0 1.013 1.0 1.0 1.0 1.0 1.03 1.0 1.0 1.0 1.0 1.034 1.0 1.0 1.0 1.0 1.005 1.0 1.0 1.0 1.0 1.026 1.0 1.0 1.0 1.0 1.015 1.0 1.0 1.0 1.0 0.998 1.0 1.0 1.0 1.0 0.926 1.0 1.0 1.0 1.0 0.963 1.0 1.0 1.0 1.0 0.979 1.0 1.0 1.0 1.0 0.961 1.0 1.0 1.0 1.0 0.993 1.0 1.0 1.0 1.0 1.042 1.0 1.0 1.0 1.0 1.019 1.0 1.0 1.0 1.0 1.033 1.0 1.0 1.0 1.0 0.947 1.0 1.0 1.0 1.0 0.997 1.0 1.0 1.0 1.0 1.032 1.0 1.0 1.0 1.0 1.017 1.0 1.0 1.0 1.0 0.943 1.0 1.0 1.0 1.0 0.918 1.0 1.0 1.0 1.0 0.976 1.0 1.0 1.0 1.0 0.919 1.0 1.0 1.0 1.0 1.042 1.0 1.0 1.0 1.0 0.97 1.0 1.0 1.0 1.0 1.008 1.0 1.0 1.0 1.0 0.988 1.0 1.0 1.0 1.0 1.003 1.0 1.0 1.0 1.0 0.939 1.0 1.0 1.0 1.0 0.916 1.0 1.0 1.0 1.0 0.891 1.0 1.0 1.0 1.0 0.804 1.0 1.0 1.0 1.0 0.884 1.0 1.0 0.976 1.073 0.98 1.067 0.986 1.105 0.954 1.108 0.903 1.059 0.927 1.028 0.97 0.89 1.138 0.949 1.048 1.087 0.914 0.99 0.951 1.048 0.872 0.95 1.01 1.038 1.086 0.918 1.08 0.959 1.027 0.869 0.922 1.128 0.981 0.908 1.019 1.051 1.079 1.093 0.912 1.06 1.097 1.112 0.847 1.156 1.086 1.026 1.093 1.115 1.159 0.834 1.088 0.848 1.22 1.198 0.961 1.079 1.177 1.115 1.108 1.18 0.838 1.131 0.842 0.895 1.064 1.099 1.104 1.022 0.981 1.108 0.957 1.026 1.12 0.923 1.055 0.95 1.151 1.215 1.128 1.103 1.083 0.797 1.005 1.016 1.0 1.214 1.108 1.067 0.937 1.0 0.984 1.066 0.872 0.988 1.0 0.978 0.953 0.877 0.953 1.0 0.871 0.819 1.068 1.052 1.0 0.816 0.979 0.895 1.017 1.0 0.972 1.32 1.009 1.047 1.0 0.996 0.849 1.006 0.892 1.0 0.945 0.824 1.069 0.916 1.0 0.978 0.842 0.839 1.173 1.0 0.96 1.223 0.921 0.976 1.0 1.057 0.97 0.925 0.99 1.0 0.842 0.968 1.015 0.989 1.0 1.005 0.808 0.992 1.083 1.0 0.952 0.958 0.822 0.943 1.0 0.967 0.944 1.0 1.057 1.0 0.819 0.956 1.0 0.972 1.0 0.91 0.956 1.0 0.883 1.0 0.998 0.849 1.0 0.876 1.0 1.0 1.106 1.0 0.903 1.0 1.0 0.935 1.0 0.894 1.0 1.0 0.928 1.0 0.928 1.0 1.0 1.312 1.0 1.058 1.0 1.0 1.242 1.0 0.909 1.0 1.0 0.795 1.0 0.788 1.0 1.0 0.885 1.0 0.897 1.0 1.0 0.884 1.0 0.795 1.0 1.0 1.059 1.0 1.0 1.0 1.0 1.069 1.0 1.0 1.0 1.0 1.004 1.0 1.0 1.0 1.0 0.889 1.0 1.0 1.0 1.0 1.0 1.0 1.0 1.0 1.0 1.0 1.0 1.0 1.0 1.0 1.0 1.0 1.0 1.0 1.0 1.0 1.0 1.0 1.0 1.0 1.0 1.0 1.0 1.0 1.0 1.0 1.0 1.0 1.0 1.0 1.0 1.0 1.0 1.0 1.0 1.0 1.0 1.0 1.0 1.0 1.0 1.0 1.0 1.0 1.0 1.0 1.0 1.0 1.0 1.0 1.0 1.0 1.0 1.0 1.0 1.0 1.0 1.0 1.0 1.0 1.0 1.0 1.0 1.0 1.0 1.0 1.0 1.0 1.0 1.0 1.0 1.0 1.0 1.0 1.0 1.0 1.0 1.0 1.0 1.0 1.0 1.0 1.0 1.0 1.0 1.0 1.0 1.0 1.0 1.0 1.0 1.0 1.0 1.0 1.0 1.0 1.0 1.0 1.0 1.0 1.0 1.0 1.0 1.0 1.0 1.0 1.0 1.0 1.0 1.0 1.0 1.0 1.0 1.0 1.0 1.0 1.0 1.0 1.0 1.0 1.0 1.0 1.0 1.0 1.0 1.0 1.0 1.0 1.0 1.0 1.0 1.0 1.0 1.0 1.0 1.0 1.0 1.0 1.0 1.0 1.0 1.0 0.95 1.024 1.077 0.985 0.986 1.023 1.106 1.067 0.99 1.056 0.952 1.119 0.992 1.029 1.134 0.907 1.03 0.875 0.892 1.006 1.131 1.128 1.094 1.048 1.08 0.904 0.905 0.874 0.835 0.903 0.912 1.049 1.096 1.215 0.913 1.053 0.925 0.926 0.82 1.014 0.88 0.868 1.028 1.041 0.891 1.068 1.056 1.134 0.837 1.01 0.987 1.045 1.035 0.989 1.035 0.86 0.911 0.94 0.844 0.95 1.084 0.883 0.99 1.0 1.122 0.885 1.12 0.995 1.0 1.067 1.022 0.904 1.051 1.0 0.832 0.88 1.071 1.041 1.0 1.014 0.933 0.915 0.94 1.0 0.957 1.094 0.908 1.005 1.0 0.933 0.875 1.058 0.946 1.0 0.841 1.063 1.042 1.005 1.0 0.812 1.068 1.012 0.973 1.0 0.931 1.066 1.042 1.03 1.0 0.93 0.853 0.921 0.995 1.0 0.82 0.903 1.081 0.987 1.0 1.305 0.862 0.872 1.034 1.0 1.002 0.89 1.124 0.986 1.0 0.855 0.876 1.002 1.123 1.0 0.909 0.904 0.863 0.985 1.0 1.0 0.882 0.987 1.03 1.0 1.0 0.933 0.966 0.988 1.0 1.0 1.107 1.012 0.989 1.0 1.0 0.896 0.961 0.904 1.0 1.0 0.897 0.999 0.981 1.0 1.0 0.87 0.993 1.129 1.0 1.0 1.0 0.92 1.133 1.0 1.0 1.0 1.099 1.096 1.0 1.0 1.0 0.912 0.933 1.0 1.0 1.0 0.973 0.98 1.0 1.0 1.0 0.97 0.99 1.0 1.0 1.0 0.967 1.03 1.0 1.0 1.0 0.995 0.924 1.0 1.0 1.0 0.964 0.955 1.0 1.0 1.0 0.964 0.78 1.0 1.0 1.0 0.99 0.963 1.0 1.0 1.0 0.958 0.833 1.0 1.0 1.0 0.924 0.789 1.0 1.0 1.0 0.917 0.888 1.0 1.0 1.0 1.007 0.768 1.0 1.0 1.0 0.995 0.911 1.0 1.0 1.0 1.063 1.0 1.0 1.0 1.0 0.845 1.0 1.0 1.0 1.0 0.817 1.0 1.0 1.0 1.0 1.08 1.0 1.0 1.0 1.0 0.778 1.0 1.0 1.0 1.0 0.781 1.0 1.0 1.0 1.0 0.793 1.0 1.0 1.0 1.0 0.91 1.0 1.0 1.0 1.0 0.898 1.0 1.0 1.0 1.0 0.898 1.0 1.0 1.0 1.0 0.883 1.0 1.0 1.0 1.0 1.0 1.0 1.0 1.0 1.0 1.0 1.0 1.0 1.0 1.0 1.0 1.0 1.0 1.0 1.0 1.0 1.0 1.0 1.0 1.0 1.0 1.0 1.0 1.0 1.0 1.0 1.0 1.0 1.0 1.0 1.0 1.0 1.0 1.0 1.0 1.0 1.0 1.0 1.0 1.0 1.0 1.0 1.0 1.0 1.0 1.0 1.0 1.0 1.0 1.0 1.0 1.0 1.0 1.0 1.0 1.0 1.0 1.0 1.0 1.0 1.0 1.0 1.0 1.0 1.0 1.0 1.0 1.0 1.0 1.0 1.0 1.0 1.0 1.0 1.0 1.0 1.0 1.0 1.0 1.07 1.073 0.986 1.045 0.931 0.963 1.107 1.12 1.067 1.105 1.116 1.034 0.986 1.083 1.113 0.921 0.942 0.969 0.874 0.915 1.031 1.031 1.074 0.938 1.025 0.932 1.107 0.936 1.136 0.902 1.069 0.818 1.004 0.868 1.045 0.927 1.068 0.916 1.03 1.02 1.024 1.093 1.073 0.985 1.148 1.049 1.105 1.06 1.122 0.822 0.889 1.058 1.012 1.063 1.055 1.079 0.831 1.006 1.057 1.212 1.028 1.091 1.047 1.128 0.987 1.026 0.832 1.063 1.009 1.041 1.082 1.138 0.811 0.891 0.828 1.091 1.071 0.81 1.089 0.824 1.061 1.004 1.223 1.272 1.0 1.118 0.806 1.234 1.098 1.0 1.097 1.126 0.986 0.792 1.0 1.128 0.975 1.101 1.074 1.0 0.983 0.888 1.112 0.794 1.0 0.977 1.122 0.973 0.995 1.0 0.971 0.982 0.978 0.979 1.0 0.999 1.15 1.256 0.902 1.0 1.017 1.144 0.937 1.07 1.0 1.113 0.993 0.804 0.983 1.0 1.091 1.148 1.133 0.95 1.0 1.075 0.883 0.808 0.832 1.0 0.979 1.156 1.195 0.878 1.0 1.193 0.778 1.183 0.787 1.0 1.18 0.864 1.269 0.874 1.0 0.78 1.0 0.969 0.991 1.0 0.781 1.122 1.217 0.874 1.0 0.781 1.299 0.791 1.0 1.0 0.784 0.796 0.927 1.0 1.0 0.913 0.87 1.0 1.0 1.0 0.913 0.921 1.0 1.0 1.0 0.907 0.937 1.0 1.0 1.0 1.03 0.804 1.0 1.0 1.0 0.939 0.864 1.0 1.0 1.0 1.042 0.906 1.0 1.0 1.0 1.053 1.0 1.0 1.0 1.0 0.869 1.0 1.0 1.0 1.0 1.303 1.0 1.0 1.0 1.0 0.879 1.0 1.0 1.0 1.0 0.965 1.0 1.0 1.0 1.0 1.131 1.0 1.0 1.0 1.0 0.948 1.0 1.0 1.0 1.0 0.912 1.0 1.0 1.0 1.0 1.0 1.0 1.0 1.0 1.0 1.0 1.0 1.0 1.0 1.0 1.0 1.0 1.0 1.0 1.0 1.0 1.0 1.0 1.0 1.0 1.0 1.0 1.0 1.0 1.0 1.0 1.0 1.0 1.0 1.0 1.0 1.0 1.0 1.0 1.0 1.0 1.0 1.0 1.0 1.0 1.0 1.0 1.0 1.0 1.0 1.0 1.0 1.0 1.0 1.0 1.0 1.0 1.0 1.0 1.0 1.0 1.0 1.0 1.0 1.0 1.0 1.0 1.0 1.0 1.0 1.0 1.0 1.0 1.0 1.0 1.0 1.0 1.0 1.0 1.0 1.0 1.0 1.0 1.0 1.0 1.0 1.0 1.0 1.0 1.0 1.0 1.0 1.0 1.0 1.0 1.0 1.0 1.0 1.0 1.0 1.0 1.0 1.0 1.0 1.0 1.0 1.0 1.0 1.0 1.0 1.0 1.0 1.0 1.0 1.0 1.0 1.0 1.0 1.0 1.0 1.0 1.0 1.0 1.0 1.0 1.0 1.0 1.0 1.0 1.0 1.0 1.0 1.0 1.0 1.0 1.0 1.0 1.0 1.0 1.0 0.95 1.01 1.077 1.045 0.931 1.103 0.951 1.069 0.901 1.109 1.014 0.899 0.964 1.109 1.074 0.965 0.893 1.083 0.884 0.964 1.06 1.115 1.086 1.017 0.928 1.056 1.038 0.868 1.036 1.099 1.054 0.898 1.091 1.067 0.968 1.082 0.95 0.868 1.013 1.112 0.942 0.984 1.011 1.105 1.033 0.911 0.949 0.939 0.997 1.041 1.091 1.071 0.949 1.071 1.022 1.051 0.996 1.007 0.979 0.874 0.892 1.07 1.026 1.015 1.047 1.081 0.895 0.913 0.991 1.116 0.885 1.066 0.952 1.023 0.812 1.08 1.078 1.004 1.0 1.238 0.858 1.046 1.042 1.0 1.058 0.862 1.048 0.884 1.0 1.082 1.032 1.008 1.036 1.0 1.328 0.919 0.917 0.987 1.0 0.861 1.022 0.837 1.053 1.0 0.979 1.01 0.837 1.0 1.0 1.006 1.039 1.0 0.872 1.0 1.006 1.099 0.86 1.215 1.0 1.369 0.883 0.929 0.991 1.0 1.045 0.989 1.02 1.184 1.0 0.813 1.102 0.851 0.946 1.0 1.368 0.976 0.952 1.195 1.0 1.032 1.028 1.058 0.847 1.0 0.949 0.921 1.175 0.874 1.0 1.022 1.255 0.975 0.865 1.0 0.853 1.014 1.119 0.992 1.0 0.942 1.0 1.239 1.263 1.0 1.043 1.0 1.259 0.839 1.0 0.963 1.0 0.97 0.944 1.0 0.794 1.0 1.003 0.84 1.0 0.917 1.0 0.837 0.828 1.0 0.977 1.0 0.825 0.831 1.0 1.015 1.0 0.852 1.268 1.0 1.415 1.0 1.0 0.839 1.0 0.891 1.0 1.0 0.831 1.0 1.004 1.0 1.0 1.106 1.0 1.0 1.0 1.0 0.862 1.0 1.0 1.0 1.0 0.994 1.0 1.0 1.0 1.0 1.395 1.0 1.0 1.0 1.0 1.0 1.0 1.0 1.0 1.0 1.0 1.0 1.0 1.0 1.0 1.0 1.0 1.0 1.0 1.0 1.0 1.0 1.0 1.0 1.0 1.0 1.0 1.0 1.0 1.0 1.0 1.0 1.0 1.0 1.0 1.0 1.0 1.0 1.0 1.0 1.0 1.0 1.0 1.0 1.0 1.0 1.0 1.0 1.0 1.0 1.0 1.0 1.0 1.0 1.0 1.0 1.0 1.0 1.0 1.0 1.0 1.0 1.0 1.0 1.0 1.0 1.0 1.0 1.0 1.0 1.0 1.0 1.0 1.0 1.0 1.0 1.0 1.0 1.0 1.0 1.0 1.0 1.0 1.0 1.0 1.0 1.0 1.0 1.0 1.0 1.0 1.0 1.0 1.0 1.0 1.0 1.0 1.0 1.0 1.0 1.0 1.0 1.0 1.0 1.0 1.0 1.0 1.0 1.0 1.0 1.0 1.0 1.0 1.0 1.0 1.0 1.0 1.0 1.0 1.0 1.0 1.0 1.0 1.0 1.0 1.0 1.0 1.0 1.0 1.0 1.0 1.0 1.0 1.0 1.0 1.0 1.0 1.0 1.0 1.0 1.0 1.0 1.0 1.0 1.0 1.0 1.0 1.0 1.0 1.0 1.0 1.0 1.0 1.0 1.0 1.0 1.0 1.0,1.4249735,0.4249735,0.7454972,0.3,0.31689444184303284,0.0003,5,1.9573141
20,0.09886227548122406,0.99762154,1.015 1.025 0.979 0.984 0.98 0.96 1.11 1.076 0.895 0.893 1.031 1.126 0.965 1.083 1.011 1.129 0.874 0.851 0.943 0.939 1.034 1.068 0.952 1.151 1.057 1.028 0.873 1.13 1.026 1.148 1.051 0.871 1.037 0.905 1.17 0.948 0.907 1.126 1.034 1.047 1.055 1.07 1.016 0.863 0.789 0.988 0.873 1.046 1.119 0.931 1.086 0.873 1.047 1.125 0.825 0.958 1.058 1.044 1.033 0.984 0.928 0.907 0.868 1.072 1.0 1.094 1.077 0.833 0.899 1.0 1.015 1.085 1.01 1.049 1.0 1.084 1.172 1.041 1.05 1.0 1.305 0.918 1.247 1.013 1.0 1.295 0.913 1.079 0.793 1.0 1.02 0.864 0.996 1.022 1.0 0.992 0.915 0.842 0.879 1.0 1.119 0.858 0.898 1.06 1.0 0.976 1.073 1.0 0.872 1.0 0.85 0.871 1.0 0.839 1.0 0.847 1.041 1.0 0.847 1.0 0.788 0.996 1.0 0.856 1.0 0.991 0.999 1.0 0.86 1.0 0.857 1.112 1.0 0.853 1.0 0.976 0.96 1.0 1.021 1.0 1.08 0.993 1.0 1.059 1.0 0.75 0.811 1.0 0.984 1.0 0.744 1.104 1.0 0.88 1.0 1.05 1.065 1.0 0.998 1.0 1.449 1.065 1.0 0.974 1.0 1.0 0.974 1.0 0.978 1.0 1.0 0.953 1.0 0.872 1.0 1.0 0.976 1.0 1.063 1.0 1.0 0.906 1.0 0.861 1.0 1.0 0.81 1.0 0.888 1.0 1.0 1.054 1.0 1.0 1.0 1.0 1.338 1.0 1.0 1.0 1.0 0.972 1.0 1.0 1.0 1.0 0.878 1.0 1.0 1.0 1.0 0.882 1.0 1.0 1.0 1.0 0.884 1.0 1.0 1.0 1.0 0.918 1.0 1.0 1.0 1.0 0.871 1.0 1.0 1.0 1.0 1.0 1.0 1.0 1.0 1.0 1.0 1.0 1.0 1.0 1.0 1.0 1.0 1.0 1.0 1.0 1.0 1.0 1.0 1.0 1.0 1.0 1.0 1.0 1.0 1.0 1.0 1.0 1.0 1.0 1.0 1.0 1.0 1.0 1.0 1.0 1.0 1.0 1.0 1.0 1.0 1.0 1.0 1.0 1.0 1.0 1.0 1.0 1.0 1.0 1.0 1.0 1.0 1.0 1.0 1.0 1.0 1.0 1.0 1.0 1.0 1.0 1.0 1.0 1.0 1.0 1.0 1.0 1.0 1.0 1.0 1.0 1.0 1.0 1.0 1.0 1.0 1.0 1.0 1.0 1.0 1.0 1.0 1.0 1.0 1.0 1.0 1.0 1.0 1.0 1.0 1.0 1.0 1.0 1.0 1.0 1.0 1.0 1.0 1.0 1.0 1.0 1.0 1.0 1.0 1.0 1.0 1.0 1.0 1.0 1.0 1.0 1.0 1.0 1.0 1.0 1.0 1.0 1.0 1.0 1.0 1.0 1.0 1.0 1.0 1.0 1.0 1.0 1.0 1.0 1.0 1.0 1.0 1.0 1.0 1.0 1.0 1.0 1.0 1.0 1.0 1.0 1.0 1.0 1.0 1.0 1.0 1.0 1.0 1.0 1.0 0.968 1.049 0.984 0.98 1.11 0.949 0.962 0.9 0.984 1.019 1.035 0.999 0.885 1.084 1.048 0.892 0.946 0.88 1.008 0.989 1.045 1.005 0.919 0.915 1.077 0.906 1.1 1.041 0.87 0.834 1.101 0.938 1.042 0.878 1.071 1.068 1.036 1.117 0.875 0.833 0.884 1.094 0.815 1.165 0.833 1.006 1.028 0.851 1.17 0.838 0.889 0.88 0.896 0.808 1.068 0.893 0.945 1.078 0.812 1.25 0.987 1.067 0.794 0.95 0.984 1.048 1.128 0.813 1.228 0.954 1.028 1.045 1.24 0.825 0.987 1.005 1.017 0.782 1.216 0.964 0.993 0.862 0.79 0.831 1.0 1.053 1.043 0.977 0.839 1.0 1.005 0.856 0.801 1.097 1.0 1.015 1.223 0.944 0.968 1.0 0.938 0.801 0.796 0.825 1.0 0.944 0.956 0.93 1.0 1.0 1.053 0.97 0.974 1.0 1.0 0.924 0.903 0.97 1.0 1.0 1.118 0.867 0.938 1.0 1.0 1.028 0.834 0.814 1.0 1.0 1.137 0.776 1.124 1.0 1.0 0.957 0.908 0.891 1.0 1.0 0.935 1.135 0.829 1.0 1.0 0.965 0.97 1.0 1.0 1.0 1.087 0.826 1.0 1.0 1.0 0.918 0.759 1.0 1.0 1.0 0.898 0.819 1.0 1.0 1.0 0.966 1.33 1.0 1.0 1.0 0.882 1.0 1.0 1.0 1.0 0.879 1.0 1.0 1.0 1.0 0.96 1.0 1.0 1.0 1.0 1.029 1.0 1.0 1.0 1.0 0.956 1.0 1.0 1.0 1.0 1.003 1.0 1.0 1.0 1.0 1.008 1.0 1.0 1.0 1.0 0.819 1.0 1.0 1.0 1.0 1.003 1.0 1.0 1.0 1.0 0.974 1.0 1.0 1.0 1.0 1.132 1.0 1.0 1.0 1.0 0.838 1.0 1.0 1.0 1.0 1.397 1.0 1.0 1.0 1.0 1.284 1.0 1.0 1.0 1.0 0.807 1.0 1.0 1.0 1.0 1.0 1.0 1.0 1.0 1.0 1.0 1.0 1.0 1.0 1.0 1.0 1.0 1.0 1.0 1.0 1.0 1.0 1.0 1.0 1.0 1.0 1.0 1.0 1.0 1.0 1.0 1.0 1.0 1.0 1.0 1.0 1.0 1.0 1.0 1.0 1.0 1.0 1.0 1.0 1.0 1.0 1.0 1.0 1.0 1.0 1.0 1.0 1.0 1.0 1.0 1.0 1.0 1.0 1.0 1.0 1.0 1.0 1.0 1.0 1.0 1.0 1.0 1.0 1.0 1.0 1.0 1.0 1.0 1.0 1.0 1.0 1.0 1.0 1.0 1.0 1.0 1.0 1.0 1.0 1.0 1.0 1.0 1.0 1.0 1.0 1.0 1.0 1.0 1.0 1.0 1.0 1.0 1.0 1.0 1.0 1.0 1.0 1.0 1.0 1.0 1.0 1.0 1.0 1.0 1.0 1.0 1.0 1.0 1.0 1.0 1.0 1.0 1.0 1.0 1.0 1.0 1.0 1.0 1.0 1.0 1.0 1.0 1.0 1.0 1.0 1.0 1.0 1.0 1.0 1.0 1.0 1.0 1.0 1.0 1.074 1.025 0.922 1.047 0.927 0.961 0.949 1.075 0.97 0.896 1.125 1.135 0.955 1.08 1.118 0.949 1.034 1.149 1.088 0.93 1.117 1.057 1.151 0.945 0.919 0.968 0.95 0.946 1.098 1.116 1.085 0.929 1.03 0.856 0.902 0.952 0.944 1.017 0.929 1.115 1.037 1.026 1.071 1.124 0.838 1.038 1.073 1.021 0.923 1.088 0.99 1.104 1.071 1.059 1.059 0.899 0.849 1.002 0.986 0.801 1.001 1.046 1.181 0.863 0.825 1.046 1.029 0.805 1.072 0.974 1.068 1.11 0.95 1.099 0.881 1.011 1.231 0.822 1.087 0.889 1.091 1.246 0.963 1.091 1.043 0.843 0.989 0.92 1.096 0.986 0.868 0.806 0.901 0.822 1.02 1.058 0.805 0.805 0.926 1.221 0.89 0.783 1.29 1.053 0.902 1.05 0.973 1.0 0.972 0.93 0.872 0.783 1.0 0.861 0.879 1.018 0.854 1.0 1.062 1.0 0.863 1.147 1.0 1.322 1.0 0.844 0.858 1.0 0.943 1.0 0.858 1.323 1.0 1.035 1.0 0.891 0.999 1.0 0.964 1.0 0.944 0.929 1.0 1.061 1.0 1.049 1.09 1.0 0.833 1.0 0.995 0.928 1.0 0.936 1.0 0.989 0.882 1.0 1.0 1.0 0.857 0.925 1.0 1.0 1.0 1.023 0.791 1.0 1.0 1.0 1.06 0.845 1.0 1.0 1.0 0.974 0.88 1.0 1.0 1.0 0.902 0.854 1.0 1.0 1.0 1.061 0.972 1.0 1.0 1.0 0.927 1.0 1.0 1.0 1.0 1.008 1.0 1.0 1.0 1.0 0.98 1.0 1.0 1.0 1.0 0.965 1.0 1.0 1.0 1.0 0.926 1.0 1.0 1.0 1.0 0.895 1.0 1.0 1.0 1.0 1.244 1.0 1.0 1.0 1.0 1.222 1.0 1.0 1.0 1.0 1.294 1.0 1.0 1.0 1.0 1.051 1.0 1.0 1.0 1.0 0.86 1.0 1.0 1.0 1.0 0.883 1.0 1.0 1.0 1.0 1.337 1.0 1.0 1.0 1.0 0.846 1.0 1.0 1.0 1.0 1.0 1.0 1.0 1.0 1.0 1.0 1.0 1.0 1.0 1.0 1.0 1.0 1.0 1.0 1.0 1.0 1.0 1.0 1.0 1.0 1.0 1.0 1.0 1.0 1.0 1.0 1.0 1.0 1.0 1.0 1.0 1.0 1.0 1.0 1.0 1.0 1.0 1.0 1.0 1.0 1.0 1.0 1.0 1.0 1.0 1.0 1.0 1.0 1.0 1.0 1.0 1.0 1.0 1.0 1.0 1.0 1.0 1.0 1.0 1.0 1.0 1.0 1.0 1.0 1.0 1.0 1.0 1.0 1.0 1.0 1.0 1.0 1.0 1.0 1.0 1.0 1.0 1.0 1.0 1.0 1.0 1.0 1.0 1.0 1.0 1.0 1.0 1.0 1.0 1.0 1.0 1.0 1.0 1.0 1.0 1.0 1.0 1.0 1.0 1.0 1.0 1.0 1.0 1.0 1.0 1.0 1.0 1.0 1.0 1.0 1.0 1.0 1.0 1.0 1.0 1.0 1.0 1.0 1.0 1.0 1.074 1.01 0.922 1.047 1.042 0.929 0.952 1.116 0.985 0.892 0.949 1.028 0.963 0.99 0.969 0.913 1.03 1.093 0.933 1.154 0.944 1.061 0.999 1.043 0.99 1.055 1.084 1.096 0.88 1.049 1.02 1.049 1.093 1.162 0.887 0.849 1.073 1.109 1.163 1.102 1.085 0.93 1.109 1.037 1.119 0.958 0.888 0.876 1.062 1.052 1.091 1.043 1.006 1.015 1.353 1.143 1.13 0.998 1.333 1.372 1.303 1.003 0.982 0.948 1.083 1.095 1.064 1.085 1.237 0.945 1.305 1.119 1.025 1.339 1.246 0.974 1.302 1.086 1.244 0.806 1.338 0.748 1.164 0.922 1.104 1.136 1.092 0.953 1.362 0.852 0.766 1.132 1.06 0.843 1.003 0.984 1.293 1.022 0.815 1.363 1.312 0.783 1.095 0.987 1.363 0.981 0.964 1.066 0.83 0.813 1.156 1.094 1.075 0.845 1.097 1.093 0.887 0.994 1.329 0.906 1.087 0.892 1.01 1.334 0.894 0.967 1.355 0.933 0.85 0.849 1.34 0.861 0.93 1.02 1.362 1.068 0.895 0.994 0.921 1.231 0.957 1.365 0.995 0.857 0.787 0.816 1.0 0.986 0.732 1.0 0.801 1.0 1.002 1.0 1.0 0.811 1.0 0.919 1.0 1.0 0.824 1.0 0.993 1.0 1.0 1.113 1.0 1.0 1.0 1.0 1.375 1.0 1.133 1.0 1.0 0.898 1.0 0.996 1.0 1.0 1.379 1.0 0.917 1.0 1.0 0.946 1.0 0.913 1.0 1.0 0.987 1.0 0.913 1.0 1.0 0.868 1.0 0.913 1.0 1.0 1.0 1.0 0.951 1.0 1.0 1.0 1.0 1.147 1.0 1.0 1.0 1.0 1.101 1.0 1.0 1.0 1.0 1.013 1.0 1.0 1.0 1.0 1.032 1.0 1.0 1.0 1.0 1.036 1.0 1.0 1.0 1.0 1.006 1.0 1.0 1.0 1.0 1.027 1.0 1.0 1.0 1.0 1.015 1.0 1.0 1.0 1.0 0.998 1.0 1.0 1.0 1.0 0.921 1.0 1.0 1.0 1.0 0.96 1.0 1.0 1.0 1.0 0.978 1.0 1.0 1.0 1.0 0.958 1.0 1.0 1.0 1.0 0.993 1.0 1.0 1.0 1.0 1.045 1.0 1.0 1.0 1.0 1.02 1.0 1.0 1.0 1.0 1.035 1.0 1.0 1.0 1.0 0.944 1.0 1.0 1.0 1.0 0.997 1.0 1.0 1.0 1.0 1.034 1.0 1.0 1.0 1.0 1.018 1.0 1.0 1.0 1.0 0.939 1.0 1.0 1.0 1.0 0.913 1.0 1.0 1.0 1.0 0.975 1.0 1.0 1.0 1.0 0.915 1.0 1.0 1.0 1.0 1.044 1.0 1.0 1.0 1.0 0.968 1.0 1.0 1.0 1.0 1.009 1.0 1.0 1.0 1.0 0.987 1.0 1.0 1.0 1.0 1.003 1.0 1.0 1.0 1.0 0.934 1.0 1.0 1.0 1.0 0.91 1.0 1.0 1.0 1.0 0.885 1.0 1.0 1.0 1.0 0.792 1.0 1.0 1.0 1.0 0.877 1.0 1.0 0.975 1.078 0.979 1.072 0.985 1.112 0.951 1.116 0.897 1.061 0.922 1.028 0.968 0.883 1.148 0.946 1.052 1.091 0.908 0.988 0.948 1.05 0.865 0.947 1.009 1.041 1.091 0.914 1.085 0.956 1.028 0.862 0.918 1.136 0.979 0.903 1.02 1.054 1.083 1.1 0.906 1.066 1.103 1.118 0.839 1.167 1.09 1.027 1.098 1.124 1.17 0.826 1.093 0.839 1.229 1.206 0.959 1.084 1.186 1.123 1.116 1.19 0.83 1.14 0.834 0.889 1.07 1.105 1.111 1.022 0.98 1.114 0.955 1.026 1.128 0.919 1.06 0.948 1.16 1.224 1.137 1.109 1.088 0.785 1.004 1.016 1.0 1.226 1.115 1.072 0.933 1.0 0.983 1.071 0.865 0.987 1.0 0.976 0.95 0.87 0.95 1.0 0.863 0.808 1.074 1.055 1.0 0.806 0.978 0.888 1.018 1.0 0.97 1.342 1.01 1.05 1.0 0.996 0.839 1.007 0.886 1.0 0.941 0.814 1.074 0.911 1.0 0.977 0.832 0.831 1.183 1.0 0.957 1.236 0.916 0.974 1.0 1.061 0.969 0.921 0.989 1.0 0.833 0.966 1.015 0.988 1.0 1.004 0.798 0.991 1.087 1.0 0.949 0.956 0.813 0.94 1.0 0.965 0.941 1.0 1.061 1.0 0.809 0.954 1.0 0.971 1.0 0.905 0.954 1.0 0.876 1.0 0.997 0.84 1.0 0.868 1.0 1.0 1.113 1.0 0.898 1.0 1.0 0.932 1.0 0.888 1.0 1.0 0.924 1.0 0.924 1.0 1.0 1.328 1.0 1.062 1.0 1.0 1.258 1.0 0.904 1.0 1.0 0.784 1.0 0.776 1.0 1.0 0.879 1.0 0.89 1.0 1.0 0.877 1.0 0.783 1.0 1.0 1.061 1.0 1.0 1.0 1.0 1.072 1.0 1.0 1.0 1.0 1.005 1.0 1.0 1.0 1.0 0.882 1.0 1.0 1.0 1.0 1.0 1.0 1.0 1.0 1.0 1.0 1.0 1.0 1.0 1.0 1.0 1.0 1.0 1.0 1.0 1.0 1.0 1.0 1.0 1.0 1.0 1.0 1.0 1.0 1.0 1.0 1.0 1.0 1.0 1.0 1.0 1.0 1.0 1.0 1.0 1.0 1.0 1.0 1.0 1.0 1.0 1.0 1.0 1.0 1.0 1.0 1.0 1.0 1.0 1.0 1.0 1.0 1.0 1.0 1.0 1.0 1.0 1.0 1.0 1.0 1.0 1.0 1.0 1.0 1.0 1.0 1.0 1.0 1.0 1.0 1.0 1.0 1.0 1.0 1.0 1.0 1.0 1.0 1.0 1.0 1.0 1.0 1.0 1.0 1.0 1.0 1.0 1.0 1.0 1.0 1.0 1.0 1.0 1.0 1.0 1.0 1.0 1.0 1.0 1.0 1.0 1.0 1.0 1.0 1.0 1.0 1.0 1.0 1.0 1.0 1.0 1.0 1.0 1.0 1.0 1.0 1.0 1.0 1.0 1.0 1.0 1.0 1.0 1.0 1.0 1.0 1.0 1.0 1.0 1.0 1.0 1.0 1.0 1.0 1.0 1.0 1.0 1.0 1.0 1.0 1.0 1.0 0.948 1.025 1.082 0.983 0.985 1.024 1.113 1.07 0.988 1.058 0.949 1.127 0.991 1.03 1.143 0.901 1.03 0.868 0.886 1.005 1.14 1.137 1.099 1.05 1.084 0.899 0.9 0.867 0.825 0.898 0.908 1.051 1.101 1.221 0.909 1.056 0.921 0.922 0.811 1.015 0.874 0.862 1.028 1.044 0.886 1.072 1.059 1.143 0.829 1.01 0.986 1.047 1.036 0.989 1.036 0.853 0.907 0.936 0.835 0.947 1.089 0.876 0.99 1.0 1.13 0.879 1.128 0.994 1.0 1.07 1.023 0.898 1.054 1.0 0.824 0.872 1.075 1.043 1.0 1.015 0.93 0.911 0.937 1.0 0.954 1.101 0.903 1.006 1.0 0.929 0.867 1.061 0.942 1.0 0.831 1.067 1.044 1.005 1.0 0.801 1.073 1.012 0.971 1.0 0.926 1.071 1.044 1.032 1.0 0.926 0.844 0.917 0.995 1.0 0.81 0.899 1.086 0.987 1.0 1.321 0.854 0.865 1.035 1.0 1.003 0.884 1.132 0.985 1.0 0.846 0.869 1.002 1.132 1.0 0.904 0.898 0.856 0.984 1.0 1.0 0.874 0.986 1.031 1.0 1.0 0.929 0.964 0.987 1.0 1.0 1.114 1.014 0.987 1.0 1.0 0.891 0.958 0.898 1.0 1.0 0.892 0.999 0.98 1.0 1.0 0.862 0.993 1.138 1.0 1.0 1.0 0.914 1.142 1.0 1.0 1.0 1.107 1.102 1.0 1.0 1.0 0.906 0.929 1.0 1.0 1.0 0.971 0.978 1.0 1.0 1.0 0.967 0.989 1.0 1.0 1.0 0.964 1.032 1.0 1.0 1.0 0.994 0.919 1.0 1.0 1.0 0.961 0.951 1.0 1.0 1.0 0.962 0.767 1.0 1.0 1.0 0.99 0.96 1.0 1.0 1.0 0.956 0.823 1.0 1.0 1.0 0.919 0.777 1.0 1.0 1.0 0.912 0.881 1.0 1.0 1.0 1.007 0.754 1.0 1.0 1.0 0.994 0.906 1.0 1.0 1.0 1.065 1.0 1.0 1.0 1.0 0.836 1.0 1.0 1.0 1.0 0.806 1.0 1.0 1.0 1.0 1.084 1.0 1.0 1.0 1.0 0.765 1.0 1.0 1.0 1.0 0.768 1.0 1.0 1.0 1.0 0.781 1.0 1.0 1.0 1.0 0.904 1.0 1.0 1.0 1.0 0.892 1.0 1.0 1.0 1.0 0.891 1.0 1.0 1.0 1.0 0.876 1.0 1.0 1.0 1.0 1.0 1.0 1.0 1.0 1.0 1.0 1.0 1.0 1.0 1.0 1.0 1.0 1.0 1.0 1.0 1.0 1.0 1.0 1.0 1.0 1.0 1.0 1.0 1.0 1.0 1.0 1.0 1.0 1.0 1.0 1.0 1.0 1.0 1.0 1.0 1.0 1.0 1.0 1.0 1.0 1.0 1.0 1.0 1.0 1.0 1.0 1.0 1.0 1.0 1.0 1.0 1.0 1.0 1.0 1.0 1.0 1.0 1.0 1.0 1.0 1.0 1.0 1.0 1.0 1.0 1.0 1.0 1.0 1.0 1.0 1.0 1.0 1.0 1.0 1.0 1.0 1.0 1.0 1.0 1.074 1.078 0.986 1.047 0.927 0.961 1.115 1.128 1.07 1.112 1.124 1.034 0.984 1.087 1.121 0.916 0.938 0.967 0.867 0.91 1.033 1.033 1.079 0.935 1.027 0.928 1.114 0.933 1.145 0.897 1.074 0.808 1.004 0.861 1.047 0.923 1.072 0.911 1.03 1.021 1.025 1.099 1.077 0.984 1.157 1.053 1.113 1.064 1.129 0.813 0.883 1.061 1.013 1.067 1.059 1.084 0.82 1.006 1.06 1.226 1.03 1.097 1.051 1.137 0.988 1.027 0.822 1.067 1.01 1.045 1.087 1.146 0.801 0.885 0.819 1.097 1.075 0.799 1.094 0.814 1.064 1.004 1.237 1.284 1.0 1.126 0.796 1.248 1.104 1.0 1.103 1.133 0.986 0.781 1.0 1.133 0.974 1.106 1.078 1.0 0.983 0.882 1.118 0.782 1.0 0.975 1.13 0.971 0.995 1.0 0.969 0.981 0.976 0.98 1.0 0.999 1.159 1.273 0.897 1.0 1.018 1.153 0.933 1.074 1.0 1.119 0.993 0.792 0.983 1.0 1.096 1.156 1.141 0.947 1.0 1.08 0.877 0.797 0.822 1.0 0.978 1.165 1.208 0.871 1.0 1.204 0.766 1.195 0.775 1.0 1.189 0.856 1.28 0.866 1.0 0.769 0.999 0.968 0.991 1.0 0.77 1.131 1.231 0.867 1.0 0.769 1.314 0.78 1.0 1.0 0.773 0.784 0.922 1.0 1.0 0.907 0.862 1.0 1.0 1.0 0.907 0.917 1.0 1.0 1.0 0.9 0.934 1.0 1.0 1.0 1.032 0.793 1.0 1.0 1.0 0.935 0.855 1.0 1.0 1.0 1.044 0.9 1.0 1.0 1.0 1.056 1.0 1.0 1.0 1.0 0.861 1.0 1.0 1.0 1.0 1.32 1.0 1.0 1.0 1.0 0.871 1.0 1.0 1.0 1.0 0.963 1.0 1.0 1.0 1.0 1.14 1.0 1.0 1.0 1.0 0.945 1.0 1.0 1.0 1.0 0.906 1.0 1.0 1.0 1.0 1.0 1.0 1.0 1.0 1.0 1.0 1.0 1.0 1.0 1.0 1.0 1.0 1.0 1.0 1.0 1.0 1.0 1.0 1.0 1.0 1.0 1.0 1.0 1.0 1.0 1.0 1.0 1.0 1.0 1.0 1.0 1.0 1.0 1.0 1.0 1.0 1.0 1.0 1.0 1.0 1.0 1.0 1.0 1.0 1.0 1.0 1.0 1.0 1.0 1.0 1.0 1.0 1.0 1.0 1.0 1.0 1.0 1.0 1.0 1.0 1.0 1.0 1.0 1.0 1.0 1.0 1.0 1.0 1.0 1.0 1.0 1.0 1.0 1.0 1.0 1.0 1.0 1.0 1.0 1.0 1.0 1.0 1.0 1.0 1.0 1.0 1.0 1.0 1.0 1.0 1.0 1.0 1.0 1.0 1.0 1.0 1.0 1.0 1.0 1.0 1.0 1.0 1.0 1.0 1.0 1.0 1.0 1.0 1.0 1.0 1.0 1.0 1.0 1.0 1.0 1.0 1.0 1.0 1.0 1.0 1.0 1.0 1.0 1.0 1.0 1.0 1.0 1.0 1.0 1.0 1.0 1.0 1.0 1.0 1.0 0.948 1.01 1.082 1.047 0.927 1.11 0.949 1.072 0.895 1.117 1.014 0.892 0.962 1.116 1.078 0.963 0.887 1.087 0.877 0.962 1.064 1.122 1.09 1.017 0.924 1.059 1.039 0.86 1.038 1.105 1.057 0.893 1.095 1.072 0.967 1.086 0.946 0.861 1.015 1.12 0.938 0.983 1.011 1.113 1.035 0.905 0.946 0.936 0.997 1.044 1.096 1.076 0.946 1.078 1.023 1.054 0.995 1.007 0.978 0.866 0.886 1.073 1.027 1.017 1.049 1.086 0.889 0.908 0.99 1.124 0.879 1.07 0.949 1.025 0.802 1.084 1.083 1.004 1.0 1.249 0.851 1.049 1.045 1.0 1.061 0.854 1.051 0.878 1.0 1.087 1.034 1.01 1.039 1.0 1.344 0.914 0.913 0.986 1.0 0.852 1.024 0.827 1.057 1.0 0.978 1.011 0.828 1.0 1.0 1.008 1.041 0.999 0.865 1.0 1.008 1.107 0.852 1.225 1.0 1.389 0.877 0.925 0.993 1.0 1.047 0.988 1.021 1.196 1.0 0.802 1.109 0.843 0.943 1.0 1.389 0.975 0.949 1.208 1.0 1.033 1.03 1.061 0.839 1.0 0.946 0.916 1.183 0.866 1.0 1.025 1.268 0.973 0.857 1.0 0.844 1.014 1.127 0.993 1.0 0.939 1.0 1.252 1.275 1.0 1.047 1.0 1.273 0.83 1.0 0.96 1.0 0.968 0.941 1.0 0.782 1.0 1.002 0.83 1.0 0.912 1.0 0.829 0.818 1.0 0.975 1.0 0.816 0.822 1.0 1.015 1.0 0.843 1.285 1.0 1.44 1.0 1.0 0.83 1.0 0.884 1.0 1.0 0.821 1.0 1.003 1.0 1.0 1.113 1.0 1.0 1.0 1.0 0.853 1.0 1.0 1.0 1.0 0.994 1.0 1.0 1.0 1.0 1.417 1.0 1.0 1.0 1.0 1.0 1.0 1.0 1.0 1.0 1.0 1.0 1.0 1.0 1.0 1.0 1.0 1.0 1.0 1.0 1.0 1.0 1.0 1.0 1.0 1.0 1.0 1.0 1.0 1.0 1.0 1.0 1.0 1.0 1.0 1.0 1.0 1.0 1.0 1.0 1.0 1.0 1.0 1.0 1.0 1.0 1.0 1.0 1.0 1.0 1.0 1.0 1.0 1.0 1.0 1.0 1.0 1.0 1.0 1.0 1.0 1.0 1.0 1.0 1.0 1.0 1.0 1.0 1.0 1.0 1.0 1.0 1.0 1.0 1.0 1.0 1.0 1.0 1.0 1.0 1.0 1.0 1.0 1.0 1.0 1.0 1.0 1.0 1.0 1.0 1.0 1.0 1.0 1.0 1.0 1.0 1.0 1.0 1.0 1.0 1.0 1.0 1.0 1.0 1.0 1.0 1.0 1.0 1.0 1.0 1.0 1.0 1.0 1.0 1.0 1.0 1.0 1.0 1.0 1.0 1.0 1.0 1.0 1.0 1.0 1.0 1.0 1.0 1.0 1.0 1.0 1.0 1.0 1.0 1.0 1.0 1.0 1.0 1.0 1.0 1.0 1.0 1.0 1.0 1.0 1.0 1.0 1.0 1.0 1.0 1.0 1.0 1.0 1.0 1.0 1.0 1.0 1.0,1.448661,0.44866097,0.73205966,0.3,0.3338044285774231,0.0003,5,2.065597
21,0.10417237877845764,0.9975055,1.015 1.026 0.978 0.983 0.978 0.958 1.118 1.079 0.889 0.887 1.032 1.135 0.963 1.087 1.011 1.138 0.868 0.843 0.94 0.936 1.035 1.071 0.949 1.161 1.061 1.029 0.866 1.138 1.026 1.155 1.054 0.864 1.039 0.899 1.179 0.944 0.902 1.133 1.036 1.053 1.057 1.072 1.017 0.855 0.779 0.988 0.866 1.048 1.126 0.929 1.091 0.866 1.05 1.133 0.817 0.955 1.06 1.046 1.035 0.986 0.923 0.903 0.862 1.076 1.0 1.101 1.08 0.825 0.892 1.0 1.016 1.088 1.011 1.052 1.0 1.09 1.183 1.046 1.054 1.0 1.316 0.913 1.262 1.015 1.0 1.304 0.908 1.084 0.782 1.0 1.022 0.856 0.998 1.024 1.0 0.992 0.91 0.833 0.872 1.0 1.129 0.851 0.893 1.064 1.0 0.975 1.077 1.0 0.865 1.0 0.843 0.864 1.0 0.83 1.0 0.839 1.043 1.0 0.839 1.0 0.777 0.995 1.0 0.848 1.0 0.991 0.998 1.0 0.852 1.0 0.849 1.119 1.0 0.845 1.0 0.975 0.958 1.0 1.023 1.0 1.085 0.993 1.0 1.065 1.0 0.737 0.802 1.0 0.984 1.0 0.732 1.111 1.0 0.873 1.0 1.053 1.068 1.0 0.998 1.0 1.468 1.069 1.0 0.973 1.0 1.0 0.971 1.0 0.977 1.0 1.0 0.95 1.0 0.865 1.0 1.0 0.975 1.0 1.068 1.0 1.0 0.901 1.0 0.853 1.0 1.0 0.8 1.0 0.882 1.0 1.0 1.058 1.0 1.0 1.0 1.0 1.357 1.0 1.0 1.0 1.0 0.97 1.0 1.0 1.0 1.0 0.871 1.0 1.0 1.0 1.0 0.875 1.0 1.0 1.0 1.0 0.878 1.0 1.0 1.0 1.0 0.913 1.0 1.0 1.0 1.0 0.863 1.0 1.0 1.0 1.0 1.0 1.0 1.0 1.0 1.0 1.0 1.0 1.0 1.0 1.0 1.0 1.0 1.0 1.0 1.0 1.0 1.0 1.0 1.0 1.0 1.0 1.0 1.0 1.0 1.0 1.0 1.0 1.0 1.0 1.0 1.0 1.0 1.0 1.0 1.0 1.0 1.0 1.0 1.0 1.0 1.0 1.0 1.0 1.0 1.0 1.0 1.0 1.0 1.0 1.0 1.0 1.0 1.0 1.0 1.0 1.0 1.0 1.0 1.0 1.0 1.0 1.0 1.0 1.0 1.0 1.0 1.0 1.0 1.0 1.0 1.0 1.0 1.0 1.0 1.0 1.0 1.0 1.0 1.0 1.0 1.0 1.0 1.0 1.0 1.0 1.0 1.0 1.0 1.0 1.0 1.0 1.0 1.0 1.0 1.0 1.0 1.0 1.0 1.0 1.0 1.0 1.0 1.0 1.0 1.0 1.0 1.0 1.0 1.0 1.0 1.0 1.0 1.0 1.0 1.0 1.0 1.0 1.0 1.0 1.0 1.0 1.0 1.0 1.0 1.0 1.0 1.0 1.0 1.0 1.0 1.0 1.0 1.0 1.0 1.0 1.0 1.0 1.0 1.0 1.0 1.0 1.0 1.0 1.0 1.0 1.0 1.0 1.0 1.0 1.0 0.967 1.051 0.983 0.978 1.118 0.947 0.96 0.894 0.982 1.019 1.036 0.998 0.879 1.089 1.05 0.887 0.943 0.873 1.009 0.988 1.046 1.004 0.915 0.91 1.084 0.901 1.105 1.043 0.862 0.826 1.108 0.935 1.043 0.871 1.079 1.073 1.038 1.125 0.868 0.825 0.878 1.1 0.805 1.174 0.825 1.006 1.029 0.843 1.179 0.83 0.884 0.874 0.89 0.798 1.076 0.888 0.941 1.084 0.802 1.253 0.986 1.07 0.783 0.949 0.984 1.051 1.132 0.803 1.232 0.952 1.029 1.049 1.248 0.815 0.988 1.005 1.018 0.77 1.22 0.962 0.991 0.855 0.778 0.821 1.0 1.056 1.046 0.979 0.831 1.0 1.006 0.848 0.79 1.101 1.0 1.016 1.236 0.941 0.97 1.0 0.934 0.79 0.786 0.815 1.0 0.94 0.956 0.926 1.0 1.0 1.055 0.968 0.972 1.0 1.0 0.92 0.899 0.968 1.0 1.0 1.123 0.859 0.934 1.0 1.0 1.029 0.825 0.804 1.0 1.0 1.143 0.764 1.131 1.0 1.0 0.955 0.903 0.885 1.0 1.0 0.932 1.143 0.819 1.0 1.0 0.963 0.969 1.0 1.0 1.0 1.092 0.817 1.0 1.0 1.0 0.913 0.745 1.0 1.0 1.0 0.892 0.81 1.0 1.0 1.0 0.963 1.352 1.0 1.0 1.0 0.876 1.0 1.0 1.0 1.0 0.872 1.0 1.0 1.0 1.0 0.957 1.0 1.0 1.0 1.0 1.031 1.0 1.0 1.0 1.0 0.953 1.0 1.0 1.0 1.0 1.004 1.0 1.0 1.0 1.0 1.008 1.0 1.0 1.0 1.0 0.808 1.0 1.0 1.0 1.0 1.003 1.0 1.0 1.0 1.0 0.972 1.0 1.0 1.0 1.0 1.139 1.0 1.0 1.0 1.0 0.829 1.0 1.0 1.0 1.0 1.417 1.0 1.0 1.0 1.0 1.303 1.0 1.0 1.0 1.0 0.795 1.0 1.0 1.0 1.0 1.0 1.0 1.0 1.0 1.0 1.0 1.0 1.0 1.0 1.0 1.0 1.0 1.0 1.0 1.0 1.0 1.0 1.0 1.0 1.0 1.0 1.0 1.0 1.0 1.0 1.0 1.0 1.0 1.0 1.0 1.0 1.0 1.0 1.0 1.0 1.0 1.0 1.0 1.0 1.0 1.0 1.0 1.0 1.0 1.0 1.0 1.0 1.0 1.0 1.0 1.0 1.0 1.0 1.0 1.0 1.0 1.0 1.0 1.0 1.0 1.0 1.0 1.0 1.0 1.0 1.0 1.0 1.0 1.0 1.0 1.0 1.0 1.0 1.0 1.0 1.0 1.0 1.0 1.0 1.0 1.0 1.0 1.0 1.0 1.0 1.0 1.0 1.0 1.0 1.0 1.0 1.0 1.0 1.0 1.0 1.0 1.0 1.0 1.0 1.0 1.0 1.0 1.0 1.0 1.0 1.0 1.0 1.0 1.0 1.0 1.0 1.0 1.0 1.0 1.0 1.0 1.0 1.0 1.0 1.0 1.0 1.0 1.0 1.0 1.0 1.0 1.0 1.0 1.0 1.0 1.0 1.0 1.0 1.0 1.079 1.026 0.917 1.049 0.923 0.959 0.947 1.078 0.968 0.89 1.134 1.144 0.953 1.083 1.126 0.946 1.035 1.159 1.092 0.927 1.125 1.06 1.16 0.942 0.915 0.967 0.947 0.943 1.103 1.124 1.091 0.925 1.031 0.848 0.896 0.95 0.941 1.018 0.925 1.123 1.039 1.028 1.076 1.133 0.828 1.04 1.078 1.025 0.918 1.094 0.99 1.11 1.074 1.062 1.065 0.894 0.842 1.006 0.985 0.79 1.001 1.049 1.19 0.856 0.816 1.049 1.031 0.796 1.076 0.973 1.074 1.119 0.947 1.105 0.875 1.011 1.235 0.813 1.092 0.882 1.095 1.251 0.961 1.096 1.048 0.835 0.988 0.918 1.101 0.986 0.861 0.796 0.897 0.814 1.024 1.061 0.795 0.795 0.922 1.235 0.883 0.772 1.307 1.057 0.897 1.053 0.972 1.0 0.971 0.927 0.866 0.772 1.0 0.853 0.873 1.018 0.847 1.0 1.066 1.0 0.855 1.158 1.0 1.336 1.0 0.836 0.85 1.0 0.941 1.0 0.851 1.335 1.0 1.037 1.0 0.885 1.0 1.0 0.962 1.0 0.941 0.926 1.0 1.066 1.0 1.052 1.095 1.0 0.824 1.0 0.994 0.925 1.0 0.933 1.0 0.988 0.875 1.0 1.0 1.0 0.85 0.922 1.0 1.0 1.0 1.024 0.78 1.0 1.0 1.0 1.063 0.835 1.0 1.0 1.0 0.973 0.874 1.0 1.0 1.0 0.897 0.845 1.0 1.0 1.0 1.064 0.971 1.0 1.0 1.0 0.923 1.0 1.0 1.0 1.0 1.009 1.0 1.0 1.0 1.0 0.979 1.0 1.0 1.0 1.0 0.963 1.0 1.0 1.0 1.0 0.922 1.0 1.0 1.0 1.0 0.889 1.0 1.0 1.0 1.0 1.258 1.0 1.0 1.0 1.0 1.235 1.0 1.0 1.0 1.0 1.307 1.0 1.0 1.0 1.0 1.055 1.0 1.0 1.0 1.0 0.852 1.0 1.0 1.0 1.0 0.877 1.0 1.0 1.0 1.0 1.353 1.0 1.0 1.0 1.0 0.838 1.0 1.0 1.0 1.0 1.0 1.0 1.0 1.0 1.0 1.0 1.0 1.0 1.0 1.0 1.0 1.0 1.0 1.0 1.0 1.0 1.0 1.0 1.0 1.0 1.0 1.0 1.0 1.0 1.0 1.0 1.0 1.0 1.0 1.0 1.0 1.0 1.0 1.0 1.0 1.0 1.0 1.0 1.0 1.0 1.0 1.0 1.0 1.0 1.0 1.0 1.0 1.0 1.0 1.0 1.0 1.0 1.0 1.0 1.0 1.0 1.0 1.0 1.0 1.0 1.0 1.0 1.0 1.0 1.0 1.0 1.0 1.0 1.0 1.0 1.0 1.0 1.0 1.0 1.0 1.0 1.0 1.0 1.0 1.0 1.0 1.0 1.0 1.0 1.0 1.0 1.0 1.0 1.0 1.0 1.0 1.0 1.0 1.0 1.0 1.0 1.0 1.0 1.0 1.0 1.0 1.0 1.0 1.0 1.0 1.0 1.0 1.0 1.0 1.0 1.0 1.0 1.0 1.0 1.0 1.0 1.0 1.0 1.0 1.0 1.079 1.009 0.917 1.049 1.044 0.924 0.949 1.123 0.984 0.886 0.947 1.029 0.961 0.989 0.967 0.908 1.03 1.098 0.929 1.164 0.94 1.065 0.997 1.045 0.989 1.058 1.089 1.1 0.873 1.052 1.021 1.051 1.097 1.172 0.88 0.84 1.076 1.116 1.173 1.107 1.089 0.925 1.116 1.04 1.129 0.955 0.882 0.869 1.065 1.055 1.098 1.047 1.006 1.017 1.363 1.155 1.136 0.997 1.343 1.383 1.31 1.005 0.98 0.947 1.088 1.102 1.069 1.09 1.251 0.942 1.313 1.13 1.027 1.348 1.259 0.973 1.31 1.091 1.258 0.797 1.348 0.736 1.17 0.919 1.11 1.148 1.101 0.949 1.372 0.844 0.754 1.14 1.064 0.835 1.006 0.984 1.3 1.023 0.806 1.372 1.322 0.773 1.1 0.988 1.372 0.98 0.963 1.07 0.821 0.805 1.169 1.103 1.08 0.836 1.104 1.099 0.88 0.994 1.339 0.902 1.092 0.886 1.009 1.344 0.889 0.966 1.366 0.93 0.841 0.84 1.352 0.853 0.927 1.024 1.373 1.072 0.889 0.994 0.918 1.245 0.955 1.378 0.995 0.85 0.777 0.806 1.0 0.985 0.719 1.0 0.79 1.0 1.003 1.0 1.0 0.801 1.0 0.914 1.0 1.0 0.814 1.0 0.992 1.0 1.0 1.121 1.0 0.999 1.0 1.0 1.396 1.0 1.142 1.0 1.0 0.893 1.0 0.996 1.0 1.0 1.4 1.0 0.913 1.0 1.0 0.943 1.0 0.909 1.0 1.0 0.986 1.0 0.909 1.0 1.0 0.86 1.0 0.909 1.0 1.0 1.0 1.0 0.948 1.0 1.0 1.0 1.0 1.156 1.0 1.0 1.0 1.0 1.107 1.0 1.0 1.0 1.0 1.014 1.0 1.0 1.0 1.0 1.035 1.0 1.0 1.0 1.0 1.038 1.0 1.0 1.0 1.0 1.007 1.0 1.0 1.0 1.0 1.029 1.0 1.0 1.0 1.0 1.016 1.0 1.0 1.0 1.0 0.997 1.0 1.0 1.0 1.0 0.916 1.0 1.0 1.0 1.0 0.957 1.0 1.0 1.0 1.0 0.977 1.0 1.0 1.0 1.0 0.955 1.0 1.0 1.0 1.0 0.992 1.0 1.0 1.0 1.0 1.048 1.0 1.0 1.0 1.0 1.022 1.0 1.0 1.0 1.0 1.037 1.0 1.0 1.0 1.0 0.94 1.0 1.0 1.0 1.0 0.998 1.0 1.0 1.0 1.0 1.036 1.0 1.0 1.0 1.0 1.019 1.0 1.0 1.0 1.0 0.936 1.0 1.0 1.0 1.0 0.908 1.0 1.0 1.0 1.0 0.974 1.0 1.0 1.0 1.0 0.91 1.0 1.0 1.0 1.0 1.047 1.0 1.0 1.0 1.0 0.967 1.0 1.0 1.0 1.0 1.009 1.0 1.0 1.0 1.0 0.986 1.0 1.0 1.0 1.0 1.002 1.0 1.0 1.0 1.0 0.93 1.0 1.0 1.0 1.0 0.904 1.0 1.0 1.0 1.0 0.878 1.0 1.0 1.0 1.0 0.78 1.0 1.0 1.0 1.0 0.87 1.0 1.0 0.974 1.083 0.978 1.077 0.985 1.119 0.949 1.124 0.891 1.064 0.918 1.029 0.966 0.877 1.157 0.943 1.056 1.095 0.903 0.986 0.945 1.052 0.857 0.944 1.009 1.043 1.098 0.909 1.089 0.954 1.029 0.855 0.913 1.145 0.977 0.897 1.021 1.056 1.087 1.108 0.901 1.073 1.109 1.125 0.832 1.179 1.095 1.028 1.104 1.133 1.182 0.817 1.098 0.83 1.235 1.212 0.958 1.09 1.192 1.132 1.126 1.2 0.821 1.148 0.826 0.884 1.077 1.112 1.12 1.023 0.979 1.12 0.952 1.027 1.137 0.914 1.067 0.945 1.171 1.23 1.146 1.115 1.093 0.774 1.004 1.016 1.0 1.236 1.123 1.077 0.929 1.0 0.982 1.076 0.857 0.987 1.0 0.975 0.946 0.862 0.948 1.0 0.856 0.797 1.08 1.057 1.0 0.795 0.978 0.882 1.018 1.0 0.968 1.362 1.011 1.053 1.0 0.996 0.829 1.009 0.881 1.0 0.937 0.803 1.08 0.907 1.0 0.975 0.822 0.823 1.193 1.0 0.954 1.248 0.911 0.973 1.0 1.065 0.969 0.916 0.987 1.0 0.824 0.965 1.016 0.987 1.0 1.004 0.788 0.991 1.092 1.0 0.946 0.954 0.804 0.937 1.0 0.963 0.938 1.0 1.065 1.0 0.8 0.951 1.0 0.97 1.0 0.899 0.952 1.0 0.87 1.0 0.996 0.831 1.0 0.86 1.0 1.0 1.119 1.0 0.893 1.0 1.0 0.928 1.0 0.881 1.0 1.0 0.92 1.0 0.92 1.0 1.0 1.341 1.0 1.065 1.0 1.0 1.273 1.0 0.898 1.0 1.0 0.773 1.0 0.764 1.0 1.0 0.873 1.0 0.884 1.0 1.0 0.871 1.0 0.772 1.0 1.0 1.064 1.0 1.0 1.0 1.0 1.076 1.0 1.0 1.0 1.0 1.006 1.0 1.0 1.0 1.0 0.876 1.0 1.0 1.0 1.0 1.0 1.0 1.0 1.0 1.0 1.0 1.0 1.0 1.0 1.0 1.0 1.0 1.0 1.0 1.0 1.0 1.0 1.0 1.0 1.0 1.0 1.0 1.0 1.0 1.0 1.0 1.0 1.0 1.0 1.0 1.0 1.0 1.0 1.0 1.0 1.0 1.0 1.0 1.0 1.0 1.0 1.0 1.0 1.0 1.0 1.0 1.0 1.0 1.0 1.0 1.0 1.0 1.0 1.0 1.0 1.0 1.0 1.0 1.0 1.0 1.0 1.0 1.0 1.0 1.0 1.0 1.0 1.0 1.0 1.0 1.0 1.0 1.0 1.0 1.0 1.0 1.0 1.0 1.0 1.0 1.0 1.0 1.0 1.0 1.0 1.0 1.0 1.0 1.0 1.0 1.0 1.0 1.0 1.0 1.0 1.0 1.0 1.0 1.0 1.0 1.0 1.0 1.0 1.0 1.0 1.0 1.0 1.0 1.0 1.0 1.0 1.0 1.0 1.0 1.0 1.0 1.0 1.0 1.0 1.0 1.0 1.0 1.0 1.0 1.0 1.0 1.0 1.0 1.0 1.0 1.0 1.0 1.0 1.0 1.0 1.0 1.0 1.0 1.0 1.0 1.0 1.0 0.945 1.026 1.087 0.982 0.985 1.025 1.121 1.073 0.987 1.061 0.946 1.136 0.989 1.031 1.153 0.896 1.031 0.861 0.88 1.004 1.15 1.146 1.103 1.052 1.087 0.893 0.894 0.861 0.815 0.892 0.903 1.052 1.105 1.224 0.904 1.058 0.916 0.918 0.802 1.016 0.868 0.855 1.029 1.048 0.88 1.076 1.061 1.152 0.82 1.01 0.985 1.049 1.037 0.989 1.038 0.846 0.902 0.933 0.827 0.943 1.094 0.869 0.989 1.0 1.138 0.873 1.136 0.994 1.0 1.074 1.025 0.892 1.057 1.0 0.815 0.865 1.079 1.046 1.0 1.017 0.926 0.907 0.933 1.0 0.953 1.108 0.899 1.006 1.0 0.926 0.86 1.065 0.938 1.0 0.82 1.072 1.047 1.005 1.0 0.791 1.079 1.013 0.969 1.0 0.922 1.076 1.046 1.033 1.0 0.922 0.835 0.912 0.995 1.0 0.8 0.895 1.091 0.986 1.0 1.333 0.847 0.857 1.037 1.0 1.005 0.878 1.139 0.985 1.0 0.837 0.861 1.002 1.141 1.0 0.899 0.892 0.848 0.984 1.0 1.0 0.866 0.985 1.033 1.0 1.0 0.927 0.962 0.985 1.0 1.0 1.123 1.015 0.986 1.0 1.0 0.885 0.955 0.892 1.0 1.0 0.887 0.999 0.979 1.0 1.0 0.854 0.993 1.148 1.0 1.0 1.0 0.908 1.152 1.0 1.0 1.0 1.114 1.109 1.0 1.0 1.0 0.899 0.926 1.0 1.0 1.0 0.969 0.977 1.0 1.0 1.0 0.965 0.989 1.0 1.0 1.0 0.962 1.034 1.0 1.0 1.0 0.993 0.914 1.0 1.0 1.0 0.959 0.947 1.0 1.0 1.0 0.96 0.754 1.0 1.0 1.0 0.99 0.957 1.0 1.0 1.0 0.954 0.812 1.0 1.0 1.0 0.915 0.764 1.0 1.0 1.0 0.908 0.874 1.0 1.0 1.0 1.007 0.741 1.0 1.0 1.0 0.993 0.901 1.0 1.0 1.0 1.069 1.0 1.0 1.0 1.0 0.827 1.0 1.0 1.0 1.0 0.796 1.0 1.0 1.0 1.0 1.089 1.0 1.0 1.0 1.0 0.753 1.0 1.0 1.0 1.0 0.756 1.0 1.0 1.0 1.0 0.77 1.0 1.0 1.0 1.0 0.899 1.0 1.0 1.0 1.0 0.886 1.0 1.0 1.0 1.0 0.885 1.0 1.0 1.0 1.0 0.869 1.0 1.0 1.0 1.0 1.0 1.0 1.0 1.0 1.0 1.0 1.0 1.0 1.0 1.0 1.0 1.0 1.0 1.0 1.0 1.0 1.0 1.0 1.0 1.0 1.0 1.0 1.0 1.0 1.0 1.0 1.0 1.0 1.0 1.0 1.0 1.0 1.0 1.0 1.0 1.0 1.0 1.0 1.0 1.0 1.0 1.0 1.0 1.0 1.0 1.0 1.0 1.0 1.0 1.0 1.0 1.0 1.0 1.0 1.0 1.0 1.0 1.0 1.0 1.0 1.0 1.0 1.0 1.0 1.0 1.0 1.0 1.0 1.0 1.0 1.0 1.0 1.0 1.0 1.0 1.0 1.0 1.0 1.0 1.079 1.083 0.985 1.049 0.923 0.959 1.123 1.136 1.073 1.119 1.132 1.035 0.982 1.09 1.129 0.912 0.935 0.965 0.86 0.905 1.034 1.034 1.084 0.932 1.029 0.923 1.122 0.93 1.155 0.891 1.079 0.798 1.004 0.853 1.05 0.918 1.075 0.906 1.031 1.022 1.026 1.106 1.081 0.983 1.165 1.056 1.122 1.067 1.137 0.805 0.877 1.064 1.015 1.07 1.065 1.09 0.81 1.007 1.064 1.238 1.031 1.103 1.055 1.146 0.991 1.028 0.812 1.072 1.011 1.049 1.092 1.156 0.791 0.879 0.811 1.102 1.08 0.789 1.101 0.806 1.068 1.004 1.25 1.292 1.0 1.134 0.785 1.263 1.111 1.0 1.111 1.142 0.986 0.77 1.0 1.136 0.972 1.112 1.084 1.0 0.982 0.876 1.125 0.771 1.0 0.973 1.138 0.969 0.996 1.0 0.968 0.979 0.975 0.982 1.0 0.999 1.169 1.29 0.893 1.0 1.018 1.162 0.93 1.078 1.0 1.126 0.993 0.781 0.985 1.0 1.101 1.166 1.15 0.945 1.0 1.084 0.87 0.787 0.812 1.0 0.978 1.175 1.22 0.863 1.0 1.211 0.754 1.206 0.764 1.0 1.196 0.849 1.287 0.858 1.0 0.758 1.0 0.969 0.991 1.0 0.759 1.142 1.244 0.86 1.0 0.758 1.324 0.77 1.0 1.0 0.762 0.773 0.917 1.0 1.0 0.9 0.854 1.0 1.0 1.0 0.901 0.914 1.0 1.0 1.0 0.894 0.931 1.0 1.0 1.0 1.034 0.782 1.0 1.0 1.0 0.93 0.847 1.0 1.0 1.0 1.047 0.894 1.0 1.0 1.0 1.06 1.0 1.0 1.0 1.0 0.854 1.0 1.0 1.0 1.0 1.336 1.0 1.0 1.0 1.0 0.863 1.0 1.0 1.0 1.0 0.962 1.0 1.0 1.0 1.0 1.149 1.0 1.0 1.0 1.0 0.942 1.0 1.0 1.0 1.0 0.901 1.0 1.0 1.0 1.0 1.0 1.0 1.0 1.0 1.0 1.0 1.0 1.0 1.0 1.0 1.0 1.0 1.0 1.0 1.0 1.0 1.0 1.0 1.0 1.0 1.0 1.0 1.0 1.0 1.0 1.0 1.0 1.0 1.0 1.0 1.0 1.0 1.0 1.0 1.0 1.0 1.0 1.0 1.0 1.0 1.0 1.0 1.0 1.0 1.0 1.0 1.0 1.0 1.0 1.0 1.0 1.0 1.0 1.0 1.0 1.0 1.0 1.0 1.0 1.0 1.0 1.0 1.0 1.0 1.0 1.0 1.0 1.0 1.0 1.0 1.0 1.0 1.0 1.0 1.0 1.0 1.0 1.0 1.0 1.0 1.0 1.0 1.0 1.0 1.0 1.0 1.0 1.0 1.0 1.0 1.0 1.0 1.0 1.0 1.0 1.0 1.0 1.0 1.0 1.0 1.0 1.0 1.0 1.0 1.0 1.0 1.0 1.0 1.0 1.0 1.0 1.0 1.0 1.0 1.0 1.0 1.0 1.0 1.0 1.0 1.0 1.0 1.0 1.0 1.0 1.0 1.0 1.0 1.0 1.0 1.0 1.0 1.0 1.0 1.0 0.945 1.009 1.087 1.049 0.923 1.117 0.947 1.075 0.889 1.125 1.013 0.886 0.959 1.124 1.081 0.961 0.881 1.091 0.871 0.959 1.068 1.131 1.094 1.017 0.92 1.063 1.04 0.853 1.04 1.111 1.06 0.888 1.1 1.077 0.965 1.09 0.943 0.854 1.016 1.127 0.935 0.982 1.011 1.124 1.036 0.9 0.943 0.932 0.998 1.046 1.102 1.081 0.943 1.087 1.025 1.058 0.995 1.007 0.978 0.857 0.879 1.077 1.028 1.019 1.053 1.09 0.884 0.904 0.99 1.133 0.872 1.074 0.946 1.026 0.792 1.088 1.087 1.004 1.0 1.256 0.843 1.052 1.047 1.0 1.065 0.847 1.055 0.872 1.0 1.094 1.037 1.011 1.042 1.0 1.356 0.909 0.908 0.985 1.0 0.844 1.025 0.818 1.06 1.0 0.978 1.012 0.818 1.0 1.0 1.012 1.044 0.999 0.858 1.0 1.011 1.116 0.845 1.233 1.0 1.405 0.87 0.92 0.995 1.0 1.05 0.987 1.022 1.207 1.0 0.791 1.119 0.835 0.94 1.0 1.407 0.974 0.946 1.22 1.0 1.035 1.032 1.064 0.83 1.0 0.944 0.911 1.189 0.859 1.0 1.029 1.278 0.972 0.849 1.0 0.835 1.015 1.137 0.995 1.0 0.936 1.0 1.262 1.285 1.0 1.052 1.0 1.284 0.821 1.0 0.958 1.0 0.966 0.937 1.0 0.77 1.0 1.002 0.821 1.0 0.908 1.0 0.82 0.808 1.0 0.974 1.0 0.807 0.812 1.0 1.015 1.0 0.835 1.302 1.0 1.463 1.0 1.0 0.821 1.0 0.879 1.0 1.0 0.81 1.0 1.002 1.0 1.0 1.119 1.0 1.0 1.0 1.0 0.845 1.0 1.0 1.0 1.0 0.995 1.0 1.0 1.0 1.0 1.438 1.0 1.0 1.0 1.0 1.0 1.0 1.0 1.0 1.0 1.0 1.0 1.0 1.0 1.0 1.0 1.0 1.0 1.0 1.0 1.0 1.0 1.0 1.0 1.0 1.0 1.0 1.0 1.0 1.0 1.0 1.0 1.0 1.0 1.0 1.0 1.0 1.0 1.0 1.0 1.0 1.0 1.0 1.0 1.0 1.0 1.0 1.0 1.0 1.0 1.0 1.0 1.0 1.0 1.0 1.0 1.0 1.0 1.0 1.0 1.0 1.0 1.0 1.0 1.0 1.0 1.0 1.0 1.0 1.0 1.0 1.0 1.0 1.0 1.0 1.0 1.0 1.0 1.0 1.0 1.0 1.0 1.0 1.0 1.0 1.0 1.0 1.0 1.0 1.0 1.0 1.0 1.0 1.0 1.0 1.0 1.0 1.0 1.0 1.0 1.0 1.0 1.0 1.0 1.0 1.0 1.0 1.0 1.0 1.0 1.0 1.0 1.0 1.0 1.0 1.0 1.0 1.0 1.0 1.0 1.0 1.0 1.0 1.0 1.0 1.0 1.0 1.0 1.0 1.0 1.0 1.0 1.0 1.0 1.0 1.0 1.0 1.0 1.0 1.0 1.0 1.0 1.0 1.0 1.0 1.0 1.0 1.0 1.0 1.0 1.0 1.0 1.0 1.0 1.0 1.0 1.0 1.0,1.4679967,0.46799672,0.7190519,0.3,0.3491818606853485,0.0003,5,2.1570563
22,0.10921800136566162,0.99740326,1.016 1.027 0.976 0.982 0.977 0.955 1.125 1.082 0.884 0.881 1.033 1.144 0.961 1.09 1.01 1.147 0.861 0.835 0.937 0.934 1.035 1.073 0.946 1.171 1.065 1.029 0.859 1.147 1.027 1.16 1.056 0.858 1.04 0.894 1.187 0.941 0.898 1.14 1.037 1.061 1.06 1.075 1.018 0.846 0.769 0.987 0.859 1.051 1.134 0.927 1.096 0.86 1.053 1.141 0.809 0.952 1.062 1.049 1.037 0.988 0.918 0.898 0.855 1.081 1.0 1.109 1.083 0.816 0.885 1.0 1.018 1.091 1.014 1.056 1.0 1.096 1.194 1.053 1.059 1.0 1.323 0.908 1.276 1.017 1.0 1.31 0.902 1.089 0.771 1.0 1.025 0.849 1.002 1.028 1.0 0.992 0.905 0.823 0.864 1.0 1.14 0.843 0.888 1.069 1.0 0.975 1.08 1.0 0.857 1.0 0.835 0.857 1.0 0.822 1.0 0.831 1.044 1.0 0.831 1.0 0.766 0.994 1.0 0.841 1.0 0.993 0.997 1.0 0.844 1.0 0.842 1.126 1.0 0.838 1.0 0.976 0.956 1.0 1.026 1.0 1.091 0.993 1.0 1.071 1.0 0.725 0.793 1.0 0.983 1.0 0.719 1.118 1.0 0.866 1.0 1.057 1.072 1.0 0.998 1.0 1.484 1.074 1.0 0.972 1.0 1.0 0.969 1.0 0.977 1.0 1.0 0.947 1.0 0.857 1.0 1.0 0.975 1.0 1.074 1.0 1.0 0.896 1.0 0.845 1.0 1.0 0.79 1.0 0.876 1.0 1.0 1.062 1.0 1.0 1.0 1.0 1.375 1.0 1.0 1.0 1.0 0.969 1.0 1.0 1.0 1.0 0.865 1.0 1.0 1.0 1.0 0.868 1.0 1.0 1.0 1.0 0.871 1.0 1.0 1.0 1.0 0.909 1.0 1.0 1.0 1.0 0.855 1.0 1.0 1.0 1.0 1.0 1.0 1.0 1.0 1.0 1.0 1.0 1.0 1.0 1.0 1.0 1.0 1.0 1.0 1.0 1.0 1.0 1.0 1.0 1.0 1.0 1.0 1.0 1.0 1.0 1.0 1.0 1.0 1.0 1.0 1.0 1.0 1.0 1.0 1.0 1.0 1.0 1.0 1.0 1.0 1.0 1.0 1.0 1.0 1.0 1.0 1.0 1.0 1.0 1.0 1.0 1.0 1.0 1.0 1.0 1.0 1.0 1.0 1.0 1.0 1.0 1.0 1.0 1.0 1.0 1.0 1.0 1.0 1.0 1.0 1.0 1.0 1.0 1.0 1.0 1.0 1.0 1.0 1.0 1.0 1.0 1.0 1.0 1.0 1.0 1.0 1.0 1.0 1.0 1.0 1.0 1.0 1.0 1.0 1.0 1.0 1.0 1.0 1.0 1.0 1.0 1.0 1.0 1.0 1.0 1.0 1.0 1.0 1.0 1.0 1.0 1.0 1.0 1.0 1.0 1.0 1.0 1.0 1.0 1.0 1.0 1.0 1.0 1.0 1.0 1.0 1.0 1.0 1.0 1.0 1.0 1.0 1.0 1.0 1.0 1.0 1.0 1.0 1.0 1.0 1.0 1.0 1.0 1.0 1.0 1.0 1.0 1.0 1.0 0.999 0.966 1.053 0.982 0.977 1.126 0.945 0.959 0.888 0.98 1.019 1.037 0.997 0.873 1.094 1.052 0.881 0.94 0.867 1.01 0.988 1.047 1.003 0.911 0.905 1.092 0.897 1.11 1.045 0.855 0.818 1.115 0.931 1.045 0.864 1.089 1.078 1.04 1.132 0.861 0.817 0.872 1.106 0.794 1.182 0.817 1.007 1.03 0.834 1.188 0.823 0.878 0.867 0.884 0.789 1.085 0.882 0.937 1.09 0.793 1.253 0.985 1.074 0.771 0.948 0.984 1.054 1.133 0.793 1.234 0.95 1.031 1.054 1.252 0.806 0.99 1.005 1.02 0.758 1.222 0.961 0.99 0.847 0.767 0.812 1.0 1.059 1.05 0.982 0.823 1.0 1.008 0.84 0.779 1.106 1.0 1.018 1.249 0.939 0.972 1.0 0.93 0.78 0.775 0.806 1.0 0.937 0.957 0.923 1.0 1.0 1.058 0.966 0.97 1.0 1.0 0.916 0.895 0.966 1.0 1.0 1.126 0.851 0.931 1.0 1.0 1.031 0.816 0.793 1.0 1.0 1.148 0.752 1.137 1.0 1.0 0.953 0.898 0.881 1.0 1.0 0.929 1.15 0.809 1.0 1.0 0.962 0.97 1.0 1.0 1.0 1.097 0.809 1.0 1.0 1.0 0.909 0.732 1.0 1.0 1.0 0.887 0.801 1.0 1.0 1.0 0.96 1.374 1.0 1.0 1.0 0.869 1.0 1.0 1.0 1.0 0.866 1.0 1.0 1.0 1.0 0.953 1.0 1.0 1.0 1.0 1.033 1.0 1.0 1.0 1.0 0.951 1.0 1.0 1.0 1.0 1.004 1.0 1.0 1.0 1.0 1.009 1.0 1.0 1.0 1.0 0.798 1.0 1.0 1.0 1.0 1.004 1.0 1.0 1.0 1.0 0.971 1.0 1.0 1.0 1.0 1.146 1.0 1.0 1.0 1.0 0.821 1.0 1.0 1.0 1.0 1.434 1.0 1.0 1.0 1.0 1.322 1.0 1.0 1.0 1.0 0.783 1.0 1.0 1.0 1.0 1.0 1.0 1.0 1.0 1.0 1.0 1.0 1.0 1.0 1.0 1.0 1.0 1.0 1.0 1.0 1.0 1.0 1.0 1.0 1.0 1.0 1.0 1.0 1.0 1.0 1.0 1.0 1.0 1.0 1.0 1.0 1.0 1.0 1.0 1.0 1.0 1.0 1.0 1.0 1.0 1.0 1.0 1.0 1.0 1.0 1.0 1.0 1.0 1.0 1.0 1.0 1.0 1.0 1.0 1.0 1.0 1.0 1.0 1.0 1.0 1.0 1.0 1.0 1.0 1.0 1.0 1.0 1.0 1.0 1.0 1.0 1.0 1.0 1.0 1.0 1.0 1.0 1.0 1.0 1.0 1.0 1.0 1.0 1.0 1.0 1.0 1.0 1.0 1.0 1.0 1.0 1.0 1.0 1.0 1.0 1.0 1.0 1.0 1.0 1.0 1.0 1.0 1.0 1.0 1.0 1.0 1.0 1.0 1.0 1.0 1.0 1.0 1.0 1.0 1.0 1.0 1.0 1.0 1.0 1.0 1.0 1.0 1.0 1.0 1.0 1.0 1.0 1.0 1.0 1.0 1.0 1.0 1.0 1.0 1.084 1.027 0.913 1.051 0.919 0.957 0.945 1.081 0.967 0.885 1.142 1.153 0.951 1.087 1.134 0.944 1.036 1.169 1.096 0.924 1.133 1.062 1.17 0.939 0.911 0.965 0.945 0.94 1.107 1.132 1.098 0.921 1.032 0.841 0.89 0.948 0.937 1.018 0.922 1.131 1.042 1.029 1.081 1.141 0.818 1.041 1.082 1.03 0.914 1.1 0.99 1.118 1.077 1.066 1.071 0.889 0.834 1.011 0.984 0.78 1.002 1.053 1.199 0.849 0.808 1.052 1.033 0.787 1.081 0.972 1.08 1.13 0.944 1.113 0.868 1.011 1.235 0.804 1.098 0.876 1.099 1.252 0.959 1.103 1.054 0.826 0.988 0.918 1.107 0.986 0.855 0.786 0.893 0.805 1.028 1.064 0.785 0.785 0.918 1.247 0.877 0.76 1.323 1.061 0.892 1.056 0.971 1.0 0.971 0.925 0.86 0.761 1.0 0.845 0.867 1.019 0.839 1.0 1.07 1.0 0.848 1.17 1.0 1.348 1.0 0.828 0.842 1.0 0.938 1.0 0.843 1.343 1.0 1.039 1.0 0.879 1.001 1.0 0.96 1.0 0.938 0.923 1.0 1.073 1.0 1.055 1.101 1.0 0.814 1.0 0.993 0.921 1.0 0.93 1.0 0.988 0.868 1.0 1.0 1.0 0.843 0.918 1.0 1.0 1.0 1.025 0.769 1.0 1.0 1.0 1.066 0.826 1.0 1.0 1.0 0.971 0.867 1.0 1.0 1.0 0.892 0.837 1.0 1.0 1.0 1.068 0.971 1.0 1.0 1.0 0.919 1.0 1.0 1.0 1.0 1.009 1.0 1.0 1.0 1.0 0.978 1.0 1.0 1.0 1.0 0.962 1.0 1.0 1.0 1.0 0.919 1.0 1.0 1.0 1.0 0.882 1.0 1.0 1.0 1.0 1.272 1.0 1.0 1.0 1.0 1.248 1.0 1.0 1.0 1.0 1.319 1.0 1.0 1.0 1.0 1.06 1.0 1.0 1.0 1.0 0.843 1.0 1.0 1.0 1.0 0.871 1.0 1.0 1.0 1.0 1.368 1.0 1.0 1.0 1.0 0.83 1.0 1.0 1.0 1.0 1.0 1.0 1.0 1.0 1.0 1.0 1.0 1.0 1.0 1.0 1.0 1.0 1.0 1.0 1.0 1.0 1.0 1.0 1.0 1.0 1.0 1.0 1.0 1.0 1.0 1.0 1.0 1.0 1.0 1.0 1.0 1.0 1.0 1.0 1.0 1.0 1.0 1.0 1.0 1.0 1.0 1.0 1.0 1.0 1.0 1.0 1.0 1.0 1.0 1.0 1.0 1.0 1.0 1.0 1.0 1.0 1.0 1.0 1.0 1.0 1.0 1.0 1.0 1.0 1.0 1.0 1.0 1.0 1.0 1.0 1.0 1.0 1.0 1.0 1.0 1.0 1.0 1.0 1.0 1.0 1.0 1.0 1.0 1.0 1.0 1.0 1.0 1.0 1.0 1.0 1.0 1.0 1.0 1.0 1.0 1.0 1.0 1.0 1.0 1.0 1.0 1.0 1.0 1.0 1.0 1.0 1.0 1.0 1.0 1.0 1.0 1.0 1.0 1.0 1.0 1.0 1.0 1.0 1.0 1.0 1.084 1.009 0.913 1.051 1.046 0.92 0.947 1.131 0.983 0.881 0.945 1.029 0.959 0.988 0.966 0.903 1.031 1.102 0.925 1.175 0.937 1.07 0.995 1.047 0.989 1.06 1.094 1.104 0.865 1.054 1.021 1.052 1.101 1.183 0.873 0.831 1.079 1.123 1.184 1.112 1.092 0.92 1.123 1.042 1.139 0.951 0.877 0.863 1.07 1.059 1.105 1.052 1.006 1.02 1.369 1.169 1.141 0.997 1.348 1.39 1.312 1.008 0.979 0.947 1.093 1.11 1.076 1.095 1.263 0.94 1.316 1.144 1.028 1.354 1.272 0.972 1.314 1.097 1.271 0.788 1.352 0.724 1.175 0.917 1.116 1.162 1.114 0.946 1.377 0.837 0.742 1.147 1.069 0.826 1.009 0.986 1.302 1.024 0.797 1.377 1.327 0.763 1.106 0.991 1.377 0.98 0.963 1.074 0.813 0.796 1.184 1.114 1.084 0.827 1.11 1.106 0.874 0.994 1.345 0.898 1.099 0.88 1.009 1.351 0.885 0.966 1.374 0.926 0.832 0.832 1.36 0.845 0.923 1.03 1.38 1.077 0.883 0.994 0.916 1.258 0.953 1.387 0.994 0.843 0.767 0.796 1.0 0.984 0.706 1.0 0.779 1.0 1.003 1.0 1.0 0.79 1.0 0.909 1.0 1.0 0.804 1.0 0.991 1.0 1.0 1.13 1.0 0.998 1.0 1.0 1.414 1.0 1.15 1.0 1.0 0.887 1.0 0.996 1.0 1.0 1.419 1.0 0.908 1.0 1.0 0.941 1.0 0.904 1.0 1.0 0.985 1.0 0.904 1.0 1.0 0.852 1.0 0.904 1.0 1.0 1.0 1.0 0.946 1.0 1.0 1.0 1.0 1.164 1.0 1.0 1.0 1.0 1.113 1.0 1.0 1.0 1.0 1.014 1.0 1.0 1.0 1.0 1.037 1.0 1.0 1.0 1.0 1.04 1.0 1.0 1.0 1.0 1.008 1.0 1.0 1.0 1.0 1.03 1.0 1.0 1.0 1.0 1.017 1.0 1.0 1.0 1.0 0.997 1.0 1.0 1.0 1.0 0.91 1.0 1.0 1.0 1.0 0.954 1.0 1.0 1.0 1.0 0.976 1.0 1.0 1.0 1.0 0.952 1.0 1.0 1.0 1.0 0.992 1.0 1.0 1.0 1.0 1.051 1.0 1.0 1.0 1.0 1.023 1.0 1.0 1.0 1.0 1.039 1.0 1.0 1.0 1.0 0.937 1.0 1.0 1.0 1.0 0.998 1.0 1.0 1.0 1.0 1.038 1.0 1.0 1.0 1.0 1.02 1.0 1.0 1.0 1.0 0.933 1.0 1.0 1.0 1.0 0.904 1.0 1.0 1.0 1.0 0.973 1.0 1.0 1.0 1.0 0.905 1.0 1.0 1.0 1.0 1.05 1.0 1.0 1.0 1.0 0.966 1.0 1.0 1.0 1.0 1.009 1.0 1.0 1.0 1.0 0.985 1.0 1.0 1.0 1.0 1.002 1.0 1.0 1.0 1.0 0.925 1.0 1.0 1.0 1.0 0.897 1.0 1.0 1.0 1.0 0.872 1.0 1.0 1.0 1.0 0.768 1.0 1.0 1.0 1.0 0.864 1.0 1.0 0.973 1.088 0.976 1.082 0.984 1.127 0.947 1.132 0.885 1.066 0.913 1.029 0.964 0.87 1.167 0.941 1.059 1.099 0.898 0.984 0.942 1.054 0.85 0.94 1.009 1.046 1.105 0.904 1.094 0.952 1.03 0.848 0.908 1.154 0.976 0.892 1.023 1.059 1.091 1.116 0.895 1.082 1.115 1.132 0.824 1.191 1.1 1.029 1.11 1.143 1.195 0.809 1.103 0.821 1.238 1.215 0.957 1.096 1.197 1.142 1.136 1.209 0.813 1.158 0.819 0.879 1.086 1.119 1.129 1.024 0.977 1.127 0.95 1.029 1.147 0.908 1.075 0.942 1.183 1.234 1.156 1.121 1.099 0.763 1.005 1.016 1.0 1.243 1.132 1.083 0.925 1.0 0.981 1.082 0.85 0.987 1.0 0.974 0.944 0.855 0.945 1.0 0.848 0.787 1.088 1.06 1.0 0.785 0.979 0.875 1.018 1.0 0.967 1.382 1.013 1.056 1.0 0.997 0.819 1.011 0.876 1.0 0.934 0.793 1.087 0.902 1.0 0.974 0.813 0.815 1.202 1.0 0.951 1.259 0.905 0.971 1.0 1.07 0.968 0.911 0.986 1.0 0.815 0.965 1.017 0.987 1.0 1.004 0.778 0.99 1.096 1.0 0.943 0.953 0.795 0.934 1.0 0.96 0.936 1.0 1.069 1.0 0.791 0.948 1.0 0.969 1.0 0.893 0.949 1.0 0.863 1.0 0.996 0.822 1.0 0.852 1.0 1.0 1.125 1.0 0.888 1.0 1.0 0.925 1.0 0.874 1.0 1.0 0.917 1.0 0.916 1.0 1.0 1.351 1.0 1.069 1.0 1.0 1.289 1.0 0.893 1.0 1.0 0.762 1.0 0.752 1.0 1.0 0.867 1.0 0.878 1.0 1.0 0.865 1.0 0.76 1.0 1.0 1.068 1.0 1.0 1.0 1.0 1.08 1.0 1.0 1.0 1.0 1.009 1.0 1.0 1.0 1.0 0.869 1.0 1.0 1.0 1.0 1.0 1.0 1.0 1.0 1.0 1.0 1.0 1.0 1.0 1.0 1.0 1.0 1.0 1.0 1.0 1.0 1.0 1.0 1.0 1.0 1.0 1.0 1.0 1.0 1.0 1.0 1.0 1.0 1.0 1.0 1.0 1.0 1.0 1.0 1.0 1.0 1.0 1.0 1.0 1.0 1.0 1.0 1.0 1.0 1.0 1.0 1.0 1.0 1.0 1.0 1.0 1.0 1.0 1.0 1.0 1.0 1.0 1.0 1.0 1.0 1.0 1.0 1.0 1.0 1.0 1.0 1.0 1.0 1.0 1.0 1.0 1.0 1.0 1.0 1.0 1.0 1.0 1.0 1.0 1.0 1.0 1.0 1.0 1.0 1.0 1.0 1.0 1.0 1.0 1.0 1.0 1.0 1.0 1.0 1.0 1.0 1.0 1.0 1.0 1.0 1.0 1.0 1.0 1.0 1.0 1.0 1.0 1.0 1.0 1.0 1.0 1.0 1.0 1.0 1.0 1.0 1.0 1.0 1.0 1.0 1.0 1.0 1.0 1.0 1.0 1.0 1.0 1.0 1.0 1.0 1.0 1.0 1.0 1.0 1.0 1.0 1.0 1.0 1.0 1.0 1.0 1.0 0.942 1.027 1.093 0.981 0.984 1.026 1.128 1.076 0.986 1.063 0.943 1.144 0.987 1.033 1.162 0.89 1.032 0.854 0.873 1.002 1.159 1.156 1.108 1.053 1.091 0.887 0.889 0.854 0.805 0.886 0.898 1.054 1.109 1.223 0.899 1.06 0.911 0.914 0.794 1.017 0.861 0.847 1.03 1.053 0.874 1.08 1.064 1.161 0.813 1.009 0.984 1.051 1.038 0.989 1.039 0.838 0.898 0.93 0.819 0.939 1.099 0.863 0.988 1.0 1.146 0.866 1.144 0.993 1.0 1.078 1.027 0.886 1.06 1.0 0.807 0.857 1.083 1.048 1.0 1.019 0.923 0.903 0.93 1.0 0.952 1.116 0.894 1.006 1.0 0.923 0.852 1.069 0.935 1.0 0.811 1.076 1.05 1.006 1.0 0.781 1.086 1.013 0.967 1.0 0.919 1.081 1.049 1.035 1.0 0.918 0.826 0.908 0.994 1.0 0.79 0.891 1.096 0.986 1.0 1.343 0.839 0.85 1.038 1.0 1.008 0.872 1.147 0.984 1.0 0.828 0.853 1.002 1.15 1.0 0.894 0.886 0.84 0.983 1.0 1.0 0.858 0.984 1.034 1.0 1.0 0.924 0.96 0.984 1.0 1.0 1.132 1.017 0.985 1.0 1.0 0.879 0.952 0.886 1.0 1.0 0.883 0.999 0.979 1.0 1.0 0.846 0.992 1.157 1.0 1.0 1.0 0.902 1.161 1.0 1.0 1.0 1.122 1.116 1.0 1.0 1.0 0.893 0.922 1.0 1.0 1.0 0.967 0.975 1.0 1.0 1.0 0.962 0.988 1.0 1.0 1.0 0.959 1.035 1.0 1.0 1.0 0.991 0.908 1.0 1.0 1.0 0.957 0.944 1.0 1.0 1.0 0.958 0.741 1.0 1.0 1.0 0.99 0.954 1.0 1.0 1.0 0.951 0.802 1.0 1.0 1.0 0.91 0.751 1.0 1.0 1.0 0.903 0.868 1.0 1.0 1.0 1.008 0.728 1.0 1.0 1.0 0.991 0.895 1.0 1.0 1.0 1.073 1.0 1.0 1.0 1.0 0.819 1.0 1.0 1.0 1.0 0.785 1.0 1.0 1.0 1.0 1.096 1.0 1.0 1.0 1.0 0.74 1.0 1.0 1.0 1.0 0.744 1.0 1.0 1.0 1.0 0.758 1.0 1.0 1.0 1.0 0.894 1.0 1.0 1.0 1.0 0.88 1.0 1.0 1.0 1.0 0.879 1.0 1.0 1.0 1.0 0.863 1.0 1.0 1.0 1.0 1.0 1.0 1.0 1.0 1.0 1.0 1.0 1.0 1.0 1.0 1.0 1.0 1.0 1.0 1.0 1.0 1.0 1.0 1.0 1.0 1.0 1.0 1.0 1.0 1.0 1.0 1.0 1.0 1.0 1.0 1.0 1.0 1.0 1.0 1.0 1.0 1.0 1.0 1.0 1.0 1.0 1.0 1.0 1.0 1.0 1.0 1.0 1.0 1.0 1.0 1.0 1.0 1.0 1.0 1.0 1.0 1.0 1.0 1.0 1.0 1.0 1.0 1.0 1.0 1.0 1.0 1.0 1.0 1.0 1.0 1.0 1.0 1.0 1.0 1.0 1.0 1.0 1.0 1.0 1.084 1.088 0.984 1.051 0.919 0.957 1.131 1.145 1.076 1.127 1.14 1.035 0.98 1.094 1.137 0.907 0.931 0.963 0.852 0.9 1.036 1.035 1.089 0.928 1.03 0.919 1.129 0.927 1.165 0.886 1.084 0.788 1.004 0.846 1.052 0.914 1.079 0.9 1.032 1.023 1.027 1.114 1.084 0.982 1.173 1.06 1.133 1.071 1.145 0.796 0.871 1.068 1.017 1.074 1.071 1.095 0.798 1.008 1.069 1.25 1.032 1.11 1.059 1.156 0.995 1.029 0.802 1.077 1.012 1.055 1.098 1.165 0.781 0.874 0.802 1.108 1.086 0.779 1.108 0.797 1.071 1.005 1.263 1.297 1.0 1.141 0.775 1.276 1.118 1.0 1.119 1.152 0.988 0.759 1.0 1.137 0.97 1.118 1.09 1.0 0.982 0.87 1.132 0.76 1.0 0.971 1.148 0.967 0.998 1.0 0.967 0.977 0.973 0.986 1.0 0.999 1.179 1.307 0.889 1.0 1.018 1.172 0.927 1.082 1.0 1.133 0.994 0.769 0.988 1.0 1.107 1.177 1.158 0.944 1.0 1.09 0.864 0.776 0.803 1.0 0.978 1.187 1.232 0.856 1.0 1.217 0.741 1.217 0.753 1.0 1.202 0.842 1.292 0.85 1.0 0.747 1.002 0.97 0.993 1.0 0.748 1.155 1.258 0.852 1.0 0.747 1.33 0.759 1.0 1.0 0.751 0.761 0.912 1.0 1.0 0.894 0.846 1.0 1.0 1.0 0.894 0.911 1.0 1.0 1.0 0.887 0.928 1.0 1.0 1.0 1.036 0.772 1.0 1.0 1.0 0.925 0.839 1.0 1.0 1.0 1.051 0.887 1.0 1.0 1.0 1.063 1.0 1.0 1.0 1.0 0.846 1.0 1.0 1.0 1.0 1.35 1.0 1.0 1.0 1.0 0.856 1.0 1.0 1.0 1.0 0.961 1.0 1.0 1.0 1.0 1.159 1.0 1.0 1.0 1.0 0.94 1.0 1.0 1.0 1.0 0.897 1.0 1.0 1.0 1.0 1.0 1.0 1.0 1.0 1.0 1.0 1.0 1.0 1.0 1.0 1.0 1.0 1.0 1.0 1.0 1.0 1.0 1.0 1.0 1.0 1.0 1.0 1.0 1.0 1.0 1.0 1.0 1.0 1.0 1.0 1.0 1.0 1.0 1.0 1.0 1.0 1.0 1.0 1.0 1.0 1.0 1.0 1.0 1.0 1.0 1.0 1.0 1.0 1.0 1.0 1.0 1.0 1.0 1.0 1.0 1.0 1.0 1.0 1.0 1.0 1.0 1.0 1.0 1.0 1.0 1.0 1.0 1.0 1.0 1.0 1.0 1.0 1.0 1.0 1.0 1.0 1.0 1.0 1.0 1.0 1.0 1.0 1.0 1.0 1.0 1.0 1.0 1.0 1.0 1.0 1.0 1.0 1.0 1.0 1.0 1.0 1.0 1.0 1.0 1.0 1.0 1.0 1.0 1.0 1.0 1.0 1.0 1.0 1.0 1.0 1.0 1.0 1.0 1.0 1.0 1.0 1.0 1.0 1.0 1.0 1.0 1.0 1.0 1.0 1.0 1.0 1.0 1.0 1.0 1.0 1.0 1.0 1.0 1.0 1.0 0.942 1.009 1.093 1.051 0.919 1.124 0.945 1.078 0.884 1.133 1.013 0.879 0.957 1.131 1.085 0.958 0.874 1.095 0.864 0.957 1.072 1.139 1.098 1.017 0.916 1.067 1.042 0.846 1.042 1.117 1.064 0.883 1.103 1.083 0.963 1.094 0.939 0.847 1.019 1.135 0.931 0.98 1.011 1.136 1.038 0.894 0.94 0.929 1.001 1.048 1.107 1.086 0.94 1.098 1.026 1.061 0.995 1.007 0.979 0.848 0.872 1.081 1.029 1.023 1.056 1.095 0.878 0.899 0.99 1.142 0.865 1.077 0.943 1.029 0.782 1.093 1.092 1.005 1.0 1.261 0.836 1.055 1.05 1.0 1.07 0.84 1.058 0.866 1.0 1.101 1.04 1.014 1.046 1.0 1.364 0.905 0.903 0.984 1.0 0.835 1.027 0.809 1.064 1.0 0.978 1.013 0.809 1.001 1.0 1.017 1.048 1.0 0.85 1.0 1.016 1.127 0.837 1.238 1.0 1.418 0.864 0.916 0.999 1.0 1.054 0.987 1.024 1.219 1.0 0.781 1.129 0.827 0.938 1.0 1.421 0.973 0.942 1.232 1.0 1.038 1.034 1.067 0.822 1.0 0.942 0.906 1.194 0.852 1.0 1.035 1.285 0.971 0.842 1.0 0.826 1.016 1.148 0.998 1.0 0.934 1.0 1.27 1.292 1.0 1.058 1.0 1.294 0.812 1.0 0.957 1.0 0.965 0.934 1.0 0.759 1.0 1.002 0.811 1.0 0.905 1.0 0.812 0.798 1.0 0.972 1.0 0.798 0.802 1.0 1.016 1.0 0.827 1.32 1.0 1.484 1.0 1.0 0.811 1.0 0.873 1.0 1.0 0.8 1.0 1.001 1.0 1.0 1.126 1.0 1.0 1.0 1.0 0.838 1.0 1.0 1.0 1.0 0.996 1.0 1.0 1.0 1.0 1.456 1.0 1.0 1.0 1.0 1.0 1.0 1.0 1.0 1.0 1.0 1.0 1.0 1.0 1.0 1.0 1.0 1.0 1.0 1.0 1.0 1.0 1.0 1.0 1.0 1.0 1.0 1.0 1.0 1.0 1.0 1.0 1.0 1.0 1.0 1.0 1.0 1.0 1.0 1.0 1.0 1.0 1.0 1.0 1.0 1.0 1.0 1.0 1.0 1.0 1.0 1.0 1.0 1.0 1.0 1.0 1.0 1.0 1.0 1.0 1.0 1.0 1.0 1.0 1.0 1.0 1.0 1.0 1.0 1.0 1.0 1.0 1.0 1.0 1.0 1.0 1.0 1.0 1.0 1.0 1.0 1.0 1.0 1.0 1.0 1.0 1.0 1.0 1.0 1.0 1.0 1.0 1.0 1.0 1.0 1.0 1.0 1.0 1.0 1.0 1.0 1.0 1.0 1.0 1.0 1.0 1.0 1.0 1.0 1.0 1.0 1.0 1.0 1.0 1.0 1.0 1.0 1.0 1.0 1.0 1.0 1.0 1.0 1.0 1.0 1.0 1.0 1.0 1.0 1.0 1.0 1.0 1.0 1.0 1.0 1.0 1.0 1.0 1.0 1.0 1.0 1.0 1.0 1.0 1.0 1.0 1.0 1.0 1.0 1.0 1.0 1.0 1.0 1.0 1.0 1.0 1.0 1.0,1.4836453,0.48364532,0.70639336,0.3,0.363565057516098,0.0003,5,2.2389975
23,0.1139741837978363,0.99731606,1.016 1.028 0.975 0.981 0.975 0.953 1.133 1.085 0.878 0.875 1.034 1.153 0.958 1.094 1.01 1.156 0.854 0.827 0.934 0.931 1.035 1.075 0.942 1.181 1.069 1.029 0.852 1.155 1.028 1.165 1.058 0.851 1.042 0.888 1.195 0.937 0.893 1.146 1.039 1.07 1.063 1.077 1.019 0.837 0.76 0.987 0.853 1.054 1.142 0.926 1.101 0.853 1.056 1.15 0.801 0.948 1.063 1.051 1.038 0.991 0.913 0.894 0.849 1.086 1.0 1.118 1.087 0.809 0.878 1.0 1.02 1.095 1.017 1.06 1.0 1.103 1.205 1.06 1.064 1.0 1.327 0.903 1.29 1.019 1.0 1.312 0.897 1.093 0.761 1.0 1.029 0.842 1.006 1.031 1.0 0.993 0.899 0.814 0.857 1.0 1.152 0.836 0.884 1.074 1.0 0.975 1.083 1.0 0.85 1.0 0.828 0.85 1.0 0.814 1.0 0.824 1.046 1.0 0.823 1.0 0.756 0.992 1.0 0.833 1.0 0.995 0.995 1.0 0.835 1.0 0.834 1.134 1.0 0.83 1.0 0.977 0.955 1.0 1.029 1.0 1.097 0.993 1.0 1.079 1.0 0.713 0.784 1.0 0.983 1.0 0.708 1.125 1.0 0.859 1.0 1.062 1.076 1.0 0.999 1.0 1.495 1.079 1.0 0.971 1.0 1.0 0.966 1.0 0.977 1.0 1.0 0.944 1.0 0.85 1.0 1.0 0.974 1.0 1.081 1.0 1.0 0.892 1.0 0.838 1.0 1.0 0.78 1.0 0.869 1.0 1.0 1.066 1.0 1.0 1.0 1.0 1.391 1.0 1.0 1.0 1.0 0.968 1.0 1.0 1.0 1.0 0.858 1.0 1.0 1.0 1.0 0.861 1.0 1.0 1.0 1.0 0.865 1.0 1.0 1.0 1.0 0.905 1.0 1.0 1.0 1.0 0.847 1.0 1.0 1.0 1.0 1.0 1.0 1.0 1.0 1.0 1.0 1.0 1.0 1.0 1.0 1.0 1.0 1.0 1.0 1.0 1.0 1.0 1.0 1.0 1.0 1.0 1.0 1.0 1.0 1.0 1.0 1.0 1.0 1.0 1.0 1.0 1.0 1.0 1.0 1.0 1.0 1.0 1.0 1.0 1.0 1.0 1.0 1.0 1.0 1.0 1.0 1.0 1.0 1.0 1.0 1.0 1.0 1.0 1.0 1.0 1.0 1.0 1.0 1.0 1.0 1.0 1.0 1.0 1.0 1.0 1.0 1.0 1.0 1.0 1.0 1.0 1.0 1.0 1.0 1.0 1.0 1.0 1.0 1.0 1.0 1.0 1.0 1.0 1.0 1.0 1.0 1.0 1.0 1.0 1.0 1.0 1.0 1.0 1.0 1.0 1.0 1.0 1.0 1.0 1.0 1.0 1.0 1.0 1.0 1.0 1.0 1.0 1.0 1.0 1.0 1.0 1.0 1.0 1.0 1.0 1.0 1.0 1.0 1.0 1.0 1.0 1.0 1.0 1.0 1.0 1.0 1.0 1.0 1.0 1.0 1.0 1.0 1.0 1.0 1.0 1.0 1.0 1.0 1.0 1.0 1.0 1.0 1.0 1.0 1.0 1.0 1.0 1.0 1.0 0.999 0.965 1.055 0.981 0.975 1.134 0.942 0.957 0.883 0.978 1.019 1.038 0.996 0.867 1.098 1.054 0.875 0.937 0.86 1.01 0.987 1.048 1.002 0.907 0.9 1.101 0.892 1.116 1.047 0.847 0.811 1.122 0.928 1.046 0.857 1.099 1.083 1.042 1.14 0.853 0.81 0.866 1.112 0.783 1.19 0.809 1.008 1.031 0.825 1.197 0.816 0.872 0.86 0.877 0.781 1.095 0.877 0.933 1.096 0.785 1.248 0.984 1.078 0.76 0.948 0.984 1.057 1.134 0.783 1.232 0.949 1.032 1.061 1.254 0.796 0.993 1.004 1.022 0.746 1.221 0.961 0.989 0.84 0.755 0.803 1.0 1.063 1.055 0.987 0.814 1.0 1.01 0.833 0.769 1.11 1.0 1.019 1.261 0.938 0.975 1.0 0.927 0.77 0.765 0.797 1.0 0.933 0.96 0.921 1.0 1.0 1.06 0.964 0.969 1.0 1.0 0.912 0.891 0.965 1.0 1.0 1.129 0.843 0.928 1.0 1.0 1.032 0.806 0.783 1.0 1.0 1.151 0.74 1.144 1.0 1.0 0.952 0.894 0.877 1.0 1.0 0.926 1.157 0.8 1.0 1.0 0.96 0.971 1.0 1.0 1.0 1.102 0.801 1.0 1.0 1.0 0.904 0.719 1.0 1.0 1.0 0.881 0.793 1.0 1.0 1.0 0.956 1.397 1.0 1.0 1.0 0.862 1.0 1.0 1.0 1.0 0.859 1.0 1.0 1.0 1.0 0.95 1.0 1.0 1.0 1.0 1.034 1.0 1.0 1.0 1.0 0.949 1.0 1.0 1.0 1.0 1.004 1.0 1.0 1.0 1.0 1.01 1.0 1.0 1.0 1.0 0.788 1.0 1.0 1.0 1.0 1.004 1.0 1.0 1.0 1.0 0.97 1.0 1.0 1.0 1.0 1.154 1.0 1.0 1.0 1.0 0.814 1.0 1.0 1.0 1.0 1.449 1.0 1.0 1.0 1.0 1.341 1.0 1.0 1.0 1.0 0.771 1.0 1.0 1.0 1.0 1.0 1.0 1.0 1.0 1.0 1.0 1.0 1.0 1.0 1.0 1.0 1.0 1.0 1.0 1.0 1.0 1.0 1.0 1.0 1.0 1.0 1.0 1.0 1.0 1.0 1.0 1.0 1.0 1.0 1.0 1.0 1.0 1.0 1.0 1.0 1.0 1.0 1.0 1.0 1.0 1.0 1.0 1.0 1.0 1.0 1.0 1.0 1.0 1.0 1.0 1.0 1.0 1.0 1.0 1.0 1.0 1.0 1.0 1.0 1.0 1.0 1.0 1.0 1.0 1.0 1.0 1.0 1.0 1.0 1.0 1.0 1.0 1.0 1.0 1.0 1.0 1.0 1.0 1.0 1.0 1.0 1.0 1.0 1.0 1.0 1.0 1.0 1.0 1.0 1.0 1.0 1.0 1.0 1.0 1.0 1.0 1.0 1.0 1.0 1.0 1.0 1.0 1.0 1.0 1.0 1.0 1.0 1.0 1.0 1.0 1.0 1.0 1.0 1.0 1.0 1.0 1.0 1.0 1.0 1.0 1.0 1.0 1.0 1.0 1.0 1.0 1.0 1.0 1.0 1.0 1.0 1.0 1.0 1.0 1.089 1.028 0.909 1.053 0.915 0.955 0.942 1.084 0.965 0.879 1.152 1.162 0.948 1.09 1.142 0.942 1.036 1.179 1.1 0.92 1.142 1.065 1.18 0.935 0.907 0.964 0.942 0.937 1.111 1.14 1.104 0.918 1.032 0.833 0.884 0.946 0.934 1.019 0.918 1.139 1.044 1.031 1.087 1.15 0.808 1.042 1.087 1.036 0.91 1.107 0.99 1.125 1.081 1.069 1.079 0.883 0.826 1.017 0.983 0.77 1.003 1.057 1.207 0.842 0.801 1.054 1.036 0.779 1.086 0.971 1.086 1.142 0.942 1.12 0.862 1.011 1.232 0.795 1.103 0.87 1.104 1.249 0.958 1.11 1.061 0.818 0.988 0.918 1.113 0.987 0.848 0.776 0.889 0.797 1.035 1.066 0.775 0.775 0.915 1.26 0.87 0.75 1.34 1.066 0.888 1.059 0.97 1.0 0.971 0.923 0.853 0.751 1.0 0.837 0.862 1.019 0.832 1.0 1.075 1.0 0.84 1.184 1.0 1.357 1.0 0.82 0.835 1.0 0.936 1.0 0.835 1.349 1.0 1.042 1.0 0.873 1.003 1.0 0.959 1.0 0.935 0.92 1.0 1.081 1.0 1.057 1.107 1.0 0.806 1.0 0.992 0.919 1.0 0.928 1.0 0.988 0.862 1.0 1.0 1.0 0.835 0.915 1.0 1.0 1.0 1.025 0.758 1.0 1.0 1.0 1.068 0.817 1.0 1.0 1.0 0.97 0.86 1.0 1.0 1.0 0.887 0.828 1.0 1.0 1.0 1.071 0.971 1.0 1.0 1.0 0.914 1.0 1.0 1.0 1.0 1.01 1.0 1.0 1.0 1.0 0.977 1.0 1.0 1.0 1.0 0.96 1.0 1.0 1.0 1.0 0.916 1.0 1.0 1.0 1.0 0.875 1.0 1.0 1.0 1.0 1.285 1.0 1.0 1.0 1.0 1.261 1.0 1.0 1.0 1.0 1.328 1.0 1.0 1.0 1.0 1.066 1.0 1.0 1.0 1.0 0.835 1.0 1.0 1.0 1.0 0.866 1.0 1.0 1.0 1.0 1.382 1.0 1.0 1.0 1.0 0.823 1.0 1.0 1.0 1.0 1.0 1.0 1.0 1.0 1.0 1.0 1.0 1.0 1.0 1.0 1.0 1.0 1.0 1.0 1.0 1.0 1.0 1.0 1.0 1.0 1.0 1.0 1.0 1.0 1.0 1.0 1.0 1.0 1.0 1.0 1.0 1.0 1.0 1.0 1.0 1.0 1.0 1.0 1.0 1.0 1.0 1.0 1.0 1.0 1.0 1.0 1.0 1.0 1.0 1.0 1.0 1.0 1.0 1.0 1.0 1.0 1.0 1.0 1.0 1.0 1.0 1.0 1.0 1.0 1.0 1.0 1.0 1.0 1.0 1.0 1.0 1.0 1.0 1.0 1.0 1.0 1.0 1.0 1.0 1.0 1.0 1.0 1.0 1.0 1.0 1.0 1.0 1.0 1.0 1.0 1.0 1.0 1.0 1.0 1.0 1.0 1.0 1.0 1.0 1.0 1.0 1.0 1.0 1.0 1.0 1.0 1.0 1.0 1.0 1.0 1.0 1.0 1.0 1.0 1.0 1.0 1.0 1.0 1.0 1.0 1.089 1.009 0.909 1.053 1.047 0.916 0.945 1.139 0.981 0.875 0.942 1.03 0.956 0.986 0.964 0.897 1.031 1.106 0.922 1.185 0.933 1.075 0.994 1.049 0.988 1.063 1.099 1.108 0.858 1.056 1.022 1.054 1.105 1.194 0.866 0.822 1.082 1.131 1.195 1.117 1.096 0.916 1.129 1.044 1.15 0.947 0.872 0.856 1.074 1.063 1.113 1.059 1.007 1.024 1.371 1.186 1.146 0.996 1.349 1.394 1.308 1.012 0.977 0.947 1.099 1.118 1.083 1.101 1.276 0.939 1.313 1.16 1.03 1.355 1.284 0.972 1.313 1.102 1.284 0.78 1.352 0.713 1.179 0.915 1.123 1.179 1.128 0.943 1.379 0.83 0.73 1.154 1.074 0.818 1.014 0.989 1.3 1.025 0.789 1.378 1.328 0.753 1.112 0.995 1.379 0.98 0.963 1.078 0.805 0.788 1.201 1.126 1.089 0.818 1.118 1.113 0.869 0.995 1.348 0.895 1.106 0.874 1.009 1.355 0.881 0.967 1.378 0.923 0.824 0.824 1.364 0.837 0.92 1.037 1.384 1.084 0.877 0.994 0.915 1.272 0.952 1.393 0.994 0.837 0.758 0.787 1.0 0.983 0.694 1.0 0.768 1.0 1.003 1.0 1.0 0.78 1.0 0.905 1.0 1.0 0.794 1.0 0.989 1.0 1.0 1.141 1.0 0.997 1.0 1.0 1.43 1.0 1.158 1.0 1.0 0.882 1.0 0.996 1.0 1.0 1.437 1.0 0.904 1.0 1.0 0.939 1.0 0.899 1.0 1.0 0.984 1.0 0.899 1.0 1.0 0.844 1.0 0.899 1.0 1.0 1.0 1.0 0.943 1.0 1.0 1.0 1.0 1.173 1.0 1.0 1.0 1.0 1.119 1.0 1.0 1.0 1.0 1.014 1.0 1.0 1.0 1.0 1.04 1.0 1.0 1.0 1.0 1.043 1.0 1.0 1.0 1.0 1.01 1.0 1.0 1.0 1.0 1.032 1.0 1.0 1.0 1.0 1.017 1.0 1.0 1.0 1.0 0.996 1.0 1.0 1.0 1.0 0.904 1.0 1.0 1.0 1.0 0.952 1.0 1.0 1.0 1.0 0.975 1.0 1.0 1.0 1.0 0.949 1.0 1.0 1.0 1.0 0.993 1.0 1.0 1.0 1.0 1.054 1.0 1.0 1.0 1.0 1.024 1.0 1.0 1.0 1.0 1.041 1.0 1.0 1.0 1.0 0.933 1.0 1.0 1.0 1.0 0.999 1.0 1.0 1.0 1.0 1.04 1.0 1.0 1.0 1.0 1.021 1.0 1.0 1.0 1.0 0.93 1.0 1.0 1.0 1.0 0.899 1.0 1.0 1.0 1.0 0.972 1.0 1.0 1.0 1.0 0.901 1.0 1.0 1.0 1.0 1.053 1.0 1.0 1.0 1.0 0.964 1.0 1.0 1.0 1.0 1.01 1.0 1.0 1.0 1.0 0.984 1.0 1.0 1.0 1.0 1.001 1.0 1.0 1.0 1.0 0.921 1.0 1.0 1.0 1.0 0.89 1.0 1.0 1.0 1.0 0.866 1.0 1.0 1.0 1.0 0.755 1.0 1.0 1.0 1.0 0.857 1.0 1.0 0.972 1.094 0.975 1.086 0.983 1.135 0.944 1.14 0.88 1.069 0.908 1.03 0.962 0.864 1.177 0.938 1.064 1.103 0.892 0.982 0.939 1.057 0.843 0.937 1.008 1.049 1.112 0.9 1.099 0.949 1.032 0.841 0.904 1.163 0.974 0.886 1.026 1.062 1.094 1.125 0.889 1.092 1.121 1.139 0.817 1.204 1.104 1.03 1.116 1.154 1.209 0.802 1.109 0.811 1.238 1.216 0.958 1.102 1.199 1.153 1.147 1.218 0.805 1.169 0.812 0.873 1.096 1.127 1.139 1.025 0.976 1.134 0.947 1.03 1.158 0.903 1.085 0.939 1.196 1.234 1.166 1.128 1.105 0.752 1.005 1.016 1.0 1.249 1.142 1.09 0.921 1.0 0.981 1.09 0.842 0.988 1.0 0.973 0.941 0.847 0.943 1.0 0.841 0.777 1.096 1.063 1.0 0.774 0.98 0.869 1.018 1.0 0.966 1.401 1.015 1.06 1.0 0.999 0.809 1.014 0.871 1.0 0.93 0.783 1.094 0.898 1.0 0.974 0.803 0.806 1.21 1.0 0.948 1.27 0.9 0.969 1.0 1.075 0.969 0.906 0.985 1.0 0.807 0.965 1.018 0.986 1.0 1.004 0.768 0.989 1.101 1.0 0.94 0.953 0.786 0.932 1.0 0.958 0.935 1.0 1.074 1.0 0.782 0.946 1.0 0.969 1.0 0.888 0.947 1.0 0.856 1.0 0.996 0.813 1.0 0.844 1.0 1.0 1.131 1.0 0.884 1.0 1.0 0.922 1.0 0.868 1.0 1.0 0.915 1.0 0.912 1.0 1.0 1.359 1.0 1.073 1.0 1.0 1.305 1.0 0.888 1.0 1.0 0.751 1.0 0.74 1.0 1.0 0.862 1.0 0.873 1.0 1.0 0.859 1.0 0.749 1.0 1.0 1.071 1.0 1.0 1.0 1.0 1.084 1.0 1.0 1.0 1.0 1.012 1.0 1.0 1.0 1.0 0.863 1.0 1.0 1.0 1.0 1.0 1.0 1.0 1.0 1.0 1.0 1.0 1.0 1.0 1.0 1.0 1.0 1.0 1.0 1.0 1.0 1.0 1.0 1.0 1.0 1.0 1.0 1.0 1.0 1.0 1.0 1.0 1.0 1.0 1.0 1.0 1.0 1.0 1.0 1.0 1.0 1.0 1.0 1.0 1.0 1.0 1.0 1.0 1.0 1.0 1.0 1.0 1.0 1.0 1.0 1.0 1.0 1.0 1.0 1.0 1.0 1.0 1.0 1.0 1.0 1.0 1.0 1.0 1.0 1.0 1.0 1.0 1.0 1.0 1.0 1.0 1.0 1.0 1.0 1.0 1.0 1.0 1.0 1.0 1.0 1.0 1.0 1.0 1.0 1.0 1.0 1.0 1.0 1.0 1.0 1.0 1.0 1.0 1.0 1.0 1.0 1.0 1.0 1.0 1.0 1.0 1.0 1.0 1.0 1.0 1.0 1.0 1.0 1.0 1.0 1.0 1.0 1.0 1.0 1.0 1.0 1.0 1.0 1.0 1.0 1.0 1.0 1.0 1.0 1.0 1.0 1.0 1.0 1.0 1.0 1.0 1.0 1.0 1.0 1.0 1.0 1.0 1.0 1.0 1.0 1.0 1.0 0.938 1.028 1.098 0.98 0.983 1.026 1.136 1.079 0.985 1.065 0.94 1.153 0.986 1.034 1.172 0.884 1.033 0.847 0.867 1.0 1.169 1.165 1.112 1.055 1.095 0.882 0.883 0.847 0.795 0.881 0.893 1.055 1.113 1.218 0.895 1.063 0.907 0.91 0.786 1.018 0.855 0.84 1.03 1.059 0.868 1.084 1.066 1.17 0.805 1.009 0.984 1.053 1.039 0.989 1.04 0.831 0.893 0.926 0.812 0.935 1.105 0.856 0.988 1.0 1.155 0.86 1.153 0.993 1.0 1.082 1.028 0.88 1.064 1.0 0.799 0.849 1.088 1.051 1.0 1.022 0.92 0.899 0.927 1.0 0.952 1.125 0.89 1.007 1.0 0.92 0.845 1.074 0.931 1.0 0.801 1.081 1.053 1.006 1.0 0.771 1.094 1.014 0.964 1.0 0.916 1.086 1.052 1.036 1.0 0.914 0.817 0.903 0.994 1.0 0.78 0.888 1.101 0.985 1.0 1.349 0.831 0.842 1.039 1.0 1.013 0.866 1.155 0.983 1.0 0.819 0.846 1.002 1.159 1.0 0.889 0.88 0.832 0.982 1.0 1.0 0.851 0.983 1.035 1.0 1.0 0.922 0.958 0.982 1.0 1.0 1.142 1.018 0.983 1.0 1.0 0.873 0.949 0.88 1.0 1.0 0.879 0.999 0.978 1.0 1.0 0.838 0.992 1.167 1.0 1.0 1.0 0.896 1.172 1.0 1.0 1.0 1.13 1.123 1.0 1.0 1.0 0.886 0.918 1.0 1.0 1.0 0.964 0.973 1.0 1.0 1.0 0.96 0.988 1.0 1.0 1.0 0.956 1.037 1.0 1.0 1.0 0.99 0.903 1.0 1.0 1.0 0.954 0.94 1.0 1.0 1.0 0.956 0.728 1.0 1.0 1.0 0.99 0.952 1.0 1.0 1.0 0.949 0.792 1.0 1.0 1.0 0.906 0.739 1.0 1.0 1.0 0.897 0.862 1.0 1.0 1.0 1.008 0.715 1.0 1.0 1.0 0.989 0.891 1.0 1.0 1.0 1.077 1.0 1.0 1.0 1.0 0.81 1.0 1.0 1.0 1.0 0.774 1.0 1.0 1.0 1.0 1.103 1.0 1.0 1.0 1.0 0.728 1.0 1.0 1.0 1.0 0.732 1.0 1.0 1.0 1.0 0.747 1.0 1.0 1.0 1.0 0.889 1.0 1.0 1.0 1.0 0.875 1.0 1.0 1.0 1.0 0.873 1.0 1.0 1.0 1.0 0.857 1.0 1.0 1.0 1.0 1.0 1.0 1.0 1.0 1.0 1.0 1.0 1.0 1.0 1.0 1.0 1.0 1.0 1.0 1.0 1.0 1.0 1.0 1.0 1.0 1.0 1.0 1.0 1.0 1.0 1.0 1.0 1.0 1.0 1.0 1.0 1.0 1.0 1.0 1.0 1.0 1.0 1.0 1.0 1.0 1.0 1.0 1.0 1.0 1.0 1.0 1.0 1.0 1.0 1.0 1.0 1.0 1.0 1.0 1.0 1.0 1.0 1.0 1.0 1.0 1.0 1.0 1.0 1.0 1.0 1.0 1.0 1.0 1.0 1.0 1.0 1.0 1.0 1.0 1.0 1.0 1.0 1.0 1.0 1.089 1.094 0.983 1.053 0.915 0.955 1.139 1.153 1.079 1.135 1.149 1.035 0.978 1.098 1.145 0.902 0.927 0.961 0.845 0.895 1.038 1.036 1.094 0.925 1.032 0.915 1.137 0.923 1.175 0.88 1.089 0.777 1.005 0.839 1.054 0.91 1.083 0.895 1.033 1.024 1.028 1.122 1.088 0.981 1.18 1.064 1.145 1.076 1.154 0.788 0.865 1.072 1.019 1.079 1.079 1.101 0.787 1.01 1.073 1.262 1.033 1.118 1.065 1.167 1.0 1.03 0.791 1.083 1.014 1.062 1.103 1.176 0.772 0.868 0.795 1.114 1.093 0.77 1.116 0.789 1.075 1.006 1.275 1.298 1.0 1.15 0.764 1.29 1.127 1.0 1.127 1.162 0.99 0.749 1.0 1.137 0.968 1.124 1.097 1.0 0.982 0.864 1.139 0.749 1.0 0.969 1.158 0.966 1.0 1.0 0.967 0.975 0.971 0.991 1.0 0.999 1.19 1.323 0.885 1.0 1.018 1.183 0.924 1.086 1.0 1.141 0.995 0.758 0.993 1.0 1.113 1.188 1.167 0.944 1.0 1.095 0.858 0.766 0.794 1.0 0.978 1.199 1.244 0.848 1.0 1.221 0.729 1.228 0.743 1.0 1.205 0.835 1.293 0.842 1.0 0.736 1.005 0.972 0.995 1.0 0.737 1.17 1.27 0.845 1.0 0.737 1.332 0.749 1.0 1.0 0.741 0.75 0.907 1.0 1.0 0.887 0.839 1.0 1.0 1.0 0.887 0.908 1.0 1.0 1.0 0.88 0.925 1.0 1.0 1.0 1.039 0.761 1.0 1.0 1.0 0.92 0.831 1.0 1.0 1.0 1.054 0.881 1.0 1.0 1.0 1.067 1.0 1.0 1.0 1.0 0.839 1.0 1.0 1.0 1.0 1.363 1.0 1.0 1.0 1.0 0.848 1.0 1.0 1.0 1.0 0.96 1.0 1.0 1.0 1.0 1.17 1.0 1.0 1.0 1.0 0.938 1.0 1.0 1.0 1.0 0.893 1.0 1.0 1.0 1.0 1.0 1.0 1.0 1.0 1.0 1.0 1.0 1.0 1.0 1.0 1.0 1.0 1.0 1.0 1.0 1.0 1.0 1.0 1.0 1.0 1.0 1.0 1.0 1.0 1.0 1.0 1.0 1.0 1.0 1.0 1.0 1.0 1.0 1.0 1.0 1.0 1.0 1.0 1.0 1.0 1.0 1.0 1.0 1.0 1.0 1.0 1.0 1.0 1.0 1.0 1.0 1.0 1.0 1.0 1.0 1.0 1.0 1.0 1.0 1.0 1.0 1.0 1.0 1.0 1.0 1.0 1.0 1.0 1.0 1.0 1.0 1.0 1.0 1.0 1.0 1.0 1.0 1.0 1.0 1.0 1.0 1.0 1.0 1.0 1.0 1.0 1.0 1.0 1.0 1.0 1.0 1.0 1.0 1.0 1.0 1.0 1.0 1.0 1.0 1.0 1.0 1.0 1.0 1.0 1.0 1.0 1.0 1.0 1.0 1.0 1.0 1.0 1.0 1.0 1.0 1.0 1.0 1.0 1.0 1.0 1.0 1.0 1.0 1.0 1.0 1.0 1.0 1.0 1.0 1.0 1.0 1.0 1.0 1.0 1.0 0.938 1.009 1.098 1.053 0.915 1.132 0.943 1.081 0.878 1.141 1.013 0.873 0.955 1.139 1.088 0.956 0.868 1.098 0.858 0.955 1.076 1.148 1.101 1.017 0.912 1.07 1.043 0.839 1.044 1.123 1.067 0.878 1.107 1.089 0.961 1.099 0.936 0.839 1.022 1.142 0.928 0.978 1.011 1.149 1.04 0.888 0.936 0.925 1.004 1.051 1.112 1.091 0.937 1.11 1.028 1.065 0.995 1.006 0.981 0.838 0.865 1.085 1.031 1.027 1.06 1.099 0.872 0.894 0.99 1.153 0.859 1.081 0.939 1.031 0.772 1.097 1.097 1.005 1.0 1.262 0.828 1.058 1.052 1.0 1.076 0.832 1.062 0.86 1.0 1.109 1.043 1.017 1.051 1.0 1.37 0.9 0.899 0.983 1.0 0.826 1.028 0.8 1.068 1.0 0.978 1.014 0.8 1.002 1.0 1.024 1.052 1.0 0.843 1.0 1.022 1.138 0.829 1.241 1.0 1.428 0.858 0.911 1.003 1.0 1.059 0.987 1.027 1.23 1.0 0.77 1.14 0.819 0.936 1.0 1.432 0.972 0.938 1.244 1.0 1.042 1.037 1.071 0.814 1.0 0.94 0.902 1.196 0.844 1.0 1.042 1.289 0.97 0.834 1.0 0.817 1.018 1.16 1.002 1.0 0.932 1.0 1.275 1.297 1.0 1.065 1.0 1.301 0.803 1.0 0.955 1.0 0.963 0.931 1.0 0.747 1.0 1.002 0.801 1.0 0.903 1.0 0.804 0.788 1.0 0.972 1.0 0.79 0.793 1.0 1.017 1.0 0.818 1.338 1.0 1.502 1.0 1.0 0.802 1.0 0.869 1.0 1.0 0.789 1.0 1.001 1.0 1.0 1.133 1.0 1.0 1.0 1.0 0.83 1.0 1.0 1.0 1.0 0.998 1.0 1.0 1.0 1.0 1.471 1.0 1.0 1.0 1.0 1.0 1.0 1.0 1.0 1.0 1.0 1.0 1.0 1.0 1.0 1.0 1.0 1.0 1.0 1.0 1.0 1.0 1.0 1.0 1.0 1.0 1.0 1.0 1.0 1.0 1.0 1.0 1.0 1.0 1.0 1.0 1.0 1.0 1.0 1.0 1.0 1.0 1.0 1.0 1.0 1.0 1.0 1.0 1.0 1.0 1.0 1.0 1.0 1.0 1.0 1.0 1.0 1.0 1.0 1.0 1.0 1.0 1.0 1.0 1.0 1.0 1.0 1.0 1.0 1.0 1.0 1.0 1.0 1.0 1.0 1.0 1.0 1.0 1.0 1.0 1.0 1.0 1.0 1.0 1.0 1.0 1.0 1.0 1.0 1.0 1.0 1.0 1.0 1.0 1.0 1.0 1.0 1.0 1.0 1.0 1.0 1.0 1.0 1.0 1.0 1.0 1.0 1.0 1.0 1.0 1.0 1.0 1.0 1.0 1.0 1.0 1.0 1.0 1.0 1.0 1.0 1.0 1.0 1.0 1.0 1.0 1.0 1.0 1.0 1.0 1.0 1.0 1.0 1.0 1.0 1.0 1.0 1.0 1.0 1.0 1.0 1.0 1.0 1.0 1.0 1.0 1.0 1.0 1.0 1.0 1.0 1.0 1.0 1.0 1.0 1.0 1.0 1.0,1.5018132,0.5018132,0.6941069,0.3,0.3770331144332886,0.0003,5,2.3184202
24,0.11921374499797821,0.9972423,1.017 1.028 0.973 0.98 0.973 0.95 1.142 1.088 0.872 0.869 1.034 1.163 0.955 1.097 1.01 1.165 0.847 0.82 0.931 0.928 1.035 1.077 0.939 1.191 1.073 1.029 0.845 1.164 1.028 1.169 1.06 0.844 1.044 0.882 1.202 0.934 0.889 1.153 1.04 1.08 1.066 1.078 1.02 0.827 0.751 0.986 0.846 1.057 1.151 0.926 1.107 0.846 1.059 1.159 0.794 0.944 1.065 1.054 1.04 0.996 0.908 0.89 0.842 1.091 1.0 1.128 1.09 0.801 0.87 1.0 1.023 1.098 1.021 1.066 1.0 1.11 1.217 1.069 1.07 1.0 1.328 0.898 1.304 1.022 1.0 1.312 0.891 1.099 0.75 1.0 1.033 0.834 1.012 1.036 1.0 0.994 0.893 0.804 0.85 1.0 1.165 0.828 0.88 1.079 1.0 0.975 1.086 1.0 0.842 1.0 0.82 0.843 1.0 0.805 1.0 0.816 1.048 1.0 0.815 1.0 0.745 0.99 1.0 0.826 1.0 0.998 0.994 1.0 0.827 1.0 0.827 1.141 1.0 0.823 1.0 0.979 0.953 1.0 1.032 1.0 1.104 0.993 1.0 1.087 1.0 0.702 0.775 1.0 0.982 1.0 0.696 1.133 1.0 0.852 1.0 1.067 1.08 1.0 1.001 1.0 1.504 1.085 1.0 0.97 1.0 1.0 0.963 1.0 0.977 1.0 1.0 0.941 1.0 0.842 1.0 1.0 0.974 1.0 1.089 1.0 1.0 0.888 1.0 0.83 1.0 1.0 0.771 1.0 0.863 1.0 1.0 1.071 1.0 1.0 1.0 1.0 1.407 1.0 1.0 1.0 1.0 0.968 1.0 1.0 1.0 1.0 0.851 1.0 1.0 1.0 1.0 0.855 1.0 1.0 1.0 1.0 0.858 1.0 1.0 1.0 1.0 0.901 1.0 1.0 1.0 1.0 0.839 1.0 1.0 1.0 1.0 1.0 1.0 1.0 1.0 1.0 1.0 1.0 1.0 1.0 1.0 1.0 1.0 1.0 1.0 1.0 1.0 1.0 1.0 1.0 1.0 1.0 1.0 1.0 1.0 1.0 1.0 1.0 1.0 1.0 1.0 1.0 1.0 1.0 1.0 1.0 1.0 1.0 1.0 1.0 1.0 1.0 1.0 1.0 1.0 1.0 1.0 1.0 1.0 1.0 1.0 1.0 1.0 1.0 1.0 1.0 1.0 1.0 1.0 1.0 1.0 1.0 1.0 1.0 1.0 1.0 1.0 1.0 1.0 1.0 1.0 1.0 1.0 1.0 1.0 1.0 1.0 1.0 1.0 1.0 1.0 1.0 1.0 1.0 1.0 1.0 1.0 1.0 1.0 1.0 1.0 1.0 1.0 1.0 1.0 1.0 1.0 1.0 1.0 1.0 1.0 1.0 1.0 1.0 1.0 1.0 1.0 1.0 1.0 1.0 1.0 1.0 1.0 1.0 1.0 1.0 1.0 1.0 1.0 1.0 1.0 1.0 1.0 1.0 1.0 1.0 1.0 1.0 1.0 1.0 1.0 1.0 1.0 1.0 1.0 1.0 1.0 1.0 1.0 1.0 1.0 1.0 1.0 1.0 1.0 1.0 1.0 1.0 1.0 1.0 0.998 0.963 1.057 0.98 0.973 1.142 0.94 0.955 0.877 0.975 1.018 1.039 0.995 0.861 1.103 1.056 0.869 0.933 0.853 1.011 0.987 1.049 1.001 0.902 0.895 1.11 0.887 1.121 1.049 0.839 0.804 1.129 0.924 1.047 0.849 1.111 1.088 1.044 1.149 0.846 0.803 0.86 1.118 0.772 1.197 0.802 1.008 1.032 0.816 1.204 0.809 0.866 0.854 0.87 0.772 1.107 0.871 0.929 1.104 0.776 1.241 0.982 1.082 0.749 0.948 0.985 1.061 1.133 0.774 1.227 0.948 1.033 1.068 1.252 0.787 0.996 1.004 1.024 0.734 1.218 0.961 0.988 0.833 0.744 0.793 1.0 1.066 1.06 0.992 0.807 1.0 1.012 0.825 0.758 1.115 1.0 1.021 1.273 0.937 0.98 1.0 0.923 0.76 0.754 0.788 1.0 0.93 0.963 0.919 1.0 1.0 1.063 0.963 0.968 1.0 1.0 0.908 0.888 0.964 1.0 1.0 1.13 0.836 0.926 1.0 1.0 1.034 0.797 0.773 1.0 1.0 1.154 0.727 1.15 1.0 1.0 0.95 0.89 0.874 1.0 1.0 0.924 1.165 0.79 1.0 1.0 0.958 0.973 1.0 1.0 1.0 1.107 0.794 1.0 1.0 1.0 0.899 0.706 1.0 1.0 1.0 0.875 0.785 1.0 1.0 1.0 0.953 1.42 1.0 1.0 1.0 0.856 1.0 1.0 1.0 1.0 0.852 1.0 1.0 1.0 1.0 0.946 1.0 1.0 1.0 1.0 1.036 1.0 1.0 1.0 1.0 0.946 1.0 1.0 1.0 1.0 1.004 1.0 1.0 1.0 1.0 1.011 1.0 1.0 1.0 1.0 0.777 1.0 1.0 1.0 1.0 1.005 1.0 1.0 1.0 1.0 0.969 1.0 1.0 1.0 1.0 1.161 1.0 1.0 1.0 1.0 0.807 1.0 1.0 1.0 1.0 1.461 1.0 1.0 1.0 1.0 1.36 1.0 1.0 1.0 1.0 0.759 1.0 1.0 1.0 1.0 1.0 1.0 1.0 1.0 1.0 1.0 1.0 1.0 1.0 1.0 1.0 1.0 1.0 1.0 1.0 1.0 1.0 1.0 1.0 1.0 1.0 1.0 1.0 1.0 1.0 1.0 1.0 1.0 1.0 1.0 1.0 1.0 1.0 1.0 1.0 1.0 1.0 1.0 1.0 1.0 1.0 1.0 1.0 1.0 1.0 1.0 1.0 1.0 1.0 1.0 1.0 1.0 1.0 1.0 1.0 1.0 1.0 1.0 1.0 1.0 1.0 1.0 1.0 1.0 1.0 1.0 1.0 1.0 1.0 1.0 1.0 1.0 1.0 1.0 1.0 1.0 1.0 1.0 1.0 1.0 1.0 1.0 1.0 1.0 1.0 1.0 1.0 1.0 1.0 1.0 1.0 1.0 1.0 1.0 1.0 1.0 1.0 1.0 1.0 1.0 1.0 1.0 1.0 1.0 1.0 1.0 1.0 1.0 1.0 1.0 1.0 1.0 1.0 1.0 1.0 1.0 1.0 1.0 1.0 1.0 1.0 1.0 1.0 1.0 1.0 1.0 1.0 1.0 1.0 1.0 1.0 1.0 1.0 1.0 1.094 1.028 0.905 1.055 0.911 0.953 0.94 1.087 0.963 0.873 1.161 1.171 0.946 1.093 1.151 0.939 1.036 1.189 1.103 0.916 1.152 1.067 1.191 0.932 0.903 0.962 0.94 0.934 1.115 1.148 1.111 0.914 1.033 0.825 0.877 0.944 0.93 1.02 0.914 1.147 1.046 1.032 1.092 1.158 0.798 1.043 1.091 1.043 0.905 1.114 0.99 1.133 1.084 1.073 1.087 0.878 0.819 1.024 0.983 0.76 1.004 1.061 1.214 0.835 0.793 1.057 1.04 0.77 1.091 0.971 1.092 1.154 0.94 1.128 0.856 1.01 1.226 0.787 1.109 0.863 1.108 1.243 0.956 1.117 1.069 0.809 0.989 0.92 1.119 0.988 0.842 0.766 0.887 0.788 1.042 1.069 0.765 0.766 0.911 1.272 0.863 0.739 1.356 1.071 0.884 1.062 0.97 1.0 0.971 0.922 0.847 0.74 1.0 0.829 0.856 1.019 0.824 1.0 1.08 1.0 0.832 1.199 1.0 1.364 1.0 0.812 0.828 1.0 0.934 1.0 0.827 1.351 1.0 1.046 1.0 0.867 1.006 1.0 0.957 1.0 0.933 0.917 1.0 1.089 1.0 1.06 1.113 1.0 0.797 1.0 0.991 0.916 1.0 0.925 1.0 0.988 0.855 1.0 1.0 1.0 0.828 0.912 1.0 1.0 1.0 1.025 0.748 1.0 1.0 1.0 1.071 0.807 1.0 1.0 1.0 0.969 0.853 1.0 1.0 1.0 0.882 0.819 1.0 1.0 1.0 1.074 0.971 1.0 1.0 1.0 0.91 1.0 1.0 1.0 1.0 1.01 1.0 1.0 1.0 1.0 0.977 1.0 1.0 1.0 1.0 0.959 1.0 1.0 1.0 1.0 0.912 1.0 1.0 1.0 1.0 0.868 1.0 1.0 1.0 1.0 1.298 1.0 1.0 1.0 1.0 1.273 1.0 1.0 1.0 1.0 1.336 1.0 1.0 1.0 1.0 1.072 1.0 1.0 1.0 1.0 0.826 1.0 1.0 1.0 1.0 0.862 1.0 1.0 1.0 1.0 1.394 1.0 1.0 1.0 1.0 0.815 1.0 1.0 1.0 1.0 1.0 1.0 1.0 1.0 1.0 1.0 1.0 1.0 1.0 1.0 1.0 1.0 1.0 1.0 1.0 1.0 1.0 1.0 1.0 1.0 1.0 1.0 1.0 1.0 1.0 1.0 1.0 1.0 1.0 1.0 1.0 1.0 1.0 1.0 1.0 1.0 1.0 1.0 1.0 1.0 1.0 1.0 1.0 1.0 1.0 1.0 1.0 1.0 1.0 1.0 1.0 1.0 1.0 1.0 1.0 1.0 1.0 1.0 1.0 1.0 1.0 1.0 1.0 1.0 1.0 1.0 1.0 1.0 1.0 1.0 1.0 1.0 1.0 1.0 1.0 1.0 1.0 1.0 1.0 1.0 1.0 1.0 1.0 1.0 1.0 1.0 1.0 1.0 1.0 1.0 1.0 1.0 1.0 1.0 1.0 1.0 1.0 1.0 1.0 1.0 1.0 1.0 1.0 1.0 1.0 1.0 1.0 1.0 1.0 1.0 1.0 1.0 1.0 1.0 1.0 1.0 1.0 1.0 1.0 1.0 1.094 1.009 0.905 1.055 1.049 0.911 0.943 1.147 0.98 0.869 0.939 1.03 0.954 0.985 0.962 0.892 1.031 1.109 0.918 1.196 0.93 1.079 0.992 1.05 0.987 1.066 1.105 1.112 0.85 1.059 1.022 1.056 1.109 1.205 0.859 0.812 1.084 1.138 1.206 1.122 1.099 0.91 1.137 1.047 1.162 0.942 0.868 0.849 1.079 1.068 1.122 1.066 1.007 1.028 1.37 1.204 1.151 0.996 1.347 1.394 1.3 1.016 0.975 0.949 1.104 1.128 1.091 1.106 1.288 0.938 1.307 1.179 1.032 1.353 1.296 0.971 1.308 1.107 1.297 0.772 1.347 0.702 1.181 0.913 1.13 1.199 1.145 0.94 1.377 0.823 0.719 1.161 1.079 0.81 1.019 0.992 1.294 1.027 0.781 1.376 1.324 0.744 1.118 0.999 1.377 0.98 0.965 1.082 0.797 0.78 1.22 1.14 1.093 0.81 1.125 1.121 0.863 0.995 1.348 0.892 1.114 0.869 1.008 1.356 0.877 0.968 1.379 0.919 0.816 0.816 1.364 0.829 0.916 1.045 1.385 1.09 0.871 0.993 0.914 1.285 0.951 1.396 0.994 0.832 0.748 0.777 1.0 0.982 0.682 1.0 0.757 1.0 1.003 1.0 1.0 0.769 1.0 0.9 1.0 1.0 0.783 1.0 0.988 1.0 1.0 1.153 1.0 0.996 1.0 1.0 1.445 1.0 1.167 1.0 1.0 0.878 1.0 0.996 1.0 1.0 1.452 1.0 0.899 1.0 1.0 0.937 1.0 0.894 1.0 1.0 0.984 1.0 0.894 1.0 1.0 0.836 1.0 0.895 1.0 1.0 1.0 1.0 0.94 1.0 1.0 1.0 1.0 1.183 1.0 1.0 1.0 1.0 1.125 1.0 1.0 1.0 1.0 1.014 1.0 1.0 1.0 1.0 1.042 1.0 1.0 1.0 1.0 1.045 1.0 1.0 1.0 1.0 1.011 1.0 1.0 1.0 1.0 1.033 1.0 1.0 1.0 1.0 1.018 1.0 1.0 1.0 1.0 0.995 1.0 1.0 1.0 1.0 0.899 1.0 1.0 1.0 1.0 0.949 1.0 1.0 1.0 1.0 0.975 1.0 1.0 1.0 1.0 0.945 1.0 1.0 1.0 1.0 0.993 1.0 1.0 1.0 1.0 1.058 1.0 1.0 1.0 1.0 1.025 1.0 1.0 1.0 1.0 1.043 1.0 1.0 1.0 1.0 0.93 1.0 1.0 1.0 1.0 0.999 1.0 1.0 1.0 1.0 1.042 1.0 1.0 1.0 1.0 1.022 1.0 1.0 1.0 1.0 0.927 1.0 1.0 1.0 1.0 0.894 1.0 1.0 1.0 1.0 0.971 1.0 1.0 1.0 1.0 0.896 1.0 1.0 1.0 1.0 1.057 1.0 1.0 1.0 1.0 0.963 1.0 1.0 1.0 1.0 1.01 1.0 1.0 1.0 1.0 0.983 1.0 1.0 1.0 1.0 1.001 1.0 1.0 1.0 1.0 0.916 1.0 1.0 1.0 1.0 0.883 1.0 1.0 1.0 1.0 0.86 1.0 1.0 1.0 1.0 0.742 1.0 1.0 1.0 1.0 0.851 1.0 1.0 0.97 1.099 0.973 1.091 0.983 1.143 0.942 1.148 0.874 1.071 0.903 1.03 0.959 0.857 1.187 0.935 1.068 1.107 0.887 0.98 0.936 1.059 0.835 0.933 1.008 1.053 1.12 0.895 1.104 0.947 1.033 0.834 0.899 1.173 0.972 0.88 1.028 1.065 1.098 1.135 0.883 1.104 1.128 1.147 0.81 1.217 1.109 1.031 1.123 1.166 1.223 0.794 1.114 0.801 1.236 1.214 0.959 1.109 1.199 1.164 1.158 1.225 0.796 1.179 0.804 0.868 1.107 1.135 1.15 1.027 0.975 1.141 0.944 1.032 1.169 0.898 1.095 0.936 1.21 1.233 1.177 1.134 1.111 0.741 1.005 1.016 1.0 1.253 1.153 1.097 0.917 1.0 0.981 1.098 0.835 0.988 1.0 0.972 0.939 0.84 0.941 1.0 0.833 0.767 1.106 1.065 1.0 0.764 0.983 0.863 1.018 1.0 0.966 1.42 1.018 1.063 1.0 1.001 0.799 1.018 0.866 1.0 0.926 0.773 1.103 0.894 1.0 0.973 0.793 0.799 1.218 1.0 0.945 1.279 0.895 0.967 1.0 1.082 0.97 0.901 0.984 1.0 0.798 0.966 1.02 0.985 1.0 1.005 0.759 0.988 1.105 1.0 0.938 0.953 0.778 0.93 1.0 0.956 0.934 1.0 1.078 1.0 0.772 0.944 1.0 0.969 1.0 0.882 0.945 1.0 0.849 1.0 0.997 0.804 1.0 0.836 1.0 1.0 1.138 1.0 0.88 1.0 1.0 0.919 1.0 0.861 1.0 1.0 0.913 1.0 0.908 1.0 1.0 1.364 1.0 1.077 1.0 1.0 1.32 1.0 0.883 1.0 1.0 0.74 1.0 0.729 1.0 1.0 0.857 1.0 0.868 1.0 1.0 0.854 1.0 0.738 1.0 1.0 1.075 1.0 1.0 1.0 1.0 1.088 1.0 1.0 1.0 1.0 1.016 1.0 1.0 1.0 1.0 0.858 1.0 1.0 1.0 1.0 1.0 1.0 1.0 1.0 1.0 1.0 1.0 1.0 1.0 1.0 1.0 1.0 1.0 1.0 1.0 1.0 1.0 1.0 1.0 1.0 1.0 1.0 1.0 1.0 1.0 1.0 1.0 1.0 1.0 1.0 1.0 1.0 1.0 1.0 1.0 1.0 1.0 1.0 1.0 1.0 1.0 1.0 1.0 1.0 1.0 1.0 1.0 1.0 1.0 1.0 1.0 1.0 1.0 1.0 1.0 1.0 1.0 1.0 1.0 1.0 1.0 1.0 1.0 1.0 1.0 1.0 1.0 1.0 1.0 1.0 1.0 1.0 1.0 1.0 1.0 1.0 1.0 1.0 1.0 1.0 1.0 1.0 1.0 1.0 1.0 1.0 1.0 1.0 1.0 1.0 1.0 1.0 1.0 1.0 1.0 1.0 1.0 1.0 1.0 1.0 1.0 1.0 1.0 1.0 1.0 1.0 1.0 1.0 1.0 1.0 1.0 1.0 1.0 1.0 1.0 1.0 1.0 1.0 1.0 1.0 1.0 1.0 1.0 1.0 1.0 1.0 1.0 1.0 1.0 1.0 1.0 1.0 1.0 1.0 1.0 1.0 1.0 1.0 1.0 1.0 1.0 1.0 0.935 1.028 1.104 0.979 0.983 1.027 1.144 1.082 0.984 1.068 0.937 1.162 0.984 1.036 1.182 0.879 1.033 0.84 0.86 0.998 1.179 1.175 1.116 1.056 1.098 0.876 0.878 0.84 0.784 0.875 0.887 1.057 1.117 1.211 0.89 1.065 0.902 0.907 0.778 1.019 0.848 0.833 1.031 1.067 0.862 1.088 1.068 1.18 0.798 1.009 0.983 1.055 1.04 0.99 1.042 0.823 0.888 0.923 0.805 0.931 1.11 0.849 0.987 1.0 1.163 0.853 1.162 0.992 1.0 1.085 1.03 0.875 1.067 1.0 0.791 0.841 1.092 1.054 1.0 1.026 0.916 0.895 0.923 1.0 0.952 1.134 0.885 1.007 1.0 0.918 0.837 1.078 0.928 1.0 0.791 1.086 1.057 1.006 1.0 0.762 1.103 1.015 0.962 1.0 0.912 1.092 1.056 1.037 1.0 0.911 0.808 0.898 0.994 1.0 0.771 0.886 1.106 0.984 1.0 1.354 0.824 0.835 1.04 1.0 1.018 0.861 1.163 0.982 1.0 0.81 0.838 1.002 1.168 1.0 0.884 0.873 0.824 0.981 1.0 1.0 0.843 0.983 1.036 1.0 1.0 0.921 0.956 0.98 1.0 1.0 1.152 1.019 0.981 1.0 1.0 0.867 0.946 0.874 1.0 1.0 0.876 0.999 0.977 1.0 1.0 0.829 0.992 1.177 1.0 1.0 1.0 0.889 1.182 1.0 1.0 1.0 1.139 1.131 1.0 1.0 1.0 0.88 0.914 1.0 1.0 1.0 0.962 0.971 1.0 1.0 1.0 0.957 0.987 1.0 1.0 1.0 0.953 1.039 1.0 1.0 1.0 0.988 0.897 1.0 1.0 1.0 0.952 0.936 1.0 1.0 1.0 0.954 0.716 1.0 1.0 1.0 0.991 0.949 1.0 1.0 1.0 0.947 0.781 1.0 1.0 1.0 0.902 0.726 1.0 1.0 1.0 0.892 0.856 1.0 1.0 1.0 1.009 0.702 1.0 1.0 1.0 0.987 0.886 1.0 1.0 1.0 1.082 1.0 1.0 1.0 1.0 0.801 1.0 1.0 1.0 1.0 0.764 1.0 1.0 1.0 1.0 1.111 1.0 1.0 1.0 1.0 0.716 1.0 1.0 1.0 1.0 0.72 1.0 1.0 1.0 1.0 0.735 1.0 1.0 1.0 1.0 0.884 1.0 1.0 1.0 1.0 0.87 1.0 1.0 1.0 1.0 0.868 1.0 1.0 1.0 1.0 0.851 1.0 1.0 1.0 1.0 1.0 1.0 1.0 1.0 1.0 1.0 1.0 1.0 1.0 1.0 1.0 1.0 1.0 1.0 1.0 1.0 1.0 1.0 1.0 1.0 1.0 1.0 1.0 1.0 1.0 1.0 1.0 1.0 1.0 1.0 1.0 1.0 1.0 1.0 1.0 1.0 1.0 1.0 1.0 1.0 1.0 1.0 1.0 1.0 1.0 1.0 1.0 1.0 1.0 1.0 1.0 1.0 1.0 1.0 1.0 1.0 1.0 1.0 1.0 1.0 1.0 1.0 1.0 1.0 1.0 1.0 1.0 1.0 1.0 1.0 1.0 1.0 1.0 1.0 1.0 1.0 1.0 1.0 1.0 1.094 1.099 0.982 1.055 0.911 0.953 1.148 1.162 1.082 1.143 1.158 1.036 0.976 1.101 1.154 0.897 0.924 0.958 0.838 0.89 1.039 1.037 1.099 0.921 1.034 0.91 1.145 0.92 1.185 0.874 1.094 0.767 1.005 0.831 1.056 0.905 1.087 0.889 1.033 1.025 1.029 1.131 1.091 0.98 1.186 1.067 1.158 1.08 1.162 0.78 0.858 1.076 1.022 1.083 1.087 1.106 0.776 1.012 1.078 1.272 1.035 1.127 1.071 1.179 1.006 1.032 0.781 1.09 1.016 1.069 1.108 1.188 0.763 0.863 0.787 1.12 1.1 0.761 1.124 0.781 1.079 1.007 1.287 1.297 1.0 1.158 0.753 1.302 1.136 1.0 1.136 1.174 0.993 0.739 1.0 1.135 0.965 1.131 1.105 1.0 0.983 0.859 1.146 0.739 1.0 0.967 1.169 0.965 1.003 1.0 0.967 0.973 0.97 0.997 1.0 0.999 1.202 1.339 0.882 1.0 1.017 1.195 0.921 1.091 1.0 1.148 0.996 0.748 0.999 1.0 1.119 1.201 1.176 0.945 1.0 1.101 0.852 0.756 0.785 1.0 0.978 1.213 1.256 0.841 1.0 1.223 0.718 1.239 0.733 1.0 1.207 0.829 1.293 0.835 1.0 0.725 1.009 0.974 0.998 1.0 0.727 1.187 1.283 0.839 1.0 0.726 1.331 0.74 1.0 1.0 0.73 0.739 0.902 1.0 1.0 0.879 0.831 1.0 1.0 1.0 0.88 0.905 1.0 1.0 1.0 0.872 0.923 1.0 1.0 1.0 1.041 0.75 1.0 1.0 1.0 0.915 0.823 1.0 1.0 1.0 1.057 0.875 1.0 1.0 1.0 1.071 1.0 1.0 1.0 1.0 0.832 1.0 1.0 1.0 1.0 1.374 1.0 1.0 1.0 1.0 0.84 1.0 1.0 1.0 1.0 0.959 1.0 1.0 1.0 1.0 1.182 1.0 1.0 1.0 1.0 0.935 1.0 1.0 1.0 1.0 0.889 1.0 1.0 1.0 1.0 1.0 1.0 1.0 1.0 1.0 1.0 1.0 1.0 1.0 1.0 1.0 1.0 1.0 1.0 1.0 1.0 1.0 1.0 1.0 1.0 1.0 1.0 1.0 1.0 1.0 1.0 1.0 1.0 1.0 1.0 1.0 1.0 1.0 1.0 1.0 1.0 1.0 1.0 1.0 1.0 1.0 1.0 1.0 1.0 1.0 1.0 1.0 1.0 1.0 1.0 1.0 1.0 1.0 1.0 1.0 1.0 1.0 1.0 1.0 1.0 1.0 1.0 1.0 1.0 1.0 1.0 1.0 1.0 1.0 1.0 1.0 1.0 1.0 1.0 1.0 1.0 1.0 1.0 1.0 1.0 1.0 1.0 1.0 1.0 1.0 1.0 1.0 1.0 1.0 1.0 1.0 1.0 1.0 1.0 1.0 1.0 1.0 1.0 1.0 1.0 1.0 1.0 1.0 1.0 1.0 1.0 1.0 1.0 1.0 1.0 1.0 1.0 1.0 1.0 1.0 1.0 1.0 1.0 1.0 1.0 1.0 1.0 1.0 1.0 1.0 1.0 1.0 1.0 1.0 1.0 1.0 1.0 1.0 1.0 1.0 0.935 1.009 1.104 1.055 0.911 1.14 0.941 1.084 0.872 1.149 1.012 0.867 0.952 1.147 1.091 0.954 0.862 1.101 0.851 0.953 1.08 1.157 1.105 1.017 0.908 1.074 1.044 0.832 1.046 1.129 1.071 0.872 1.111 1.095 0.959 1.103 0.932 0.832 1.026 1.151 0.924 0.977 1.011 1.164 1.042 0.882 0.933 0.922 1.007 1.053 1.117 1.096 0.934 1.124 1.03 1.068 0.995 1.006 0.983 0.829 0.858 1.09 1.032 1.033 1.064 1.104 0.866 0.889 0.99 1.165 0.852 1.085 0.936 1.033 0.763 1.101 1.101 1.006 1.0 1.261 0.821 1.062 1.054 1.0 1.083 0.826 1.067 0.855 1.0 1.117 1.047 1.021 1.055 1.0 1.372 0.896 0.895 0.982 1.0 0.818 1.03 0.79 1.073 1.0 0.979 1.015 0.791 1.004 1.0 1.031 1.056 1.0 0.836 1.0 1.03 1.151 0.822 1.243 1.0 1.435 0.852 0.906 1.008 1.0 1.064 0.986 1.03 1.24 1.0 0.76 1.153 0.811 0.935 1.0 1.441 0.972 0.935 1.255 1.0 1.046 1.04 1.075 0.806 1.0 0.939 0.897 1.196 0.837 1.0 1.051 1.291 0.969 0.826 1.0 0.808 1.02 1.173 1.007 1.0 0.931 1.0 1.279 1.3 1.0 1.074 1.0 1.307 0.794 1.0 0.954 1.0 0.962 0.928 1.0 0.736 1.0 1.003 0.791 1.0 0.901 1.0 0.796 0.779 1.0 0.972 1.0 0.781 0.783 1.0 1.018 1.0 0.81 1.355 1.0 1.518 1.0 1.0 0.793 1.0 0.864 1.0 1.0 0.779 1.0 1.0 1.0 1.0 1.14 1.0 1.0 1.0 1.0 0.823 1.0 1.0 1.0 1.0 1.0 1.0 1.0 1.0 1.0 1.485 1.0 1.0 1.0 1.0 1.0 1.0 1.0 1.0 1.0 1.0 1.0 1.0 1.0 1.0 1.0 1.0 1.0 1.0 1.0 1.0 1.0 1.0 1.0 1.0 1.0 1.0 1.0 1.0 1.0 1.0 1.0 1.0 1.0 1.0 1.0 1.0 1.0 1.0 1.0 1.0 1.0 1.0 1.0 1.0 1.0 1.0 1.0 1.0 1.0 1.0 1.0 1.0 1.0 1.0 1.0 1.0 1.0 1.0 1.0 1.0 1.0 1.0 1.0 1.0 1.0 1.0 1.0 1.0 1.0 1.0 1.0 1.0 1.0 1.0 1.0 1.0 1.0 1.0 1.0 1.0 1.0 1.0 1.0 1.0 1.0 1.0 1.0 1.0 1.0 1.0 1.0 1.0 1.0 1.0 1.0 1.0 1.0 1.0 1.0 1.0 1.0 1.0 1.0 1.0 1.0 1.0 1.0 1.0 1.0 1.0 1.0 1.0 1.0 1.0 1.0 1.0 1.0 1.0 1.0 1.0 1.0 1.0 1.0 1.0 1.0 1.0 1.0 1.0 1.0 1.0 1.0 1.0 1.0 1.0 1.0 1.0 1.0 1.0 1.0 1.0 1.0 1.0 1.0 1.0 1.0 1.0 1.0 1.0 1.0 1.0 1.0 1.0 1.0 1.0 1.0 1.0 1.0,1.5179363,0.51793635,0.6821967,0.3,0.38953661918640137,0.0003,5,2.3874257
25,0.12440164387226105,0.99718016,1.017 1.029 0.972 0.979 0.972 0.948 1.15 1.091 0.866 0.863 1.035 1.172 0.953 1.1 1.01 1.175 0.84 0.812 0.928 0.925 1.035 1.079 0.935 1.202 1.077 1.029 0.838 1.173 1.029 1.172 1.062 0.837 1.045 0.876 1.208 0.93 0.884 1.16 1.042 1.091 1.07 1.08 1.02 0.818 0.742 0.986 0.839 1.06 1.159 0.927 1.112 0.84 1.062 1.168 0.787 0.94 1.066 1.057 1.041 1.0 0.902 0.885 0.836 1.096 1.0 1.138 1.093 0.793 0.862 1.0 1.026 1.101 1.026 1.071 1.0 1.118 1.228 1.079 1.077 1.0 1.327 0.893 1.317 1.024 1.0 1.31 0.886 1.104 0.74 1.0 1.037 0.827 1.018 1.041 1.0 0.996 0.888 0.795 0.843 1.0 1.18 0.821 0.877 1.084 1.0 0.975 1.089 1.0 0.835 1.0 0.813 0.836 1.0 0.797 1.0 0.809 1.049 1.0 0.807 1.0 0.735 0.989 1.0 0.819 1.0 1.001 0.992 1.0 0.819 1.0 0.82 1.149 1.0 0.816 1.0 0.982 0.952 1.0 1.036 1.0 1.112 0.993 1.0 1.096 1.0 0.691 0.766 1.0 0.982 1.0 0.685 1.141 1.0 0.844 1.0 1.073 1.084 1.0 1.003 1.0 1.509 1.091 1.0 0.97 1.0 1.0 0.96 1.0 0.978 1.0 1.0 0.939 1.0 0.835 1.0 1.0 0.974 1.0 1.097 1.0 1.0 0.884 1.0 0.822 1.0 1.0 0.761 1.0 0.857 1.0 1.0 1.077 1.0 1.0 1.0 1.0 1.422 1.0 1.0 1.0 1.0 0.967 1.0 1.0 1.0 1.0 0.844 1.0 1.0 1.0 1.0 0.848 1.0 1.0 1.0 1.0 0.852 1.0 1.0 1.0 1.0 0.897 1.0 1.0 1.0 1.0 0.831 1.0 1.0 1.0 1.0 1.0 1.0 1.0 1.0 1.0 1.0 1.0 1.0 1.0 1.0 1.0 1.0 1.0 1.0 1.0 1.0 1.0 1.0 1.0 1.0 1.0 1.0 1.0 1.0 1.0 1.0 1.0 1.0 1.0 1.0 1.0 1.0 1.0 1.0 1.0 1.0 1.0 1.0 1.0 1.0 1.0 1.0 1.0 1.0 1.0 1.0 1.0 1.0 1.0 1.0 1.0 1.0 1.0 1.0 1.0 1.0 1.0 1.0 1.0 1.0 1.0 1.0 1.0 1.0 1.0 1.0 1.0 1.0 1.0 1.0 1.0 1.0 1.0 1.0 1.0 1.0 1.0 1.0 1.0 1.0 1.0 1.0 1.0 1.0 1.0 1.0 1.0 1.0 1.0 1.0 1.0 1.0 1.0 1.0 1.0 1.0 1.0 1.0 1.0 1.0 1.0 1.0 1.0 1.0 1.0 1.0 1.0 1.0 1.0 1.0 1.0 1.0 1.0 1.0 1.0 1.0 1.0 1.0 1.0 1.0 1.0 1.0 1.0 1.0 1.0 1.0 1.0 1.0 1.0 1.0 1.0 1.0 1.0 1.0 1.0 1.0 1.0 1.0 1.0 1.0 1.0 1.0 1.0 1.0 1.0 1.0 1.0 1.0 1.0 0.997 0.962 1.059 0.979 0.972 1.151 0.938 0.953 0.872 0.973 1.018 1.04 0.993 0.855 1.107 1.058 0.862 0.93 0.847 1.011 0.987 1.05 1.0 0.898 0.889 1.121 0.882 1.127 1.052 0.831 0.797 1.137 0.921 1.048 0.842 1.123 1.093 1.046 1.157 0.839 0.796 0.854 1.124 0.761 1.204 0.795 1.009 1.034 0.807 1.212 0.802 0.86 0.847 0.863 0.764 1.119 0.865 0.924 1.111 0.768 1.231 0.981 1.086 0.738 0.949 0.986 1.064 1.131 0.764 1.221 0.947 1.034 1.075 1.249 0.777 1.0 1.004 1.026 0.723 1.213 0.961 0.987 0.826 0.732 0.784 1.0 1.07 1.066 0.998 0.799 1.0 1.014 0.817 0.748 1.119 1.0 1.022 1.285 0.936 0.986 1.0 0.918 0.751 0.744 0.779 1.0 0.926 0.967 0.917 1.0 1.0 1.065 0.962 0.968 1.0 1.0 0.905 0.886 0.963 1.0 1.0 1.131 0.828 0.924 1.0 1.0 1.036 0.788 0.763 1.0 1.0 1.156 0.715 1.157 1.0 1.0 0.949 0.887 0.871 1.0 1.0 0.921 1.173 0.781 1.0 1.0 0.956 0.976 1.0 1.0 1.0 1.113 0.787 1.0 1.0 1.0 0.895 0.693 1.0 1.0 1.0 0.869 0.777 1.0 1.0 1.0 0.95 1.443 1.0 1.0 1.0 0.849 1.0 1.0 1.0 1.0 0.845 1.0 1.0 1.0 1.0 0.943 1.0 1.0 1.0 1.0 1.038 1.0 1.0 1.0 1.0 0.944 1.0 1.0 1.0 1.0 1.003 1.0 1.0 1.0 1.0 1.012 1.0 1.0 1.0 1.0 0.767 1.0 1.0 1.0 1.0 1.006 1.0 1.0 1.0 1.0 0.969 1.0 1.0 1.0 1.0 1.169 1.0 1.0 1.0 1.0 0.8 1.0 1.0 1.0 1.0 1.472 1.0 1.0 1.0 1.0 1.379 1.0 1.0 1.0 1.0 0.747 1.0 1.0 1.0 1.0 1.0 1.0 1.0 1.0 1.0 1.0 1.0 1.0 1.0 1.0 1.0 1.0 1.0 1.0 1.0 1.0 1.0 1.0 1.0 1.0 1.0 1.0 1.0 1.0 1.0 1.0 1.0 1.0 1.0 1.0 1.0 1.0 1.0 1.0 1.0 1.0 1.0 1.0 1.0 1.0 1.0 1.0 1.0 1.0 1.0 1.0 1.0 1.0 1.0 1.0 1.0 1.0 1.0 1.0 1.0 1.0 1.0 1.0 1.0 1.0 1.0 1.0 1.0 1.0 1.0 1.0 1.0 1.0 1.0 1.0 1.0 1.0 1.0 1.0 1.0 1.0 1.0 1.0 1.0 1.0 1.0 1.0 1.0 1.0 1.0 1.0 1.0 1.0 1.0 1.0 1.0 1.0 1.0 1.0 1.0 1.0 1.0 1.0 1.0 1.0 1.0 1.0 1.0 1.0 1.0 1.0 1.0 1.0 1.0 1.0 1.0 1.0 1.0 1.0 1.0 1.0 1.0 1.0 1.0 1.0 1.0 1.0 1.0 1.0 1.0 1.0 1.0 1.0 1.0 1.0 1.0 1.0 1.0 1.0 1.1 1.029 0.901 1.057 0.907 0.951 0.938 1.089 0.961 0.867 1.171 1.181 0.943 1.096 1.16 0.936 1.037 1.199 1.107 0.913 1.161 1.07 1.201 0.929 0.899 0.961 0.938 0.931 1.119 1.156 1.118 0.91 1.034 0.818 0.871 0.942 0.926 1.021 0.91 1.156 1.049 1.034 1.098 1.168 0.788 1.044 1.096 1.05 0.901 1.121 0.99 1.141 1.087 1.076 1.096 0.872 0.812 1.032 0.982 0.75 1.005 1.066 1.221 0.827 0.786 1.06 1.043 0.762 1.096 0.971 1.099 1.168 0.938 1.137 0.849 1.01 1.218 0.779 1.115 0.857 1.113 1.235 0.956 1.124 1.078 0.8 0.99 0.923 1.125 0.989 0.835 0.756 0.885 0.78 1.05 1.071 0.756 0.757 0.907 1.283 0.856 0.728 1.371 1.077 0.881 1.064 0.97 1.0 0.971 0.921 0.84 0.73 1.0 0.821 0.851 1.019 0.817 1.0 1.086 1.0 0.824 1.215 1.0 1.37 1.0 0.803 0.82 1.0 0.931 1.0 0.819 1.351 1.0 1.049 1.0 0.861 1.009 1.0 0.955 1.0 0.93 0.915 1.0 1.099 1.0 1.062 1.12 1.0 0.788 1.0 0.99 0.913 1.0 0.923 1.0 0.988 0.849 1.0 1.0 1.0 0.821 0.91 1.0 1.0 1.0 1.026 0.738 1.0 1.0 1.0 1.074 0.798 1.0 1.0 1.0 0.968 0.846 1.0 1.0 1.0 0.876 0.81 1.0 1.0 1.0 1.077 0.972 1.0 1.0 1.0 0.905 1.0 1.0 1.0 1.0 1.011 1.0 1.0 1.0 1.0 0.976 1.0 1.0 1.0 1.0 0.957 1.0 1.0 1.0 1.0 0.909 1.0 1.0 1.0 1.0 0.861 1.0 1.0 1.0 1.0 1.311 1.0 1.0 1.0 1.0 1.286 1.0 1.0 1.0 1.0 1.343 1.0 1.0 1.0 1.0 1.079 1.0 1.0 1.0 1.0 0.818 1.0 1.0 1.0 1.0 0.857 1.0 1.0 1.0 1.0 1.405 1.0 1.0 1.0 1.0 0.808 1.0 1.0 1.0 1.0 1.0 1.0 1.0 1.0 1.0 1.0 1.0 1.0 1.0 1.0 1.0 1.0 1.0 1.0 1.0 1.0 1.0 1.0 1.0 1.0 1.0 1.0 1.0 1.0 1.0 1.0 1.0 1.0 1.0 1.0 1.0 1.0 1.0 1.0 1.0 1.0 1.0 1.0 1.0 1.0 1.0 1.0 1.0 1.0 1.0 1.0 1.0 1.0 1.0 1.0 1.0 1.0 1.0 1.0 1.0 1.0 1.0 1.0 1.0 1.0 1.0 1.0 1.0 1.0 1.0 1.0 1.0 1.0 1.0 1.0 1.0 1.0 1.0 1.0 1.0 1.0 1.0 1.0 1.0 1.0 1.0 1.0 1.0 1.0 1.0 1.0 1.0 1.0 1.0 1.0 1.0 1.0 1.0 1.0 1.0 1.0 1.0 1.0 1.0 1.0 1.0 1.0 1.0 1.0 1.0 1.0 1.0 1.0 1.0 1.0 1.0 1.0 1.0 1.0 1.0 1.0 1.0 1.0 1.0 1.0 1.1 1.009 0.901 1.057 1.05 0.907 0.94 1.156 0.979 0.863 0.936 1.03 0.951 0.984 0.961 0.886 1.031 1.113 0.914 1.207 0.926 1.084 0.99 1.052 0.987 1.069 1.11 1.116 0.843 1.061 1.023 1.057 1.112 1.217 0.852 0.803 1.086 1.146 1.218 1.127 1.102 0.905 1.144 1.049 1.174 0.937 0.864 0.842 1.084 1.073 1.131 1.073 1.007 1.033 1.367 1.224 1.155 0.996 1.342 1.392 1.289 1.022 0.972 0.951 1.11 1.139 1.101 1.111 1.299 0.937 1.296 1.199 1.033 1.349 1.308 0.971 1.3 1.112 1.309 0.765 1.338 0.692 1.183 0.912 1.137 1.219 1.163 0.937 1.373 0.816 0.708 1.168 1.085 0.803 1.025 0.996 1.286 1.028 0.773 1.372 1.318 0.736 1.124 1.005 1.373 0.98 0.967 1.086 0.79 0.773 1.241 1.156 1.098 0.802 1.134 1.13 0.858 0.996 1.346 0.889 1.123 0.864 1.008 1.354 0.874 0.97 1.378 0.915 0.808 0.808 1.361 0.822 0.912 1.054 1.384 1.098 0.866 0.993 0.915 1.298 0.95 1.397 0.994 0.826 0.74 0.767 1.0 0.981 0.671 1.0 0.746 1.0 1.002 1.0 1.0 0.759 1.0 0.896 1.0 1.0 0.773 1.0 0.987 1.0 1.0 1.166 1.0 0.996 1.0 1.0 1.458 1.0 1.175 1.0 1.0 0.873 1.0 0.995 1.0 1.0 1.466 1.0 0.895 1.0 1.0 0.935 1.0 0.89 1.0 1.0 0.984 1.0 0.89 1.0 1.0 0.828 1.0 0.89 1.0 1.0 1.0 1.0 0.938 1.0 1.0 1.0 1.0 1.192 1.0 1.0 1.0 1.0 1.131 1.0 1.0 1.0 1.0 1.014 1.0 1.0 1.0 1.0 1.045 1.0 1.0 1.0 1.0 1.048 1.0 1.0 1.0 1.0 1.012 1.0 1.0 1.0 1.0 1.035 1.0 1.0 1.0 1.0 1.019 1.0 1.0 1.0 1.0 0.994 1.0 1.0 1.0 1.0 0.893 1.0 1.0 1.0 1.0 0.946 1.0 1.0 1.0 1.0 0.974 1.0 1.0 1.0 1.0 0.942 1.0 1.0 1.0 1.0 0.993 1.0 1.0 1.0 1.0 1.061 1.0 1.0 1.0 1.0 1.026 1.0 1.0 1.0 1.0 1.045 1.0 1.0 1.0 1.0 0.926 1.0 1.0 1.0 1.0 1.0 1.0 1.0 1.0 1.0 1.044 1.0 1.0 1.0 1.0 1.024 1.0 1.0 1.0 1.0 0.924 1.0 1.0 1.0 1.0 0.89 1.0 1.0 1.0 1.0 0.97 1.0 1.0 1.0 1.0 0.891 1.0 1.0 1.0 1.0 1.061 1.0 1.0 1.0 1.0 0.962 1.0 1.0 1.0 1.0 1.01 1.0 1.0 1.0 1.0 0.982 1.0 1.0 1.0 1.0 1.0 1.0 1.0 1.0 1.0 0.911 1.0 1.0 1.0 1.0 0.876 1.0 1.0 1.0 1.0 0.854 1.0 1.0 1.0 1.0 0.729 1.0 1.0 1.0 1.0 0.845 1.0 1.0 0.969 1.105 0.972 1.097 0.982 1.151 0.94 1.157 0.868 1.073 0.898 1.03 0.957 0.851 1.198 0.932 1.072 1.11 0.881 0.978 0.932 1.061 0.828 0.93 1.008 1.056 1.129 0.89 1.109 0.944 1.034 0.826 0.894 1.182 0.971 0.874 1.031 1.068 1.101 1.146 0.877 1.116 1.134 1.155 0.804 1.231 1.114 1.032 1.13 1.179 1.237 0.787 1.12 0.791 1.232 1.212 0.961 1.116 1.198 1.177 1.171 1.232 0.788 1.191 0.798 0.863 1.12 1.144 1.162 1.029 0.974 1.148 0.942 1.034 1.181 0.892 1.107 0.932 1.225 1.229 1.188 1.141 1.118 0.731 1.006 1.016 1.0 1.255 1.166 1.105 0.913 1.0 0.981 1.107 0.828 0.988 1.0 0.972 0.937 0.833 0.939 1.0 0.826 0.758 1.116 1.068 1.0 0.755 0.986 0.856 1.018 1.0 0.965 1.437 1.021 1.067 1.0 1.003 0.789 1.022 0.861 1.0 0.922 0.763 1.112 0.891 1.0 0.973 0.784 0.791 1.226 1.0 0.941 1.288 0.89 0.966 1.0 1.088 0.971 0.896 0.984 1.0 0.789 0.967 1.022 0.985 1.0 1.006 0.751 0.988 1.11 1.0 0.935 0.953 0.769 0.929 1.0 0.953 0.934 1.0 1.083 1.0 0.763 0.943 1.0 0.969 1.0 0.877 0.943 1.0 0.843 1.0 0.998 0.795 1.0 0.828 1.0 1.0 1.144 1.0 0.876 1.0 1.0 0.915 1.0 0.854 1.0 1.0 0.911 1.0 0.905 1.0 1.0 1.368 1.0 1.081 1.0 1.0 1.336 1.0 0.878 1.0 1.0 0.73 1.0 0.717 1.0 1.0 0.852 1.0 0.863 1.0 1.0 0.849 1.0 0.727 1.0 1.0 1.079 1.0 1.0 1.0 1.0 1.092 1.0 1.0 1.0 1.0 1.02 1.0 1.0 1.0 1.0 0.852 1.0 1.0 1.0 1.0 1.0 1.0 1.0 1.0 1.0 1.0 1.0 1.0 1.0 1.0 1.0 1.0 1.0 1.0 1.0 1.0 1.0 1.0 1.0 1.0 1.0 1.0 1.0 1.0 1.0 1.0 1.0 1.0 1.0 1.0 1.0 1.0 1.0 1.0 1.0 1.0 1.0 1.0 1.0 1.0 1.0 1.0 1.0 1.0 1.0 1.0 1.0 1.0 1.0 1.0 1.0 1.0 1.0 1.0 1.0 1.0 1.0 1.0 1.0 1.0 1.0 1.0 1.0 1.0 1.0 1.0 1.0 1.0 1.0 1.0 1.0 1.0 1.0 1.0 1.0 1.0 1.0 1.0 1.0 1.0 1.0 1.0 1.0 1.0 1.0 1.0 1.0 1.0 1.0 1.0 1.0 1.0 1.0 1.0 1.0 1.0 1.0 1.0 1.0 1.0 1.0 1.0 1.0 1.0 1.0 1.0 1.0 1.0 1.0 1.0 1.0 1.0 1.0 1.0 1.0 1.0 1.0 1.0 1.0 1.0 1.0 1.0 1.0 1.0 1.0 1.0 1.0 1.0 1.0 1.0 1.0 1.0 1.0 1.0 1.0 1.0 1.0 1.0 1.0 1.0 1.0 1.0 0.932 1.029 1.109 0.978 0.982 1.027 1.153 1.085 0.982 1.07 0.934 1.172 0.982 1.037 1.192 0.873 1.033 0.833 0.854 0.996 1.19 1.185 1.119 1.058 1.101 0.87 0.872 0.833 0.774 0.869 0.882 1.058 1.121 1.201 0.885 1.068 0.897 0.903 0.77 1.02 0.842 0.826 1.032 1.074 0.855 1.093 1.07 1.19 0.791 1.009 0.982 1.057 1.041 0.991 1.043 0.815 0.883 0.919 0.797 0.926 1.115 0.842 0.986 1.0 1.172 0.846 1.171 0.992 1.0 1.089 1.032 0.869 1.07 1.0 0.783 0.833 1.096 1.057 1.0 1.03 0.914 0.891 0.919 1.0 0.953 1.143 0.881 1.007 1.0 0.916 0.83 1.083 0.925 1.0 0.781 1.092 1.061 1.006 1.0 0.752 1.113 1.015 0.96 1.0 0.91 1.097 1.059 1.038 1.0 0.908 0.799 0.893 0.993 1.0 0.762 0.883 1.11 0.984 1.0 1.356 0.816 0.827 1.041 1.0 1.024 0.855 1.171 0.981 1.0 0.801 0.83 1.002 1.178 1.0 0.88 0.867 0.816 0.98 1.0 1.0 0.835 0.982 1.037 1.0 1.0 0.92 0.954 0.978 1.0 1.0 1.163 1.021 0.979 1.0 1.0 0.862 0.943 0.868 1.0 1.0 0.873 0.999 0.976 1.0 1.0 0.821 0.992 1.188 1.0 1.0 1.0 0.883 1.193 1.0 1.0 1.0 1.148 1.138 1.0 1.0 1.0 0.873 0.91 1.0 1.0 1.0 0.959 0.969 1.0 1.0 1.0 0.954 0.987 1.0 1.0 1.0 0.95 1.041 1.0 1.0 1.0 0.986 0.891 1.0 1.0 1.0 0.949 0.933 1.0 1.0 1.0 0.951 0.704 1.0 1.0 1.0 0.991 0.947 1.0 1.0 1.0 0.944 0.771 1.0 1.0 1.0 0.898 0.714 1.0 1.0 1.0 0.887 0.851 1.0 1.0 1.0 1.01 0.689 1.0 1.0 1.0 0.984 0.882 1.0 1.0 1.0 1.087 1.0 1.0 1.0 1.0 0.792 1.0 1.0 1.0 1.0 0.753 1.0 1.0 1.0 1.0 1.119 1.0 1.0 1.0 1.0 0.704 1.0 1.0 1.0 1.0 0.708 1.0 1.0 1.0 1.0 0.724 1.0 1.0 1.0 1.0 0.88 1.0 1.0 1.0 1.0 0.865 1.0 1.0 1.0 1.0 0.863 1.0 1.0 1.0 1.0 0.845 1.0 1.0 1.0 1.0 1.0 1.0 1.0 1.0 1.0 1.0 1.0 1.0 1.0 1.0 1.0 1.0 1.0 1.0 1.0 1.0 1.0 1.0 1.0 1.0 1.0 1.0 1.0 1.0 1.0 1.0 1.0 1.0 1.0 1.0 1.0 1.0 1.0 1.0 1.0 1.0 1.0 1.0 1.0 1.0 1.0 1.0 1.0 1.0 1.0 1.0 1.0 1.0 1.0 1.0 1.0 1.0 1.0 1.0 1.0 1.0 1.0 1.0 1.0 1.0 1.0 1.0 1.0 1.0 1.0 1.0 1.0 1.0 1.0 1.0 1.0 1.0 1.0 1.0 1.0 1.0 1.0 1.0 1.0 1.1 1.105 0.981 1.057 0.907 0.951 1.157 1.17 1.085 1.152 1.168 1.036 0.975 1.105 1.163 0.892 0.92 0.955 0.831 0.884 1.041 1.038 1.104 0.918 1.036 0.906 1.153 0.916 1.195 0.868 1.1 0.756 1.005 0.824 1.058 0.901 1.091 0.883 1.034 1.026 1.029 1.141 1.094 0.979 1.192 1.071 1.172 1.085 1.171 0.773 0.852 1.08 1.026 1.087 1.096 1.112 0.764 1.014 1.084 1.282 1.036 1.136 1.078 1.191 1.013 1.033 0.77 1.098 1.018 1.077 1.114 1.2 0.755 0.857 0.78 1.127 1.108 0.753 1.133 0.774 1.082 1.008 1.297 1.293 1.0 1.166 0.741 1.314 1.146 1.0 1.145 1.186 0.997 0.729 1.0 1.132 0.963 1.137 1.114 1.0 0.983 0.853 1.154 0.729 1.0 0.964 1.181 0.964 1.007 1.0 0.966 0.971 0.968 1.005 1.0 1.0 1.214 1.354 0.879 1.0 1.016 1.207 0.919 1.096 1.0 1.156 0.998 0.737 1.006 1.0 1.124 1.214 1.185 0.946 1.0 1.107 0.847 0.747 0.777 1.0 0.979 1.226 1.268 0.834 1.0 1.224 0.706 1.25 0.723 1.0 1.208 0.823 1.291 0.828 1.0 0.715 1.013 0.977 1.001 1.0 0.716 1.205 1.295 0.832 1.0 0.716 1.327 0.731 1.0 1.0 0.72 0.727 0.898 1.0 1.0 0.872 0.824 1.0 1.0 1.0 0.873 0.903 1.0 1.0 1.0 0.865 0.921 1.0 1.0 1.0 1.043 0.74 1.0 1.0 1.0 0.909 0.815 1.0 1.0 1.0 1.061 0.868 1.0 1.0 1.0 1.075 1.0 1.0 1.0 1.0 0.825 1.0 1.0 1.0 1.0 1.383 1.0 1.0 1.0 1.0 0.832 1.0 1.0 1.0 1.0 0.958 1.0 1.0 1.0 1.0 1.194 1.0 1.0 1.0 1.0 0.934 1.0 1.0 1.0 1.0 0.886 1.0 1.0 1.0 1.0 1.0 1.0 1.0 1.0 1.0 1.0 1.0 1.0 1.0 1.0 1.0 1.0 1.0 1.0 1.0 1.0 1.0 1.0 1.0 1.0 1.0 1.0 1.0 1.0 1.0 1.0 1.0 1.0 1.0 1.0 1.0 1.0 1.0 1.0 1.0 1.0 1.0 1.0 1.0 1.0 1.0 1.0 1.0 1.0 1.0 1.0 1.0 1.0 1.0 1.0 1.0 1.0 1.0 1.0 1.0 1.0 1.0 1.0 1.0 1.0 1.0 1.0 1.0 1.0 1.0 1.0 1.0 1.0 1.0 1.0 1.0 1.0 1.0 1.0 1.0 1.0 1.0 1.0 1.0 1.0 1.0 1.0 1.0 1.0 1.0 1.0 1.0 1.0 1.0 1.0 1.0 1.0 1.0 1.0 1.0 1.0 1.0 1.0 1.0 1.0 1.0 1.0 1.0 1.0 1.0 1.0 1.0 1.0 1.0 1.0 1.0 1.0 1.0 1.0 1.0 1.0 1.0 1.0 1.0 1.0 1.0 1.0 1.0 1.0 1.0 1.0 1.0 1.0 1.0 1.0 1.0 1.0 1.0 1.0 1.0 0.932 1.009 1.109 1.057 0.907 1.148 0.939 1.086 0.866 1.157 1.011 0.86 0.95 1.156 1.094 0.951 0.855 1.105 0.845 0.951 1.084 1.167 1.108 1.017 0.904 1.078 1.045 0.824 1.048 1.135 1.075 0.867 1.114 1.102 0.957 1.107 0.928 0.825 1.03 1.159 0.92 0.975 1.011 1.18 1.044 0.876 0.93 0.918 1.011 1.055 1.122 1.102 0.931 1.139 1.031 1.072 0.995 1.006 0.986 0.819 0.851 1.094 1.033 1.039 1.069 1.108 0.86 0.885 0.991 1.178 0.845 1.088 0.933 1.036 0.753 1.105 1.106 1.006 1.0 1.258 0.814 1.065 1.057 1.0 1.09 0.819 1.071 0.849 1.0 1.127 1.052 1.025 1.061 1.0 1.372 0.892 0.89 0.981 1.0 0.81 1.032 0.781 1.077 1.0 0.979 1.016 0.782 1.005 1.0 1.04 1.061 1.001 0.829 1.0 1.038 1.165 0.814 1.243 1.0 1.439 0.846 0.902 1.014 1.0 1.07 0.986 1.033 1.25 1.0 0.751 1.166 0.803 0.934 1.0 1.447 0.972 0.931 1.266 1.0 1.051 1.044 1.08 0.799 1.0 0.937 0.892 1.195 0.829 1.0 1.061 1.291 0.968 0.819 1.0 0.8 1.023 1.187 1.012 1.0 0.929 1.0 1.282 1.302 1.0 1.084 1.0 1.311 0.785 1.0 0.954 1.0 0.961 0.925 1.0 0.725 1.0 1.004 0.782 1.0 0.899 1.0 0.788 0.769 1.0 0.971 1.0 0.773 0.774 1.0 1.02 1.0 0.802 1.373 1.0 1.532 1.0 1.0 0.784 1.0 0.86 1.0 1.0 0.769 1.0 1.001 1.0 1.0 1.148 1.0 1.0 1.0 1.0 0.816 1.0 1.0 1.0 1.0 1.003 1.0 1.0 1.0 1.0 1.498 1.0 1.0 1.0 1.0 1.0 1.0 1.0 1.0 1.0 1.0 1.0 1.0 1.0 1.0 1.0 1.0 1.0 1.0 1.0 1.0 1.0 1.0 1.0 1.0 1.0 1.0 1.0 1.0 1.0 1.0 1.0 1.0 1.0 1.0 1.0 1.0 1.0 1.0 1.0 1.0 1.0 1.0 1.0 1.0 1.0 1.0 1.0 1.0 1.0 1.0 1.0 1.0 1.0 1.0 1.0 1.0 1.0 1.0 1.0 1.0 1.0 1.0 1.0 1.0 1.0 1.0 1.0 1.0 1.0 1.0 1.0 1.0 1.0 1.0 1.0 1.0 1.0 1.0 1.0 1.0 1.0 1.0 1.0 1.0 1.0 1.0 1.0 1.0 1.0 1.0 1.0 1.0 1.0 1.0 1.0 1.0 1.0 1.0 1.0 1.0 1.0 1.0 1.0 1.0 1.0 1.0 1.0 1.0 1.0 1.0 1.0 1.0 1.0 1.0 1.0 1.0 1.0 1.0 1.0 1.0 1.0 1.0 1.0 1.0 1.0 1.0 1.0 1.0 1.0 1.0 1.0 1.0 1.0 1.0 1.0 1.0 1.0 1.0 1.0 1.0 1.0 1.0 1.0 1.0 1.0 1.0 1.0 1.0 1.0 1.0 1.0 1.0 1.0 1.0 1.0 1.0 1.0,1.532396,0.53239596,0.67069423,0.3,0.4012678265571594,0.0003,5,2.4480147
26,0.12945875525474548,0.99712443,1.018 1.03 0.97 0.978 0.97 0.946 1.159 1.093 0.86 0.857 1.035 1.183 0.95 1.103 1.01 1.186 0.833 0.804 0.925 0.922 1.035 1.08 0.932 1.213 1.082 1.029 0.831 1.182 1.03 1.174 1.063 0.831 1.047 0.87 1.213 0.927 0.879 1.166 1.043 1.103 1.073 1.082 1.021 0.808 0.734 0.985 0.832 1.063 1.168 0.928 1.118 0.833 1.066 1.177 0.78 0.935 1.068 1.06 1.043 1.006 0.897 0.881 0.83 1.102 1.0 1.149 1.095 0.786 0.853 1.0 1.029 1.103 1.031 1.077 1.0 1.126 1.24 1.089 1.084 1.0 1.326 0.888 1.328 1.027 1.0 1.306 0.88 1.11 0.73 1.0 1.042 0.819 1.025 1.046 1.0 0.997 0.882 0.786 0.836 1.0 1.195 0.813 0.874 1.09 1.0 0.976 1.092 1.0 0.827 1.0 0.806 0.829 1.0 0.789 1.0 0.802 1.051 1.0 0.8 1.0 0.725 0.986 1.0 0.812 1.0 1.005 0.99 1.0 0.811 1.0 0.813 1.157 1.0 0.808 1.0 0.984 0.951 1.0 1.04 1.0 1.119 0.993 1.0 1.105 1.0 0.68 0.757 1.0 0.982 1.0 0.675 1.149 1.0 0.837 1.0 1.079 1.088 1.0 1.005 1.0 1.514 1.097 1.0 0.969 1.0 1.0 0.957 1.0 0.98 1.0 1.0 0.935 1.0 0.827 1.0 1.0 0.974 1.0 1.105 1.0 1.0 0.88 1.0 0.815 1.0 1.0 0.751 1.0 0.85 1.0 1.0 1.082 1.0 1.0 1.0 1.0 1.436 1.0 1.0 1.0 1.0 0.966 1.0 1.0 1.0 1.0 0.837 1.0 1.0 1.0 1.0 0.841 1.0 1.0 1.0 1.0 0.845 1.0 1.0 1.0 1.0 0.893 1.0 1.0 1.0 1.0 0.823 1.0 1.0 1.0 1.0 1.0 1.0 1.0 1.0 1.0 1.0 1.0 1.0 1.0 1.0 1.0 1.0 1.0 1.0 1.0 1.0 1.0 1.0 1.0 1.0 1.0 1.0 1.0 1.0 1.0 1.0 1.0 1.0 1.0 1.0 1.0 1.0 1.0 1.0 1.0 1.0 1.0 1.0 1.0 1.0 1.0 1.0 1.0 1.0 1.0 1.0 1.0 1.0 1.0 1.0 1.0 1.0 1.0 1.0 1.0 1.0 1.0 1.0 1.0 1.0 1.0 1.0 1.0 1.0 1.0 1.0 1.0 1.0 1.0 1.0 1.0 1.0 1.0 1.0 1.0 1.0 1.0 1.0 1.0 1.0 1.0 1.0 1.0 1.0 1.0 1.0 1.0 1.0 1.0 1.0 1.0 1.0 1.0 1.0 1.0 1.0 1.0 1.0 1.0 1.0 1.0 1.0 1.0 1.0 1.0 1.0 1.0 1.0 1.0 1.0 1.0 1.0 1.0 1.0 1.0 1.0 1.0 1.0 1.0 1.0 1.0 1.0 1.0 1.0 1.0 1.0 1.0 1.0 1.0 1.0 1.0 1.0 1.0 1.0 1.0 1.0 1.0 1.0 1.0 1.0 1.0 1.0 1.0 1.0 1.0 1.0 1.0 1.0 1.0 0.997 0.961 1.061 0.978 0.97 1.16 0.936 0.951 0.866 0.971 1.017 1.04 0.992 0.849 1.112 1.06 0.856 0.927 0.84 1.012 0.987 1.05 0.999 0.894 0.884 1.132 0.878 1.132 1.054 0.823 0.791 1.145 0.917 1.049 0.834 1.137 1.099 1.048 1.166 0.831 0.789 0.848 1.131 0.749 1.209 0.788 1.01 1.035 0.798 1.217 0.796 0.854 0.84 0.855 0.755 1.132 0.859 0.92 1.12 0.759 1.22 0.98 1.09 0.726 0.951 0.987 1.068 1.128 0.755 1.214 0.947 1.035 1.083 1.244 0.768 1.004 1.003 1.028 0.711 1.208 0.961 0.986 0.818 0.721 0.775 1.0 1.074 1.072 1.005 0.792 1.0 1.017 0.809 0.738 1.124 1.0 1.024 1.295 0.936 0.992 1.0 0.914 0.741 0.734 0.771 1.0 0.922 0.972 0.915 1.0 1.0 1.067 0.96 0.967 1.0 1.0 0.901 0.884 0.962 1.0 1.0 1.131 0.82 0.923 1.0 1.0 1.038 0.778 0.753 1.0 1.0 1.158 0.704 1.164 1.0 1.0 0.948 0.884 0.868 1.0 1.0 0.919 1.181 0.772 1.0 1.0 0.955 0.979 1.0 1.0 1.0 1.118 0.78 1.0 1.0 1.0 0.89 0.681 1.0 1.0 1.0 0.863 0.769 1.0 1.0 1.0 0.947 1.465 1.0 1.0 1.0 0.842 1.0 1.0 1.0 1.0 0.838 1.0 1.0 1.0 1.0 0.939 1.0 1.0 1.0 1.0 1.039 1.0 1.0 1.0 1.0 0.941 1.0 1.0 1.0 1.0 1.003 1.0 1.0 1.0 1.0 1.013 1.0 1.0 1.0 1.0 0.756 1.0 1.0 1.0 1.0 1.007 1.0 1.0 1.0 1.0 0.968 1.0 1.0 1.0 1.0 1.176 1.0 1.0 1.0 1.0 0.793 1.0 1.0 1.0 1.0 1.482 1.0 1.0 1.0 1.0 1.398 1.0 1.0 1.0 1.0 0.736 1.0 1.0 1.0 1.0 1.0 1.0 1.0 1.0 1.0 1.0 1.0 1.0 1.0 1.0 1.0 1.0 1.0 1.0 1.0 1.0 1.0 1.0 1.0 1.0 1.0 1.0 1.0 1.0 1.0 1.0 1.0 1.0 1.0 1.0 1.0 1.0 1.0 1.0 1.0 1.0 1.0 1.0 1.0 1.0 1.0 1.0 1.0 1.0 1.0 1.0 1.0 1.0 1.0 1.0 1.0 1.0 1.0 1.0 1.0 1.0 1.0 1.0 1.0 1.0 1.0 1.0 1.0 1.0 1.0 1.0 1.0 1.0 1.0 1.0 1.0 1.0 1.0 1.0 1.0 1.0 1.0 1.0 1.0 1.0 1.0 1.0 1.0 1.0 1.0 1.0 1.0 1.0 1.0 1.0 1.0 1.0 1.0 1.0 1.0 1.0 1.0 1.0 1.0 1.0 1.0 1.0 1.0 1.0 1.0 1.0 1.0 1.0 1.0 1.0 1.0 1.0 1.0 1.0 1.0 1.0 1.0 1.0 1.0 1.0 1.0 1.0 1.0 1.0 1.0 1.0 1.0 1.0 1.0 1.0 1.0 1.0 1.0 1.0 1.106 1.03 0.897 1.058 0.903 0.948 0.936 1.092 0.959 0.861 1.182 1.192 0.941 1.099 1.169 0.934 1.037 1.21 1.11 0.909 1.171 1.072 1.212 0.926 0.895 0.96 0.935 0.928 1.123 1.165 1.125 0.906 1.034 0.81 0.864 0.94 0.923 1.022 0.906 1.164 1.051 1.036 1.104 1.177 0.777 1.045 1.101 1.058 0.896 1.128 0.99 1.148 1.09 1.08 1.106 0.867 0.804 1.04 0.981 0.74 1.006 1.07 1.226 0.82 0.779 1.062 1.046 0.755 1.102 0.97 1.107 1.182 0.936 1.146 0.843 1.009 1.209 0.772 1.122 0.851 1.117 1.226 0.955 1.132 1.088 0.791 0.99 0.925 1.131 0.991 0.829 0.746 0.883 0.771 1.059 1.074 0.746 0.749 0.903 1.293 0.849 0.718 1.385 1.083 0.877 1.067 0.969 1.0 0.971 0.921 0.834 0.72 1.0 0.813 0.847 1.019 0.81 1.0 1.092 1.0 0.816 1.231 1.0 1.374 1.0 0.795 0.813 1.0 0.929 1.0 0.811 1.35 1.0 1.053 1.0 0.855 1.013 1.0 0.954 1.0 0.927 0.912 1.0 1.109 1.0 1.065 1.127 1.0 0.78 1.0 0.989 0.911 1.0 0.921 1.0 0.988 0.842 1.0 1.0 1.0 0.813 0.907 1.0 1.0 1.0 1.026 0.728 1.0 1.0 1.0 1.077 0.789 1.0 1.0 1.0 0.967 0.839 1.0 1.0 1.0 0.871 0.801 1.0 1.0 1.0 1.081 0.974 1.0 1.0 1.0 0.9 1.0 1.0 1.0 1.0 1.012 1.0 1.0 1.0 1.0 0.975 1.0 1.0 1.0 1.0 0.956 1.0 1.0 1.0 1.0 0.906 1.0 1.0 1.0 1.0 0.854 1.0 1.0 1.0 1.0 1.323 1.0 1.0 1.0 1.0 1.298 1.0 1.0 1.0 1.0 1.349 1.0 1.0 1.0 1.0 1.086 1.0 1.0 1.0 1.0 0.809 1.0 1.0 1.0 1.0 0.853 1.0 1.0 1.0 1.0 1.415 1.0 1.0 1.0 1.0 0.801 1.0 1.0 1.0 1.0 1.0 1.0 1.0 1.0 1.0 1.0 1.0 1.0 1.0 1.0 1.0 1.0 1.0 1.0 1.0 1.0 1.0 1.0 1.0 1.0 1.0 1.0 1.0 1.0 1.0 1.0 1.0 1.0 1.0 1.0 1.0 1.0 1.0 1.0 1.0 1.0 1.0 1.0 1.0 1.0 1.0 1.0 1.0 1.0 1.0 1.0 1.0 1.0 1.0 1.0 1.0 1.0 1.0 1.0 1.0 1.0 1.0 1.0 1.0 1.0 1.0 1.0 1.0 1.0 1.0 1.0 1.0 1.0 1.0 1.0 1.0 1.0 1.0 1.0 1.0 1.0 1.0 1.0 1.0 1.0 1.0 1.0 1.0 1.0 1.0 1.0 1.0 1.0 1.0 1.0 1.0 1.0 1.0 1.0 1.0 1.0 1.0 1.0 1.0 1.0 1.0 1.0 1.0 1.0 1.0 1.0 1.0 1.0 1.0 1.0 1.0 1.0 1.0 1.0 1.0 1.0 1.0 1.0 1.0 1.0 1.106 1.008 0.897 1.058 1.052 0.902 0.938 1.165 0.977 0.857 0.934 1.03 0.949 0.983 0.959 0.88 1.031 1.116 0.911 1.218 0.922 1.089 0.988 1.054 0.986 1.072 1.115 1.12 0.835 1.063 1.023 1.058 1.116 1.229 0.844 0.793 1.088 1.154 1.23 1.132 1.105 0.9 1.152 1.052 1.187 0.932 0.859 0.835 1.09 1.078 1.141 1.081 1.007 1.039 1.362 1.244 1.159 0.995 1.336 1.388 1.277 1.027 0.97 0.953 1.116 1.15 1.111 1.117 1.309 0.937 1.285 1.22 1.035 1.344 1.318 0.971 1.291 1.118 1.319 0.758 1.328 0.682 1.184 0.911 1.145 1.241 1.183 0.934 1.367 0.81 0.697 1.175 1.091 0.795 1.032 1.0 1.276 1.03 0.766 1.366 1.311 0.727 1.13 1.011 1.368 0.98 0.969 1.091 0.783 0.766 1.263 1.172 1.103 0.794 1.142 1.139 0.853 0.996 1.342 0.887 1.132 0.859 1.007 1.352 0.871 0.973 1.376 0.911 0.8 0.8 1.357 0.814 0.909 1.065 1.382 1.106 0.86 0.993 0.915 1.309 0.95 1.397 0.994 0.821 0.732 0.758 1.0 0.979 0.66 1.0 0.736 1.0 1.002 1.0 1.0 0.748 1.0 0.891 1.0 1.0 0.763 1.0 0.986 1.0 1.0 1.179 1.0 0.995 1.0 1.0 1.471 1.0 1.184 1.0 1.0 0.869 1.0 0.994 1.0 1.0 1.48 1.0 0.89 1.0 1.0 0.933 1.0 0.885 1.0 1.0 0.984 1.0 0.885 1.0 1.0 0.82 1.0 0.885 1.0 1.0 1.0 1.0 0.936 1.0 1.0 1.0 1.0 1.201 1.0 1.0 1.0 1.0 1.138 1.0 1.0 1.0 1.0 1.014 1.0 1.0 1.0 1.0 1.047 1.0 1.0 1.0 1.0 1.05 1.0 1.0 1.0 1.0 1.014 1.0 1.0 1.0 1.0 1.036 1.0 1.0 1.0 1.0 1.02 1.0 1.0 1.0 1.0 0.994 1.0 1.0 1.0 1.0 0.887 1.0 1.0 1.0 1.0 0.943 1.0 1.0 1.0 1.0 0.973 1.0 1.0 1.0 1.0 0.938 1.0 1.0 1.0 1.0 0.994 1.0 1.0 1.0 1.0 1.065 1.0 1.0 1.0 1.0 1.027 1.0 1.0 1.0 1.0 1.047 1.0 1.0 1.0 1.0 0.922 1.0 1.0 1.0 1.0 1.0 1.0 1.0 1.0 1.0 1.046 1.0 1.0 1.0 1.0 1.025 1.0 1.0 1.0 1.0 0.92 1.0 1.0 1.0 1.0 0.885 1.0 1.0 1.0 1.0 0.968 1.0 1.0 1.0 1.0 0.887 1.0 1.0 1.0 1.0 1.064 1.0 1.0 1.0 1.0 0.96 1.0 1.0 1.0 1.0 1.01 1.0 1.0 1.0 1.0 0.981 1.0 1.0 1.0 1.0 1.0 1.0 1.0 1.0 1.0 0.906 1.0 1.0 1.0 1.0 0.869 1.0 1.0 1.0 1.0 0.849 1.0 1.0 1.0 1.0 0.716 1.0 1.0 1.0 1.0 0.839 1.0 1.0 0.967 1.112 0.97 1.102 0.981 1.16 0.938 1.165 0.862 1.075 0.893 1.03 0.955 0.844 1.209 0.929 1.077 1.114 0.875 0.975 0.929 1.064 0.82 0.926 1.007 1.059 1.137 0.885 1.115 0.941 1.036 0.819 0.889 1.193 0.969 0.868 1.034 1.071 1.104 1.157 0.871 1.129 1.141 1.162 0.797 1.245 1.119 1.033 1.137 1.192 1.252 0.78 1.126 0.782 1.227 1.208 0.963 1.123 1.197 1.19 1.183 1.238 0.78 1.202 0.791 0.858 1.133 1.153 1.175 1.03 0.973 1.155 0.939 1.036 1.193 0.886 1.119 0.929 1.24 1.225 1.199 1.147 1.125 0.72 1.007 1.016 1.0 1.257 1.178 1.113 0.908 1.0 0.982 1.116 0.82 0.989 1.0 0.972 0.935 0.825 0.937 1.0 0.818 0.749 1.127 1.07 1.0 0.745 0.99 0.85 1.019 1.0 0.965 1.453 1.025 1.07 1.0 1.005 0.779 1.027 0.856 1.0 0.918 0.754 1.122 0.887 1.0 0.972 0.774 0.783 1.232 1.0 0.938 1.294 0.884 0.964 1.0 1.095 0.973 0.89 0.983 1.0 0.781 0.968 1.023 0.984 1.0 1.006 0.742 0.987 1.114 1.0 0.932 0.954 0.761 0.927 1.0 0.951 0.934 1.0 1.088 1.0 0.754 0.941 1.0 0.969 1.0 0.872 0.942 1.0 0.836 1.0 0.999 0.787 1.0 0.82 1.0 1.0 1.15 1.0 0.873 1.0 1.0 0.912 1.0 0.848 1.0 1.0 0.91 1.0 0.902 1.0 1.0 1.371 1.0 1.085 1.0 1.0 1.35 1.0 0.873 1.0 1.0 0.72 1.0 0.707 1.0 1.0 0.847 1.0 0.858 1.0 1.0 0.843 1.0 0.716 1.0 1.0 1.083 1.0 1.0 1.0 1.0 1.097 1.0 1.0 1.0 1.0 1.025 1.0 1.0 1.0 1.0 0.847 1.0 1.0 1.0 1.0 1.0 1.0 1.0 1.0 1.0 1.0 1.0 1.0 1.0 1.0 1.0 1.0 1.0 1.0 1.0 1.0 1.0 1.0 1.0 1.0 1.0 1.0 1.0 1.0 1.0 1.0 1.0 1.0 1.0 1.0 1.0 1.0 1.0 1.0 1.0 1.0 1.0 1.0 1.0 1.0 1.0 1.0 1.0 1.0 1.0 1.0 1.0 1.0 1.0 1.0 1.0 1.0 1.0 1.0 1.0 1.0 1.0 1.0 1.0 1.0 1.0 1.0 1.0 1.0 1.0 1.0 1.0 1.0 1.0 1.0 1.0 1.0 1.0 1.0 1.0 1.0 1.0 1.0 1.0 1.0 1.0 1.0 1.0 1.0 1.0 1.0 1.0 1.0 1.0 1.0 1.0 1.0 1.0 1.0 1.0 1.0 1.0 1.0 1.0 1.0 1.0 1.0 1.0 1.0 1.0 1.0 1.0 1.0 1.0 1.0 1.0 1.0 1.0 1.0 1.0 1.0 1.0 1.0 1.0 1.0 1.0 1.0 1.0 1.0 1.0 1.0 1.0 1.0 1.0 1.0 1.0 1.0 1.0 1.0 1.0 1.0 1.0 1.0 1.0 1.0 1.0 1.0 0.929 1.03 1.115 0.976 0.981 1.028 1.162 1.088 0.981 1.072 0.931 1.182 0.98 1.039 1.202 0.867 1.034 0.825 0.847 0.995 1.201 1.196 1.123 1.059 1.104 0.864 0.866 0.826 0.763 0.863 0.877 1.059 1.124 1.19 0.88 1.07 0.892 0.899 0.763 1.021 0.835 0.819 1.032 1.083 0.849 1.097 1.072 1.201 0.784 1.009 0.981 1.058 1.042 0.992 1.044 0.808 0.877 0.916 0.791 0.921 1.121 0.835 0.985 1.0 1.181 0.84 1.18 0.991 1.0 1.093 1.034 0.862 1.074 1.0 0.775 0.825 1.101 1.06 1.0 1.035 0.911 0.887 0.916 1.0 0.954 1.153 0.877 1.008 1.0 0.914 0.823 1.088 0.921 1.0 0.772 1.097 1.065 1.007 1.0 0.744 1.123 1.016 0.957 1.0 0.907 1.103 1.063 1.039 1.0 0.905 0.791 0.888 0.993 1.0 0.754 0.881 1.115 0.983 1.0 1.358 0.81 0.82 1.042 1.0 1.031 0.85 1.179 0.98 1.0 0.793 0.823 1.002 1.188 1.0 0.876 0.86 0.808 0.978 1.0 1.0 0.827 0.981 1.037 1.0 1.0 0.918 0.951 0.977 1.0 1.0 1.174 1.022 0.978 1.0 1.0 0.857 0.94 0.861 1.0 1.0 0.87 0.999 0.974 1.0 1.0 0.813 0.991 1.199 1.0 1.0 1.0 0.876 1.204 1.0 1.0 1.0 1.157 1.146 1.0 1.0 1.0 0.866 0.907 1.0 1.0 1.0 0.956 0.967 1.0 1.0 1.0 0.951 0.986 1.0 1.0 1.0 0.947 1.043 1.0 1.0 1.0 0.984 0.886 1.0 1.0 1.0 0.946 0.93 1.0 1.0 1.0 0.949 0.692 1.0 1.0 1.0 0.991 0.945 1.0 1.0 1.0 0.942 0.761 1.0 1.0 1.0 0.894 0.701 1.0 1.0 1.0 0.881 0.846 1.0 1.0 1.0 1.011 0.678 1.0 1.0 1.0 0.982 0.877 1.0 1.0 1.0 1.092 1.0 1.0 1.0 1.0 0.784 1.0 1.0 1.0 1.0 0.743 1.0 1.0 1.0 1.0 1.127 1.0 1.0 1.0 1.0 0.692 1.0 1.0 1.0 1.0 0.697 1.0 1.0 1.0 1.0 0.713 1.0 1.0 1.0 1.0 0.875 1.0 1.0 1.0 1.0 0.86 1.0 1.0 1.0 1.0 0.857 1.0 1.0 1.0 1.0 0.84 1.0 1.0 1.0 1.0 1.0 1.0 1.0 1.0 1.0 1.0 1.0 1.0 1.0 1.0 1.0 1.0 1.0 1.0 1.0 1.0 1.0 1.0 1.0 1.0 1.0 1.0 1.0 1.0 1.0 1.0 1.0 1.0 1.0 1.0 1.0 1.0 1.0 1.0 1.0 1.0 1.0 1.0 1.0 1.0 1.0 1.0 1.0 1.0 1.0 1.0 1.0 1.0 1.0 1.0 1.0 1.0 1.0 1.0 1.0 1.0 1.0 1.0 1.0 1.0 1.0 1.0 1.0 1.0 1.0 1.0 1.0 1.0 1.0 1.0 1.0 1.0 1.0 1.0 1.0 1.0 1.0 1.0 1.0 1.106 1.112 0.98 1.058 0.903 0.949 1.166 1.179 1.087 1.16 1.178 1.036 0.973 1.108 1.172 0.886 0.916 0.953 0.824 0.879 1.042 1.039 1.11 0.914 1.037 0.901 1.162 0.913 1.206 0.862 1.106 0.746 1.005 0.817 1.06 0.897 1.095 0.876 1.035 1.027 1.03 1.151 1.098 0.978 1.196 1.075 1.187 1.09 1.179 0.766 0.845 1.083 1.03 1.092 1.106 1.118 0.752 1.016 1.089 1.291 1.037 1.145 1.085 1.203 1.021 1.034 0.759 1.106 1.02 1.086 1.119 1.212 0.747 0.852 0.773 1.133 1.115 0.745 1.143 0.767 1.086 1.009 1.306 1.288 1.0 1.175 0.73 1.324 1.156 1.0 1.155 1.198 1.001 0.719 1.0 1.128 0.961 1.144 1.122 1.0 0.984 0.847 1.162 0.719 1.0 0.962 1.193 0.964 1.012 1.0 0.966 0.969 0.967 1.013 1.0 1.0 1.227 1.368 0.876 1.0 1.015 1.22 0.917 1.101 1.0 1.164 1.0 0.727 1.013 1.0 1.131 1.228 1.194 0.948 1.0 1.114 0.841 0.738 0.768 1.0 0.979 1.241 1.278 0.827 1.0 1.224 0.694 1.259 0.714 1.0 1.208 0.816 1.287 0.821 1.0 0.705 1.017 0.981 1.005 1.0 0.706 1.223 1.305 0.825 1.0 0.705 1.321 0.722 1.0 1.0 0.711 0.716 0.894 1.0 1.0 0.864 0.816 1.0 1.0 1.0 0.865 0.9 1.0 1.0 1.0 0.857 0.919 1.0 1.0 1.0 1.046 0.73 1.0 1.0 1.0 0.904 0.806 1.0 1.0 1.0 1.064 0.862 1.0 1.0 1.0 1.08 1.0 1.0 1.0 1.0 0.818 1.0 1.0 1.0 1.0 1.392 1.0 1.0 1.0 1.0 0.824 1.0 1.0 1.0 1.0 0.958 1.0 1.0 1.0 1.0 1.207 1.0 1.0 1.0 1.0 0.931 1.0 1.0 1.0 1.0 0.882 1.0 1.0 1.0 1.0 1.0 1.0 1.0 1.0 1.0 1.0 1.0 1.0 1.0 1.0 1.0 1.0 1.0 1.0 1.0 1.0 1.0 1.0 1.0 1.0 1.0 1.0 1.0 1.0 1.0 1.0 1.0 1.0 1.0 1.0 1.0 1.0 1.0 1.0 1.0 1.0 1.0 1.0 1.0 1.0 1.0 1.0 1.0 1.0 1.0 1.0 1.0 1.0 1.0 1.0 1.0 1.0 1.0 1.0 1.0 1.0 1.0 1.0 1.0 1.0 1.0 1.0 1.0 1.0 1.0 1.0 1.0 1.0 1.0 1.0 1.0 1.0 1.0 1.0 1.0 1.0 1.0 1.0 1.0 1.0 1.0 1.0 1.0 1.0 1.0 1.0 1.0 1.0 1.0 1.0 1.0 1.0 1.0 1.0 1.0 1.0 1.0 1.0 1.0 1.0 1.0 1.0 1.0 1.0 1.0 1.0 1.0 1.0 1.0 1.0 1.0 1.0 1.0 1.0 1.0 1.0 1.0 1.0 1.0 1.0 1.0 1.0 1.0 1.0 1.0 1.0 1.0 1.0 1.0 1.0 1.0 1.0 1.0 1.0 1.0 0.929 1.008 1.115 1.058 0.903 1.157 0.936 1.089 0.86 1.166 1.011 0.854 0.947 1.165 1.097 0.949 0.849 1.108 0.838 0.949 1.089 1.177 1.111 1.017 0.9 1.082 1.046 0.817 1.05 1.141 1.078 0.862 1.117 1.108 0.955 1.112 0.924 0.818 1.035 1.167 0.917 0.973 1.01 1.196 1.046 0.87 0.927 0.914 1.016 1.057 1.126 1.107 0.928 1.155 1.033 1.076 0.995 1.005 0.99 0.809 0.844 1.099 1.034 1.045 1.074 1.112 0.854 0.88 0.991 1.191 0.838 1.092 0.929 1.039 0.744 1.109 1.111 1.007 1.0 1.254 0.807 1.068 1.059 1.0 1.098 0.812 1.076 0.843 1.0 1.137 1.056 1.029 1.066 1.0 1.371 0.887 0.886 0.98 1.0 0.801 1.034 0.772 1.081 1.0 0.98 1.018 0.772 1.007 1.0 1.049 1.066 1.001 0.822 1.0 1.047 1.18 0.807 1.242 1.0 1.442 0.84 0.897 1.021 1.0 1.076 0.986 1.036 1.259 1.0 0.741 1.18 0.796 0.934 1.0 1.453 0.971 0.927 1.275 1.0 1.056 1.048 1.084 0.792 1.0 0.936 0.888 1.194 0.822 1.0 1.071 1.29 0.968 0.812 1.0 0.791 1.026 1.202 1.018 1.0 0.928 1.0 1.283 1.303 1.0 1.094 1.0 1.314 0.777 1.0 0.953 1.0 0.959 0.922 1.0 0.714 1.0 1.005 0.772 1.0 0.898 1.0 0.78 0.76 1.0 0.971 1.0 0.765 0.765 1.0 1.021 1.0 0.794 1.39 1.0 1.547 1.0 1.0 0.776 1.0 0.855 1.0 1.0 0.759 1.0 1.0 1.0 1.0 1.156 1.0 1.0 1.0 1.0 0.809 1.0 1.0 1.0 1.0 1.006 1.0 1.0 1.0 1.0 1.509 1.0 1.0 1.0 1.0 1.0 1.0 1.0 1.0 1.0 1.0 1.0 1.0 1.0 1.0 1.0 1.0 1.0 1.0 1.0 1.0 1.0 1.0 1.0 1.0 1.0 1.0 1.0 1.0 1.0 1.0 1.0 1.0 1.0 1.0 1.0 1.0 1.0 1.0 1.0 1.0 1.0 1.0 1.0 1.0 1.0 1.0 1.0 1.0 1.0 1.0 1.0 1.0 1.0 1.0 1.0 1.0 1.0 1.0 1.0 1.0 1.0 1.0 1.0 1.0 1.0 1.0 1.0 1.0 1.0 1.0 1.0 1.0 1.0 1.0 1.0 1.0 1.0 1.0 1.0 1.0 1.0 1.0 1.0 1.0 1.0 1.0 1.0 1.0 1.0 1.0 1.0 1.0 1.0 1.0 1.0 1.0 1.0 1.0 1.0 1.0 1.0 1.0 1.0 1.0 1.0 1.0 1.0 1.0 1.0 1.0 1.0 1.0 1.0 1.0 1.0 1.0 1.0 1.0 1.0 1.0 1.0 1.0 1.0 1.0 1.0 1.0 1.0 1.0 1.0 1.0 1.0 1.0 1.0 1.0 1.0 1.0 1.0 1.0 1.0 1.0 1.0 1.0 1.0 1.0 1.0 1.0 1.0 1.0 1.0 1.0 1.0 1.0 1.0 1.0 1.0 1.0 1.0,1.5465525,0.54655254,0.6599824,0.3,0.41256874799728394,0.0003,5,2.504511
27,0.1342867910861969,0.9970775,1.018 1.03 0.969 0.977 0.968 0.943 1.169 1.096 0.854 0.851 1.036 1.193 0.947 1.106 1.01 1.197 0.826 0.797 0.921 0.919 1.035 1.081 0.928 1.225 1.086 1.029 0.824 1.192 1.03 1.173 1.065 0.823 1.049 0.864 1.215 0.923 0.875 1.173 1.044 1.115 1.076 1.083 1.021 0.798 0.727 0.985 0.825 1.067 1.177 0.93 1.124 0.826 1.069 1.186 0.774 0.931 1.069 1.063 1.044 1.011 0.891 0.876 0.823 1.107 1.0 1.159 1.098 0.778 0.845 1.0 1.032 1.106 1.037 1.084 1.0 1.135 1.252 1.099 1.091 1.0 1.322 0.883 1.338 1.03 1.0 1.301 0.875 1.115 0.72 1.0 1.047 0.812 1.033 1.051 1.0 0.998 0.876 0.777 0.829 1.0 1.21 0.806 0.87 1.096 1.0 0.976 1.095 1.0 0.82 1.0 0.799 0.822 1.0 0.782 1.0 0.794 1.052 1.0 0.793 1.0 0.716 0.984 1.0 0.806 1.0 1.009 0.987 1.0 0.802 1.0 0.806 1.165 1.0 0.801 1.0 0.987 0.95 1.0 1.044 1.0 1.127 0.993 1.0 1.114 1.0 0.671 0.748 1.0 0.981 1.0 0.665 1.157 1.0 0.83 1.0 1.085 1.092 1.0 1.007 1.0 1.517 1.103 1.0 0.969 1.0 1.0 0.955 1.0 0.981 1.0 1.0 0.932 1.0 0.819 1.0 1.0 0.974 1.0 1.114 1.0 1.0 0.876 1.0 0.809 1.0 1.0 0.742 1.0 0.844 1.0 1.0 1.088 1.0 1.0 1.0 1.0 1.451 1.0 1.0 1.0 1.0 0.965 1.0 1.0 1.0 1.0 0.83 1.0 1.0 1.0 1.0 0.835 1.0 1.0 1.0 1.0 0.838 1.0 1.0 1.0 1.0 0.89 1.0 1.0 1.0 1.0 0.815 1.0 1.0 1.0 1.0 1.0 1.0 1.0 1.0 1.0 1.0 1.0 1.0 1.0 1.0 1.0 1.0 1.0 1.0 1.0 1.0 1.0 1.0 1.0 1.0 1.0 1.0 1.0 1.0 1.0 1.0 1.0 1.0 1.0 1.0 1.0 1.0 1.0 1.0 1.0 1.0 1.0 1.0 1.0 1.0 1.0 1.0 1.0 1.0 1.0 1.0 1.0 1.0 1.0 1.0 1.0 1.0 1.0 1.0 1.0 1.0 1.0 1.0 1.0 1.0 1.0 1.0 1.0 1.0 1.0 1.0 1.0 1.0 1.0 1.0 1.0 1.0 1.0 1.0 1.0 1.0 1.0 1.0 1.0 1.0 1.0 1.0 1.0 1.0 1.0 1.0 1.0 1.0 1.0 1.0 1.0 1.0 1.0 1.0 1.0 1.0 1.0 1.0 1.0 1.0 1.0 1.0 1.0 1.0 1.0 1.0 1.0 1.0 1.0 1.0 1.0 1.0 1.0 1.0 1.0 1.0 1.0 1.0 1.0 1.0 1.0 1.0 1.0 1.0 1.0 1.0 1.0 1.0 1.0 1.0 1.0 1.0 1.0 1.0 1.0 1.0 1.0 1.0 1.0 1.0 1.0 1.0 1.0 1.0 1.0 1.0 1.0 1.0 1.0 0.996 0.96 1.062 0.977 0.968 1.169 0.933 0.949 0.86 0.969 1.017 1.04 0.991 0.842 1.116 1.062 0.849 0.924 0.834 1.012 0.988 1.051 0.998 0.89 0.879 1.143 0.873 1.138 1.056 0.815 0.785 1.154 0.914 1.049 0.826 1.151 1.105 1.05 1.175 0.824 0.783 0.842 1.138 0.738 1.214 0.782 1.011 1.036 0.788 1.222 0.79 0.848 0.832 0.848 0.747 1.146 0.853 0.915 1.128 0.751 1.209 0.979 1.095 0.715 0.953 0.988 1.071 1.125 0.745 1.207 0.946 1.036 1.091 1.239 0.759 1.009 1.003 1.03 0.7 1.201 0.961 0.984 0.811 0.71 0.766 1.0 1.078 1.079 1.013 0.785 1.0 1.019 0.802 0.728 1.128 1.0 1.026 1.304 0.937 0.999 1.0 0.91 0.732 0.724 0.763 1.0 0.918 0.977 0.914 1.0 1.0 1.069 0.959 0.967 1.0 1.0 0.897 0.882 0.962 1.0 1.0 1.131 0.812 0.922 1.0 1.0 1.04 0.77 0.743 1.0 1.0 1.16 0.692 1.171 1.0 1.0 0.947 0.881 0.866 1.0 1.0 0.917 1.189 0.764 1.0 1.0 0.953 0.983 1.0 1.0 1.0 1.123 0.773 1.0 1.0 1.0 0.885 0.67 1.0 1.0 1.0 0.857 0.762 1.0 1.0 1.0 0.944 1.486 1.0 1.0 1.0 0.835 1.0 1.0 1.0 1.0 0.831 1.0 1.0 1.0 1.0 0.936 1.0 1.0 1.0 1.0 1.041 1.0 1.0 1.0 1.0 0.939 1.0 1.0 1.0 1.0 1.002 1.0 1.0 1.0 1.0 1.014 1.0 1.0 1.0 1.0 0.746 1.0 1.0 1.0 1.0 1.008 1.0 1.0 1.0 1.0 0.967 1.0 1.0 1.0 1.0 1.184 1.0 1.0 1.0 1.0 0.787 1.0 1.0 1.0 1.0 1.492 1.0 1.0 1.0 1.0 1.414 1.0 1.0 1.0 1.0 0.724 1.0 1.0 1.0 1.0 1.0 1.0 1.0 1.0 1.0 1.0 1.0 1.0 1.0 1.0 1.0 1.0 1.0 1.0 1.0 1.0 1.0 1.0 1.0 1.0 1.0 1.0 1.0 1.0 1.0 1.0 1.0 1.0 1.0 1.0 1.0 1.0 1.0 1.0 1.0 1.0 1.0 1.0 1.0 1.0 1.0 1.0 1.0 1.0 1.0 1.0 1.0 1.0 1.0 1.0 1.0 1.0 1.0 1.0 1.0 1.0 1.0 1.0 1.0 1.0 1.0 1.0 1.0 1.0 1.0 1.0 1.0 1.0 1.0 1.0 1.0 1.0 1.0 1.0 1.0 1.0 1.0 1.0 1.0 1.0 1.0 1.0 1.0 1.0 1.0 1.0 1.0 1.0 1.0 1.0 1.0 1.0 1.0 1.0 1.0 1.0 1.0 1.0 1.0 1.0 1.0 1.0 1.0 1.0 1.0 1.0 1.0 1.0 1.0 1.0 1.0 1.0 1.0 1.0 1.0 1.0 1.0 1.0 1.0 1.0 1.0 1.0 1.0 1.0 1.0 1.0 1.0 1.0 1.0 1.0 1.0 1.0 1.0 1.0 1.112 1.03 0.892 1.06 0.898 0.946 0.934 1.095 0.957 0.855 1.192 1.203 0.938 1.102 1.179 0.931 1.037 1.221 1.113 0.905 1.182 1.074 1.224 0.922 0.89 0.958 0.933 0.924 1.127 1.173 1.133 0.902 1.035 0.803 0.857 0.939 0.919 1.022 0.902 1.173 1.054 1.038 1.109 1.187 0.767 1.046 1.106 1.065 0.892 1.136 0.99 1.156 1.094 1.084 1.115 0.861 0.797 1.05 0.98 0.73 1.008 1.075 1.229 0.812 0.772 1.065 1.05 0.747 1.108 0.97 1.115 1.196 0.935 1.155 0.837 1.008 1.198 0.765 1.128 0.844 1.122 1.215 0.954 1.14 1.097 0.782 0.991 0.929 1.138 0.993 0.822 0.736 0.882 0.763 1.068 1.076 0.736 0.742 0.899 1.301 0.842 0.708 1.396 1.089 0.874 1.07 0.969 1.0 0.971 0.921 0.827 0.71 1.0 0.805 0.842 1.019 0.802 1.0 1.099 1.0 0.808 1.248 1.0 1.377 1.0 0.787 0.805 1.0 0.927 1.0 0.803 1.348 1.0 1.056 1.0 0.849 1.016 1.0 0.952 1.0 0.924 0.909 1.0 1.119 1.0 1.067 1.134 1.0 0.772 1.0 0.988 0.908 1.0 0.918 1.0 0.988 0.835 1.0 1.0 1.0 0.806 0.904 1.0 1.0 1.0 1.026 0.718 1.0 1.0 1.0 1.079 0.779 1.0 1.0 1.0 0.966 0.832 1.0 1.0 1.0 0.866 0.792 1.0 1.0 1.0 1.084 0.975 1.0 1.0 1.0 0.897 1.0 1.0 1.0 1.0 1.012 1.0 1.0 1.0 1.0 0.974 1.0 1.0 1.0 1.0 0.954 1.0 1.0 1.0 1.0 0.903 1.0 1.0 1.0 1.0 0.847 1.0 1.0 1.0 1.0 1.333 1.0 1.0 1.0 1.0 1.308 1.0 1.0 1.0 1.0 1.355 1.0 1.0 1.0 1.0 1.093 1.0 1.0 1.0 1.0 0.8 1.0 1.0 1.0 1.0 0.849 1.0 1.0 1.0 1.0 1.425 1.0 1.0 1.0 1.0 0.794 1.0 1.0 1.0 1.0 1.0 1.0 1.0 1.0 1.0 1.0 1.0 1.0 1.0 1.0 1.0 1.0 1.0 1.0 1.0 1.0 1.0 1.0 1.0 1.0 1.0 1.0 1.0 1.0 1.0 1.0 1.0 1.0 1.0 1.0 1.0 1.0 1.0 1.0 1.0 1.0 1.0 1.0 1.0 1.0 1.0 1.0 1.0 1.0 1.0 1.0 1.0 1.0 1.0 1.0 1.0 1.0 1.0 1.0 1.0 1.0 1.0 1.0 1.0 1.0 1.0 1.0 1.0 1.0 1.0 1.0 1.0 1.0 1.0 1.0 1.0 1.0 1.0 1.0 1.0 1.0 1.0 1.0 1.0 1.0 1.0 1.0 1.0 1.0 1.0 1.0 1.0 1.0 1.0 1.0 1.0 1.0 1.0 1.0 1.0 1.0 1.0 1.0 1.0 1.0 1.0 1.0 1.0 1.0 1.0 1.0 1.0 1.0 1.0 1.0 1.0 1.0 1.0 1.0 1.0 1.0 1.0 1.0 1.0 1.0 1.112 1.008 0.892 1.06 1.054 0.897 0.936 1.174 0.976 0.851 0.931 1.029 0.946 0.982 0.957 0.874 1.031 1.12 0.907 1.23 0.918 1.095 0.987 1.055 0.986 1.075 1.12 1.123 0.827 1.066 1.023 1.059 1.119 1.241 0.837 0.784 1.09 1.162 1.242 1.136 1.107 0.894 1.159 1.055 1.201 0.927 0.855 0.828 1.095 1.084 1.152 1.09 1.007 1.046 1.355 1.265 1.162 0.994 1.329 1.382 1.264 1.032 0.968 0.957 1.123 1.162 1.121 1.122 1.316 0.937 1.274 1.242 1.037 1.337 1.325 0.971 1.282 1.124 1.326 0.752 1.317 0.673 1.185 0.91 1.153 1.263 1.204 0.931 1.361 0.804 0.686 1.181 1.098 0.789 1.039 1.004 1.266 1.031 0.759 1.358 1.303 0.72 1.137 1.017 1.361 0.98 0.972 1.095 0.776 0.76 1.285 1.19 1.108 0.786 1.151 1.148 0.849 0.997 1.337 0.885 1.141 0.855 1.007 1.348 0.869 0.975 1.373 0.908 0.792 0.793 1.352 0.807 0.905 1.076 1.378 1.114 0.855 0.993 0.916 1.318 0.948 1.396 0.993 0.817 0.724 0.748 1.0 0.978 0.65 1.0 0.725 1.0 1.001 1.0 1.0 0.737 1.0 0.886 1.0 1.0 0.753 1.0 0.985 1.0 1.0 1.192 1.0 0.995 1.0 1.0 1.483 1.0 1.194 1.0 1.0 0.864 1.0 0.994 1.0 1.0 1.494 1.0 0.885 1.0 1.0 0.931 1.0 0.88 1.0 1.0 0.983 1.0 0.88 1.0 1.0 0.811 1.0 0.88 1.0 1.0 1.0 1.0 0.933 1.0 1.0 1.0 1.0 1.211 1.0 1.0 1.0 1.0 1.144 1.0 1.0 1.0 1.0 1.014 1.0 1.0 1.0 1.0 1.05 1.0 1.0 1.0 1.0 1.052 1.0 1.0 1.0 1.0 1.015 1.0 1.0 1.0 1.0 1.037 1.0 1.0 1.0 1.0 1.021 1.0 1.0 1.0 1.0 0.994 1.0 1.0 1.0 1.0 0.882 1.0 1.0 1.0 1.0 0.94 1.0 1.0 1.0 1.0 0.971 1.0 1.0 1.0 1.0 0.935 1.0 1.0 1.0 1.0 0.994 1.0 1.0 1.0 1.0 1.068 1.0 1.0 1.0 1.0 1.028 1.0 1.0 1.0 1.0 1.049 1.0 1.0 1.0 1.0 0.918 1.0 1.0 1.0 1.0 1.001 1.0 1.0 1.0 1.0 1.048 1.0 1.0 1.0 1.0 1.027 1.0 1.0 1.0 1.0 0.916 1.0 1.0 1.0 1.0 0.881 1.0 1.0 1.0 1.0 0.966 1.0 1.0 1.0 1.0 0.883 1.0 1.0 1.0 1.0 1.068 1.0 1.0 1.0 1.0 0.958 1.0 1.0 1.0 1.0 1.01 1.0 1.0 1.0 1.0 0.979 1.0 1.0 1.0 1.0 1.0 1.0 1.0 1.0 1.0 0.901 1.0 1.0 1.0 1.0 0.862 1.0 1.0 1.0 1.0 0.843 1.0 1.0 1.0 1.0 0.704 1.0 1.0 1.0 1.0 0.833 1.0 1.0 0.966 1.118 0.969 1.107 0.981 1.169 0.935 1.174 0.856 1.078 0.887 1.03 0.952 0.837 1.22 0.925 1.082 1.117 0.87 0.973 0.925 1.066 0.812 0.922 1.007 1.063 1.146 0.88 1.12 0.939 1.037 0.813 0.884 1.203 0.968 0.862 1.037 1.074 1.107 1.169 0.865 1.142 1.147 1.171 0.791 1.26 1.123 1.033 1.144 1.206 1.267 0.774 1.131 0.772 1.221 1.204 0.966 1.13 1.195 1.204 1.196 1.241 0.772 1.214 0.784 0.854 1.146 1.162 1.188 1.032 0.972 1.162 0.936 1.037 1.206 0.881 1.133 0.926 1.256 1.219 1.21 1.154 1.133 0.71 1.007 1.016 1.0 1.259 1.191 1.121 0.904 1.0 0.982 1.126 0.813 0.989 1.0 0.971 0.934 0.818 0.935 1.0 0.811 0.741 1.137 1.072 1.0 0.736 0.994 0.843 1.019 1.0 0.964 1.466 1.029 1.074 1.0 1.007 0.769 1.032 0.853 1.0 0.914 0.746 1.132 0.884 1.0 0.972 0.765 0.775 1.238 1.0 0.934 1.299 0.879 0.963 1.0 1.103 0.975 0.885 0.982 1.0 0.773 0.97 1.025 0.984 1.0 1.007 0.735 0.986 1.119 1.0 0.929 0.955 0.753 0.926 1.0 0.949 0.934 1.0 1.094 1.0 0.746 0.941 1.0 0.97 1.0 0.866 0.94 1.0 0.83 1.0 1.001 0.779 1.0 0.812 1.0 1.0 1.157 1.0 0.87 1.0 1.0 0.91 1.0 0.841 1.0 1.0 0.909 1.0 0.898 1.0 1.0 1.373 1.0 1.089 1.0 1.0 1.362 1.0 0.869 1.0 1.0 0.711 1.0 0.697 1.0 1.0 0.842 1.0 0.853 1.0 1.0 0.838 1.0 0.707 1.0 1.0 1.087 1.0 1.0 1.0 1.0 1.102 1.0 1.0 1.0 1.0 1.031 1.0 1.0 1.0 1.0 0.841 1.0 1.0 1.0 1.0 1.0 1.0 1.0 1.0 1.0 1.0 1.0 1.0 1.0 1.0 1.0 1.0 1.0 1.0 1.0 1.0 1.0 1.0 1.0 1.0 1.0 1.0 1.0 1.0 1.0 1.0 1.0 1.0 1.0 1.0 1.0 1.0 1.0 1.0 1.0 1.0 1.0 1.0 1.0 1.0 1.0 1.0 1.0 1.0 1.0 1.0 1.0 1.0 1.0 1.0 1.0 1.0 1.0 1.0 1.0 1.0 1.0 1.0 1.0 1.0 1.0 1.0 1.0 1.0 1.0 1.0 1.0 1.0 1.0 1.0 1.0 1.0 1.0 1.0 1.0 1.0 1.0 1.0 1.0 1.0 1.0 1.0 1.0 1.0 1.0 1.0 1.0 1.0 1.0 1.0 1.0 1.0 1.0 1.0 1.0 1.0 1.0 1.0 1.0 1.0 1.0 1.0 1.0 1.0 1.0 1.0 1.0 1.0 1.0 1.0 1.0 1.0 1.0 1.0 1.0 1.0 1.0 1.0 1.0 1.0 1.0 1.0 1.0 1.0 1.0 1.0 1.0 1.0 1.0 1.0 1.0 1.0 1.0 1.0 1.0 1.0 1.0 1.0 1.0 1.0 1.0 1.0 0.925 1.03 1.121 0.975 0.981 1.028 1.171 1.09 0.98 1.074 0.927 1.192 0.978 1.04 1.213 0.861 1.034 0.818 0.84 0.993 1.212 1.208 1.126 1.06 1.107 0.858 0.86 0.818 0.752 0.857 0.872 1.059 1.128 1.178 0.875 1.073 0.886 0.895 0.756 1.022 0.828 0.812 1.032 1.092 0.843 1.102 1.074 1.212 0.777 1.009 0.98 1.06 1.043 0.992 1.046 0.8 0.872 0.912 0.784 0.916 1.127 0.827 0.985 1.0 1.19 0.833 1.19 0.991 1.0 1.096 1.035 0.856 1.077 1.0 0.767 0.817 1.105 1.062 1.0 1.039 0.908 0.884 0.912 1.0 0.956 1.163 0.873 1.008 1.0 0.913 0.816 1.093 0.917 1.0 0.762 1.102 1.069 1.006 1.0 0.736 1.134 1.016 0.955 1.0 0.904 1.109 1.066 1.039 1.0 0.902 0.782 0.883 0.992 1.0 0.746 0.879 1.12 0.981 1.0 1.358 0.804 0.812 1.043 1.0 1.038 0.845 1.187 0.979 1.0 0.785 0.815 1.001 1.199 1.0 0.872 0.854 0.8 0.977 1.0 1.0 0.819 0.981 1.038 1.0 1.0 0.918 0.95 0.975 1.0 1.0 1.186 1.024 0.976 1.0 1.0 0.853 0.937 0.855 1.0 1.0 0.867 0.999 0.973 1.0 1.0 0.805 0.99 1.21 1.0 1.0 1.0 0.869 1.216 1.0 1.0 1.0 1.167 1.154 1.0 1.0 1.0 0.858 0.902 1.0 1.0 1.0 0.953 0.966 1.0 1.0 1.0 0.948 0.986 1.0 1.0 1.0 0.944 1.045 1.0 1.0 1.0 0.982 0.881 1.0 1.0 1.0 0.943 0.926 1.0 1.0 1.0 0.947 0.681 1.0 1.0 1.0 0.991 0.942 1.0 1.0 1.0 0.94 0.752 1.0 1.0 1.0 0.89 0.69 1.0 1.0 1.0 0.877 0.841 1.0 1.0 1.0 1.012 0.667 1.0 1.0 1.0 0.979 0.873 1.0 1.0 1.0 1.097 1.0 1.0 1.0 1.0 0.775 1.0 1.0 1.0 1.0 0.734 1.0 1.0 1.0 1.0 1.136 1.0 1.0 1.0 1.0 0.682 1.0 1.0 1.0 1.0 0.686 1.0 1.0 1.0 1.0 0.703 1.0 1.0 1.0 1.0 0.871 1.0 1.0 1.0 1.0 0.855 1.0 1.0 1.0 1.0 0.852 1.0 1.0 1.0 1.0 0.834 1.0 1.0 1.0 1.0 1.0 1.0 1.0 1.0 1.0 1.0 1.0 1.0 1.0 1.0 1.0 1.0 1.0 1.0 1.0 1.0 1.0 1.0 1.0 1.0 1.0 1.0 1.0 1.0 1.0 1.0 1.0 1.0 1.0 1.0 1.0 1.0 1.0 1.0 1.0 1.0 1.0 1.0 1.0 1.0 1.0 1.0 1.0 1.0 1.0 1.0 1.0 1.0 1.0 1.0 1.0 1.0 1.0 1.0 1.0 1.0 1.0 1.0 1.0 1.0 1.0 1.0 1.0 1.0 1.0 1.0 1.0 1.0 1.0 1.0 1.0 1.0 1.0 1.0 1.0 1.0 1.0 1.0 1.0 1.112 1.118 0.979 1.06 0.898 0.946 1.176 1.189 1.09 1.17 1.189 1.036 0.971 1.111 1.181 0.881 0.912 0.95 0.816 0.874 1.044 1.039 1.115 0.91 1.039 0.896 1.17 0.909 1.217 0.856 1.112 0.735 1.005 0.81 1.061 0.892 1.099 0.87 1.036 1.029 1.031 1.161 1.101 0.976 1.199 1.079 1.201 1.095 1.188 0.759 0.838 1.087 1.034 1.097 1.117 1.124 0.741 1.019 1.094 1.296 1.038 1.154 1.092 1.216 1.03 1.036 0.748 1.115 1.022 1.096 1.124 1.225 0.739 0.847 0.767 1.14 1.123 0.737 1.153 0.76 1.09 1.009 1.312 1.282 1.0 1.184 0.719 1.331 1.167 1.0 1.165 1.211 1.006 0.711 1.0 1.124 0.959 1.151 1.132 1.0 0.985 0.841 1.17 0.71 1.0 0.959 1.206 0.964 1.017 1.0 0.966 0.967 0.965 1.022 1.0 1.0 1.239 1.379 0.873 1.0 1.014 1.232 0.915 1.106 1.0 1.172 1.001 0.718 1.022 1.0 1.137 1.241 1.203 0.95 1.0 1.12 0.835 0.73 0.761 1.0 0.98 1.255 1.286 0.821 1.0 1.224 0.682 1.266 0.705 1.0 1.208 0.81 1.283 0.813 1.0 0.695 1.022 0.985 1.009 1.0 0.696 1.242 1.313 0.819 1.0 0.696 1.314 0.715 1.0 1.0 0.701 0.705 0.89 1.0 1.0 0.857 0.808 1.0 1.0 1.0 0.857 0.897 1.0 1.0 1.0 0.849 0.916 1.0 1.0 1.0 1.048 0.721 1.0 1.0 1.0 0.898 0.798 1.0 1.0 1.0 1.067 0.856 1.0 1.0 1.0 1.084 1.0 1.0 1.0 1.0 0.812 1.0 1.0 1.0 1.0 1.401 1.0 1.0 1.0 1.0 0.816 1.0 1.0 1.0 1.0 0.957 1.0 1.0 1.0 1.0 1.22 1.0 1.0 1.0 1.0 0.929 1.0 1.0 1.0 1.0 0.879 1.0 1.0 1.0 1.0 1.0 1.0 1.0 1.0 1.0 1.0 1.0 1.0 1.0 1.0 1.0 1.0 1.0 1.0 1.0 1.0 1.0 1.0 1.0 1.0 1.0 1.0 1.0 1.0 1.0 1.0 1.0 1.0 1.0 1.0 1.0 1.0 1.0 1.0 1.0 1.0 1.0 1.0 1.0 1.0 1.0 1.0 1.0 1.0 1.0 1.0 1.0 1.0 1.0 1.0 1.0 1.0 1.0 1.0 1.0 1.0 1.0 1.0 1.0 1.0 1.0 1.0 1.0 1.0 1.0 1.0 1.0 1.0 1.0 1.0 1.0 1.0 1.0 1.0 1.0 1.0 1.0 1.0 1.0 1.0 1.0 1.0 1.0 1.0 1.0 1.0 1.0 1.0 1.0 1.0 1.0 1.0 1.0 1.0 1.0 1.0 1.0 1.0 1.0 1.0 1.0 1.0 1.0 1.0 1.0 1.0 1.0 1.0 1.0 1.0 1.0 1.0 1.0 1.0 1.0 1.0 1.0 1.0 1.0 1.0 1.0 1.0 1.0 1.0 1.0 1.0 1.0 1.0 1.0 1.0 1.0 1.0 1.0 1.0 1.0 0.925 1.008 1.121 1.06 0.898 1.166 0.934 1.091 0.854 1.175 1.01 0.847 0.944 1.174 1.1 0.946 0.842 1.111 0.831 0.946 1.093 1.187 1.114 1.017 0.895 1.086 1.047 0.809 1.053 1.147 1.082 0.857 1.121 1.115 0.953 1.117 0.92 0.81 1.04 1.176 0.913 0.971 1.01 1.214 1.049 0.864 0.924 0.911 1.021 1.059 1.131 1.113 0.924 1.172 1.035 1.08 0.996 1.005 0.994 0.798 0.836 1.103 1.034 1.052 1.078 1.116 0.848 0.875 0.992 1.205 0.831 1.095 0.926 1.041 0.734 1.113 1.115 1.007 1.0 1.249 0.8 1.072 1.061 1.0 1.106 0.805 1.081 0.838 1.0 1.147 1.061 1.034 1.072 1.0 1.368 0.883 0.881 0.979 1.0 0.793 1.036 0.763 1.086 1.0 0.981 1.019 0.763 1.01 1.0 1.058 1.071 1.001 0.815 1.0 1.056 1.195 0.8 1.24 1.0 1.444 0.834 0.892 1.028 1.0 1.082 0.986 1.04 1.266 1.0 0.733 1.194 0.789 0.933 1.0 1.457 0.971 0.923 1.283 1.0 1.061 1.051 1.089 0.786 1.0 0.935 0.883 1.192 0.815 1.0 1.082 1.288 0.967 0.805 1.0 0.782 1.029 1.217 1.024 1.0 0.927 1.0 1.284 1.303 1.0 1.104 1.0 1.317 0.77 1.0 0.952 1.0 0.958 0.919 1.0 0.704 1.0 1.006 0.763 1.0 0.896 1.0 0.773 0.753 1.0 0.971 1.0 0.757 0.756 1.0 1.023 1.0 0.786 1.404 1.0 1.56 1.0 1.0 0.767 1.0 0.851 1.0 1.0 0.749 1.0 1.0 1.0 1.0 1.164 1.0 1.0 1.0 1.0 0.802 1.0 1.0 1.0 1.0 1.01 1.0 1.0 1.0 1.0 1.52 1.0 1.0 1.0 1.0 1.0 1.0 1.0 1.0 1.0 1.0 1.0 1.0 1.0 1.0 1.0 1.0 1.0 1.0 1.0 1.0 1.0 1.0 1.0 1.0 1.0 1.0 1.0 1.0 1.0 1.0 1.0 1.0 1.0 1.0 1.0 1.0 1.0 1.0 1.0 1.0 1.0 1.0 1.0 1.0 1.0 1.0 1.0 1.0 1.0 1.0 1.0 1.0 1.0 1.0 1.0 1.0 1.0 1.0 1.0 1.0 1.0 1.0 1.0 1.0 1.0 1.0 1.0 1.0 1.0 1.0 1.0 1.0 1.0 1.0 1.0 1.0 1.0 1.0 1.0 1.0 1.0 1.0 1.0 1.0 1.0 1.0 1.0 1.0 1.0 1.0 1.0 1.0 1.0 1.0 1.0 1.0 1.0 1.0 1.0 1.0 1.0 1.0 1.0 1.0 1.0 1.0 1.0 1.0 1.0 1.0 1.0 1.0 1.0 1.0 1.0 1.0 1.0 1.0 1.0 1.0 1.0 1.0 1.0 1.0 1.0 1.0 1.0 1.0 1.0 1.0 1.0 1.0 1.0 1.0 1.0 1.0 1.0 1.0 1.0 1.0 1.0 1.0 1.0 1.0 1.0 1.0 1.0 1.0 1.0 1.0 1.0 1.0 1.0 1.0 1.0 1.0 1.0,1.5599922,0.5599922,0.65046525,0.3,0.42328059673309326,0.0003,5,2.5553489
28,0.13885465264320374,0.99704057,1.018 1.03 0.967 0.976 0.967 0.941 1.178 1.098 0.847 0.844 1.036 1.204 0.945 1.109 1.01 1.208 0.819 0.789 0.918 0.916 1.035 1.082 0.925 1.237 1.09 1.028 0.816 1.202 1.031 1.171 1.067 0.816 1.05 0.859 1.216 0.918 0.87 1.18 1.045 1.128 1.079 1.085 1.022 0.788 0.721 0.985 0.818 1.07 1.186 0.933 1.13 0.818 1.073 1.196 0.768 0.926 1.069 1.066 1.046 1.018 0.885 0.872 0.817 1.113 1.0 1.17 1.101 0.771 0.836 1.0 1.034 1.108 1.043 1.09 1.0 1.144 1.264 1.11 1.099 1.0 1.318 0.878 1.345 1.033 1.0 1.294 0.87 1.121 0.712 1.0 1.052 0.804 1.042 1.057 1.0 0.999 0.871 0.769 0.822 1.0 1.225 0.798 0.868 1.103 1.0 0.976 1.097 1.0 0.812 1.0 0.792 0.816 1.0 0.775 1.0 0.787 1.054 1.0 0.787 1.0 0.708 0.982 1.0 0.8 1.0 1.013 0.985 1.0 0.794 1.0 0.798 1.173 1.0 0.793 1.0 0.991 0.948 1.0 1.049 1.0 1.135 0.992 1.0 1.123 1.0 0.662 0.741 1.0 0.98 1.0 0.657 1.165 1.0 0.822 1.0 1.091 1.096 1.0 1.01 1.0 1.519 1.109 1.0 0.968 1.0 1.0 0.952 1.0 0.983 1.0 1.0 0.929 1.0 0.812 1.0 1.0 0.973 1.0 1.123 1.0 1.0 0.873 1.0 0.804 1.0 1.0 0.734 1.0 0.838 1.0 1.0 1.093 1.0 1.0 1.0 1.0 1.465 1.0 1.0 1.0 1.0 0.964 1.0 1.0 1.0 1.0 0.823 1.0 1.0 1.0 1.0 0.828 1.0 1.0 1.0 1.0 0.832 1.0 1.0 1.0 1.0 0.885 1.0 1.0 1.0 1.0 0.807 1.0 1.0 1.0 1.0 1.0 1.0 1.0 1.0 1.0 1.0 1.0 1.0 1.0 1.0 1.0 1.0 1.0 1.0 1.0 1.0 1.0 1.0 1.0 1.0 1.0 1.0 1.0 1.0 1.0 1.0 1.0 1.0 1.0 1.0 1.0 1.0 1.0 1.0 1.0 1.0 1.0 1.0 1.0 1.0 1.0 1.0 1.0 1.0 1.0 1.0 1.0 1.0 1.0 1.0 1.0 1.0 1.0 1.0 1.0 1.0 1.0 1.0 1.0 1.0 1.0 1.0 1.0 1.0 1.0 1.0 1.0 1.0 1.0 1.0 1.0 1.0 1.0 1.0 1.0 1.0 1.0 1.0 1.0 1.0 1.0 1.0 1.0 1.0 1.0 1.0 1.0 1.0 1.0 1.0 1.0 1.0 1.0 1.0 1.0 1.0 1.0 1.0 1.0 1.0 1.0 1.0 1.0 1.0 1.0 1.0 1.0 1.0 1.0 1.0 1.0 1.0 1.0 1.0 1.0 1.0 1.0 1.0 1.0 1.0 1.0 1.0 1.0 1.0 1.0 1.0 1.0 1.0 1.0 1.0 1.0 1.0 1.0 1.0 1.0 1.0 1.0 1.0 1.0 1.0 1.0 1.0 1.0 1.0 1.0 1.0 1.0 1.0 1.0 0.995 0.958 1.064 0.976 0.967 1.179 0.931 0.947 0.854 0.967 1.016 1.041 0.989 0.836 1.121 1.064 0.842 0.921 0.827 1.013 0.988 1.051 0.997 0.885 0.873 1.155 0.868 1.143 1.059 0.806 0.779 1.163 0.91 1.049 0.818 1.165 1.111 1.052 1.184 0.816 0.777 0.836 1.144 0.726 1.217 0.776 1.012 1.037 0.779 1.225 0.784 0.842 0.826 0.84 0.74 1.161 0.847 0.91 1.137 0.743 1.196 0.977 1.099 0.704 0.956 0.99 1.075 1.121 0.737 1.198 0.946 1.037 1.099 1.232 0.751 1.014 1.002 1.032 0.689 1.194 0.962 0.983 0.804 0.699 0.758 1.0 1.082 1.086 1.021 0.78 1.0 1.022 0.794 0.718 1.133 1.0 1.028 1.312 0.937 1.006 1.0 0.906 0.723 0.715 0.755 1.0 0.915 0.982 0.914 1.0 1.0 1.071 0.958 0.966 1.0 1.0 0.894 0.881 0.961 1.0 1.0 1.131 0.804 0.921 1.0 1.0 1.041 0.761 0.734 1.0 1.0 1.161 0.681 1.178 1.0 1.0 0.946 0.878 0.864 1.0 1.0 0.915 1.197 0.757 1.0 1.0 0.951 0.987 1.0 1.0 1.0 1.129 0.767 1.0 1.0 1.0 0.879 0.661 1.0 1.0 1.0 0.851 0.756 1.0 1.0 1.0 0.942 1.504 1.0 1.0 1.0 0.828 1.0 1.0 1.0 1.0 0.824 1.0 1.0 1.0 1.0 0.934 1.0 1.0 1.0 1.0 1.041 1.0 1.0 1.0 1.0 0.936 1.0 1.0 1.0 1.0 1.0 1.0 1.0 1.0 1.0 1.015 1.0 1.0 1.0 1.0 0.736 1.0 1.0 1.0 1.0 1.008 1.0 1.0 1.0 1.0 0.966 1.0 1.0 1.0 1.0 1.192 1.0 1.0 1.0 1.0 0.781 1.0 1.0 1.0 1.0 1.502 1.0 1.0 1.0 1.0 1.429 1.0 1.0 1.0 1.0 0.713 1.0 1.0 1.0 1.0 1.0 1.0 1.0 1.0 1.0 1.0 1.0 1.0 1.0 1.0 1.0 1.0 1.0 1.0 1.0 1.0 1.0 1.0 1.0 1.0 1.0 1.0 1.0 1.0 1.0 1.0 1.0 1.0 1.0 1.0 1.0 1.0 1.0 1.0 1.0 1.0 1.0 1.0 1.0 1.0 1.0 1.0 1.0 1.0 1.0 1.0 1.0 1.0 1.0 1.0 1.0 1.0 1.0 1.0 1.0 1.0 1.0 1.0 1.0 1.0 1.0 1.0 1.0 1.0 1.0 1.0 1.0 1.0 1.0 1.0 1.0 1.0 1.0 1.0 1.0 1.0 1.0 1.0 1.0 1.0 1.0 1.0 1.0 1.0 1.0 1.0 1.0 1.0 1.0 1.0 1.0 1.0 1.0 1.0 1.0 1.0 1.0 1.0 1.0 1.0 1.0 1.0 1.0 1.0 1.0 1.0 1.0 1.0 1.0 1.0 1.0 1.0 1.0 1.0 1.0 1.0 1.0 1.0 1.0 1.0 1.0 1.0 1.0 1.0 1.0 1.0 1.0 1.0 1.0 1.0 1.0 1.0 1.0 1.0 1.119 1.03 0.888 1.062 0.894 0.944 0.931 1.097 0.955 0.849 1.204 1.214 0.936 1.105 1.189 0.928 1.037 1.233 1.116 0.902 1.193 1.076 1.235 0.919 0.886 0.957 0.931 0.921 1.13 1.182 1.141 0.898 1.035 0.795 0.85 0.937 0.914 1.023 0.898 1.183 1.056 1.04 1.115 1.197 0.756 1.047 1.111 1.074 0.887 1.143 0.99 1.165 1.097 1.088 1.125 0.856 0.789 1.059 0.979 0.72 1.01 1.079 1.23 0.804 0.765 1.068 1.053 0.74 1.114 0.97 1.123 1.21 0.933 1.164 0.83 1.007 1.187 0.759 1.134 0.838 1.126 1.204 0.954 1.148 1.107 0.772 0.991 0.933 1.144 0.995 0.816 0.726 0.881 0.755 1.078 1.079 0.726 0.736 0.895 1.307 0.834 0.699 1.405 1.095 0.87 1.073 0.968 1.0 0.971 0.922 0.821 0.701 1.0 0.797 0.837 1.019 0.795 1.0 1.105 1.0 0.799 1.265 1.0 1.38 1.0 0.779 0.798 1.0 0.924 1.0 0.794 1.345 1.0 1.06 1.0 0.842 1.02 1.0 0.95 1.0 0.921 0.907 1.0 1.129 1.0 1.07 1.141 1.0 0.766 1.0 0.986 0.905 1.0 0.915 1.0 0.987 0.829 1.0 1.0 1.0 0.8 0.901 1.0 1.0 1.0 1.026 0.71 1.0 1.0 1.0 1.082 0.77 1.0 1.0 1.0 0.965 0.825 1.0 1.0 1.0 0.862 0.784 1.0 1.0 1.0 1.086 0.976 1.0 1.0 1.0 0.894 1.0 1.0 1.0 1.0 1.013 1.0 1.0 1.0 1.0 0.973 1.0 1.0 1.0 1.0 0.952 1.0 1.0 1.0 1.0 0.9 1.0 1.0 1.0 1.0 0.84 1.0 1.0 1.0 1.0 1.343 1.0 1.0 1.0 1.0 1.317 1.0 1.0 1.0 1.0 1.36 1.0 1.0 1.0 1.0 1.1 1.0 1.0 1.0 1.0 0.792 1.0 1.0 1.0 1.0 0.845 1.0 1.0 1.0 1.0 1.434 1.0 1.0 1.0 1.0 0.787 1.0 1.0 1.0 1.0 1.0 1.0 1.0 1.0 1.0 1.0 1.0 1.0 1.0 1.0 1.0 1.0 1.0 1.0 1.0 1.0 1.0 1.0 1.0 1.0 1.0 1.0 1.0 1.0 1.0 1.0 1.0 1.0 1.0 1.0 1.0 1.0 1.0 1.0 1.0 1.0 1.0 1.0 1.0 1.0 1.0 1.0 1.0 1.0 1.0 1.0 1.0 1.0 1.0 1.0 1.0 1.0 1.0 1.0 1.0 1.0 1.0 1.0 1.0 1.0 1.0 1.0 1.0 1.0 1.0 1.0 1.0 1.0 1.0 1.0 1.0 1.0 1.0 1.0 1.0 1.0 1.0 1.0 1.0 1.0 1.0 1.0 1.0 1.0 1.0 1.0 1.0 1.0 1.0 1.0 1.0 1.0 1.0 1.0 1.0 1.0 1.0 1.0 1.0 1.0 1.0 1.0 1.0 1.0 1.0 1.0 1.0 1.0 1.0 1.0 1.0 1.0 1.0 1.0 1.0 1.0 1.0 1.0 1.0 1.0 1.119 1.008 0.888 1.062 1.055 0.892 0.934 1.183 0.974 0.845 0.928 1.029 0.944 0.98 0.955 0.868 1.031 1.123 0.903 1.242 0.914 1.1 0.985 1.057 0.985 1.077 1.126 1.126 0.819 1.068 1.023 1.06 1.122 1.253 0.829 0.774 1.091 1.17 1.254 1.141 1.11 0.888 1.168 1.058 1.215 0.922 0.85 0.821 1.101 1.089 1.163 1.098 1.007 1.053 1.346 1.286 1.164 0.993 1.319 1.375 1.251 1.038 0.965 0.962 1.13 1.174 1.132 1.128 1.32 0.938 1.261 1.265 1.038 1.329 1.329 0.97 1.273 1.129 1.331 0.747 1.306 0.664 1.185 0.909 1.162 1.286 1.225 0.928 1.352 0.799 0.676 1.188 1.105 0.782 1.047 1.008 1.255 1.032 0.753 1.35 1.294 0.713 1.143 1.025 1.353 0.98 0.976 1.1 0.77 0.755 1.308 1.208 1.112 0.78 1.16 1.158 0.844 0.997 1.331 0.884 1.15 0.851 1.006 1.343 0.866 0.977 1.369 0.905 0.785 0.786 1.346 0.801 0.903 1.088 1.373 1.122 0.851 0.993 0.918 1.324 0.947 1.394 0.993 0.812 0.718 0.739 1.0 0.977 0.642 1.0 0.714 1.0 1.0 1.0 1.0 0.727 1.0 0.881 1.0 1.0 0.743 1.0 0.985 1.0 1.0 1.206 1.0 0.995 1.0 1.0 1.495 1.0 1.203 1.0 1.0 0.86 1.0 0.993 1.0 1.0 1.506 1.0 0.881 1.0 1.0 0.928 1.0 0.875 1.0 1.0 0.982 1.0 0.875 1.0 1.0 0.804 1.0 0.874 1.0 1.0 1.0 1.0 0.93 1.0 1.0 1.0 1.0 1.221 1.0 1.0 1.0 1.0 1.15 1.0 1.0 1.0 1.0 1.014 1.0 1.0 1.0 1.0 1.052 1.0 1.0 1.0 1.0 1.054 1.0 1.0 1.0 1.0 1.016 1.0 1.0 1.0 1.0 1.039 1.0 1.0 1.0 1.0 1.024 1.0 1.0 1.0 1.0 0.996 1.0 1.0 1.0 1.0 0.876 1.0 1.0 1.0 1.0 0.937 1.0 1.0 1.0 1.0 0.969 1.0 1.0 1.0 1.0 0.932 1.0 1.0 1.0 1.0 0.995 1.0 1.0 1.0 1.0 1.07 1.0 1.0 1.0 1.0 1.029 1.0 1.0 1.0 1.0 1.051 1.0 1.0 1.0 1.0 0.913 1.0 1.0 1.0 1.0 1.001 1.0 1.0 1.0 1.0 1.05 1.0 1.0 1.0 1.0 1.03 1.0 1.0 1.0 1.0 0.912 1.0 1.0 1.0 1.0 0.876 1.0 1.0 1.0 1.0 0.963 1.0 1.0 1.0 1.0 0.879 1.0 1.0 1.0 1.0 1.071 1.0 1.0 1.0 1.0 0.955 1.0 1.0 1.0 1.0 1.01 1.0 1.0 1.0 1.0 0.977 1.0 1.0 1.0 1.0 1.001 1.0 1.0 1.0 1.0 0.896 1.0 1.0 1.0 1.0 0.855 1.0 1.0 1.0 1.0 0.838 1.0 1.0 1.0 1.0 0.692 1.0 1.0 1.0 1.0 0.827 1.0 1.0 0.965 1.125 0.967 1.113 0.98 1.179 0.933 1.184 0.85 1.08 0.882 1.03 0.95 0.83 1.231 0.922 1.087 1.12 0.864 0.971 0.921 1.069 0.805 0.918 1.007 1.067 1.155 0.875 1.126 0.936 1.039 0.806 0.879 1.214 0.967 0.856 1.04 1.077 1.109 1.181 0.859 1.156 1.154 1.179 0.784 1.274 1.128 1.034 1.151 1.22 1.282 0.768 1.137 0.762 1.213 1.199 0.969 1.138 1.192 1.218 1.21 1.242 0.764 1.227 0.777 0.849 1.161 1.171 1.201 1.033 0.971 1.169 0.933 1.038 1.219 0.876 1.147 0.923 1.272 1.212 1.221 1.161 1.14 0.701 1.007 1.015 1.0 1.259 1.205 1.13 0.9 1.0 0.982 1.136 0.806 0.99 1.0 0.971 0.932 0.811 0.932 1.0 0.803 0.733 1.149 1.074 1.0 0.728 0.999 0.837 1.019 1.0 0.963 1.477 1.032 1.077 1.0 1.009 0.76 1.037 0.85 1.0 0.91 0.738 1.142 0.881 1.0 0.971 0.757 0.768 1.242 1.0 0.931 1.302 0.873 0.961 1.0 1.11 0.978 0.88 0.981 1.0 0.765 0.973 1.027 0.983 1.0 1.007 0.728 0.986 1.123 1.0 0.926 0.957 0.745 0.925 1.0 0.947 0.935 1.0 1.099 1.0 0.738 0.94 1.0 0.97 1.0 0.861 0.939 1.0 0.824 1.0 1.001 0.773 1.0 0.805 1.0 1.0 1.164 1.0 0.867 1.0 1.0 0.907 1.0 0.835 1.0 1.0 0.909 1.0 0.895 1.0 1.0 1.375 1.0 1.094 1.0 1.0 1.372 1.0 0.864 1.0 1.0 0.704 1.0 0.688 1.0 1.0 0.837 1.0 0.848 1.0 1.0 0.833 1.0 0.699 1.0 1.0 1.091 1.0 1.0 1.0 1.0 1.106 1.0 1.0 1.0 1.0 1.036 1.0 1.0 1.0 1.0 0.836 1.0 1.0 1.0 1.0 1.0 1.0 1.0 1.0 1.0 1.0 1.0 1.0 1.0 1.0 1.0 1.0 1.0 1.0 1.0 1.0 1.0 1.0 1.0 1.0 1.0 1.0 1.0 1.0 1.0 1.0 1.0 1.0 1.0 1.0 1.0 1.0 1.0 1.0 1.0 1.0 1.0 1.0 1.0 1.0 1.0 1.0 1.0 1.0 1.0 1.0 1.0 1.0 1.0 1.0 1.0 1.0 1.0 1.0 1.0 1.0 1.0 1.0 1.0 1.0 1.0 1.0 1.0 1.0 1.0 1.0 1.0 1.0 1.0 1.0 1.0 1.0 1.0 1.0 1.0 1.0 1.0 1.0 1.0 1.0 1.0 1.0 1.0 1.0 1.0 1.0 1.0 1.0 1.0 1.0 1.0 1.0 1.0 1.0 1.0 1.0 1.0 1.0 1.0 1.0 1.0 1.0 1.0 1.0 1.0 1.0 1.0 1.0 1.0 1.0 1.0 1.0 1.0 1.0 1.0 1.0 1.0 1.0 1.0 1.0 1.0 1.0 1.0 1.0 1.0 1.0 1.0 1.0 1.0 1.0 1.0 1.0 1.0 1.0 1.0 1.0 1.0 1.0 1.0 1.0 1.0 1.0 0.922 1.03 1.127 0.974 0.98 1.028 1.181 1.093 0.979 1.076 0.924 1.203 0.976 1.042 1.225 0.855 1.033 0.811 0.834 0.991 1.225 1.219 1.13 1.061 1.11 0.851 0.854 0.811 0.741 0.851 0.866 1.06 1.131 1.165 0.871 1.076 0.881 0.891 0.748 1.024 0.822 0.805 1.033 1.101 0.836 1.106 1.076 1.223 0.77 1.009 0.979 1.061 1.044 0.992 1.047 0.792 0.867 0.909 0.777 0.911 1.133 0.82 0.983 1.0 1.199 0.827 1.201 0.99 1.0 1.1 1.037 0.849 1.081 1.0 0.759 0.81 1.109 1.065 1.0 1.045 0.906 0.88 0.909 1.0 0.958 1.173 0.869 1.008 1.0 0.912 0.809 1.098 0.913 1.0 0.754 1.108 1.072 1.006 1.0 0.73 1.146 1.017 0.954 1.0 0.902 1.115 1.069 1.04 1.0 0.899 0.774 0.879 0.99 1.0 0.74 0.878 1.124 0.98 1.0 1.358 0.799 0.804 1.043 1.0 1.046 0.842 1.195 0.977 1.0 0.777 0.807 1.001 1.21 1.0 0.868 0.847 0.793 0.975 1.0 1.0 0.812 0.98 1.038 1.0 1.0 0.917 0.948 0.974 1.0 1.0 1.197 1.026 0.975 1.0 1.0 0.85 0.933 0.848 1.0 1.0 0.865 0.998 0.971 1.0 1.0 0.797 0.99 1.222 1.0 1.0 1.0 0.862 1.228 1.0 1.0 1.0 1.178 1.163 1.0 1.0 1.0 0.85 0.898 1.0 1.0 1.0 0.949 0.965 1.0 1.0 1.0 0.944 0.984 1.0 1.0 1.0 0.939 1.046 1.0 1.0 1.0 0.979 0.877 1.0 1.0 1.0 0.94 0.923 1.0 1.0 1.0 0.944 0.672 1.0 1.0 1.0 0.992 0.94 1.0 1.0 1.0 0.938 0.742 1.0 1.0 1.0 0.885 0.679 1.0 1.0 1.0 0.873 0.837 1.0 1.0 1.0 1.013 0.658 1.0 1.0 1.0 0.975 0.869 1.0 1.0 1.0 1.102 1.0 1.0 1.0 1.0 0.766 1.0 1.0 1.0 1.0 0.725 1.0 1.0 1.0 1.0 1.144 1.0 1.0 1.0 1.0 0.673 1.0 1.0 1.0 1.0 0.677 1.0 1.0 1.0 1.0 0.695 1.0 1.0 1.0 1.0 0.866 1.0 1.0 1.0 1.0 0.85 1.0 1.0 1.0 1.0 0.847 1.0 1.0 1.0 1.0 0.828 1.0 1.0 1.0 1.0 1.0 1.0 1.0 1.0 1.0 1.0 1.0 1.0 1.0 1.0 1.0 1.0 1.0 1.0 1.0 1.0 1.0 1.0 1.0 1.0 1.0 1.0 1.0 1.0 1.0 1.0 1.0 1.0 1.0 1.0 1.0 1.0 1.0 1.0 1.0 1.0 1.0 1.0 1.0 1.0 1.0 1.0 1.0 1.0 1.0 1.0 1.0 1.0 1.0 1.0 1.0 1.0 1.0 1.0 1.0 1.0 1.0 1.0 1.0 1.0 1.0 1.0 1.0 1.0 1.0 1.0 1.0 1.0 1.0 1.0 1.0 1.0 1.0 1.0 1.0 1.0 1.0 1.0 1.0 1.119 1.125 0.978 1.062 0.894 0.944 1.186 1.198 1.092 1.179 1.2 1.035 0.969 1.114 1.191 0.875 0.907 0.947 0.809 0.868 1.046 1.04 1.121 0.906 1.041 0.891 1.179 0.906 1.229 0.85 1.119 0.725 1.005 0.802 1.063 0.888 1.103 0.863 1.036 1.03 1.031 1.171 1.104 0.975 1.2 1.084 1.217 1.101 1.198 0.753 0.831 1.09 1.039 1.102 1.128 1.13 0.73 1.022 1.099 1.3 1.039 1.164 1.101 1.23 1.039 1.037 0.737 1.124 1.024 1.106 1.13 1.238 0.732 0.841 0.761 1.146 1.131 0.731 1.164 0.754 1.094 1.009 1.315 1.274 1.0 1.193 0.708 1.335 1.178 1.0 1.175 1.224 1.013 0.703 1.0 1.119 0.956 1.158 1.142 1.0 0.985 0.836 1.178 0.703 1.0 0.956 1.218 0.965 1.023 1.0 0.966 0.964 0.964 1.031 1.0 1.0 1.252 1.388 0.871 1.0 1.013 1.245 0.913 1.111 1.0 1.18 1.002 0.71 1.031 1.0 1.143 1.255 1.213 0.953 1.0 1.127 0.829 0.723 0.754 1.0 0.98 1.27 1.292 0.814 1.0 1.223 0.671 1.271 0.698 1.0 1.207 0.803 1.277 0.807 1.0 0.686 1.027 0.989 1.013 1.0 0.688 1.262 1.318 0.813 1.0 0.687 1.307 0.708 1.0 1.0 0.693 0.694 0.886 1.0 1.0 0.849 0.801 1.0 1.0 1.0 0.85 0.894 1.0 1.0 1.0 0.841 0.913 1.0 1.0 1.0 1.05 0.712 1.0 1.0 1.0 0.892 0.79 1.0 1.0 1.0 1.07 0.849 1.0 1.0 1.0 1.087 1.0 1.0 1.0 1.0 0.807 1.0 1.0 1.0 1.0 1.408 1.0 1.0 1.0 1.0 0.808 1.0 1.0 1.0 1.0 0.956 1.0 1.0 1.0 1.0 1.233 1.0 1.0 1.0 1.0 0.927 1.0 1.0 1.0 1.0 0.876 1.0 1.0 1.0 1.0 1.0 1.0 1.0 1.0 1.0 1.0 1.0 1.0 1.0 1.0 1.0 1.0 1.0 1.0 1.0 1.0 1.0 1.0 1.0 1.0 1.0 1.0 1.0 1.0 1.0 1.0 1.0 1.0 1.0 1.0 1.0 1.0 1.0 1.0 1.0 1.0 1.0 1.0 1.0 1.0 1.0 1.0 1.0 1.0 1.0 1.0 1.0 1.0 1.0 1.0 1.0 1.0 1.0 1.0 1.0 1.0 1.0 1.0 1.0 1.0 1.0 1.0 1.0 1.0 1.0 1.0 1.0 1.0 1.0 1.0 1.0 1.0 1.0 1.0 1.0 1.0 1.0 1.0 1.0 1.0 1.0 1.0 1.0 1.0 1.0 1.0 1.0 1.0 1.0 1.0 1.0 1.0 1.0 1.0 1.0 1.0 1.0 1.0 1.0 1.0 1.0 1.0 1.0 1.0 1.0 1.0 1.0 1.0 1.0 1.0 1.0 1.0 1.0 1.0 1.0 1.0 1.0 1.0 1.0 1.0 1.0 1.0 1.0 1.0 1.0 1.0 1.0 1.0 1.0 1.0 1.0 1.0 1.0 1.0 1.0 0.922 1.008 1.127 1.062 0.894 1.176 0.932 1.094 0.848 1.184 1.009 0.841 0.942 1.184 1.103 0.943 0.835 1.114 0.824 0.944 1.097 1.198 1.117 1.017 0.891 1.091 1.047 0.802 1.055 1.153 1.086 0.851 1.123 1.121 0.95 1.121 0.915 0.803 1.046 1.185 0.909 0.968 1.009 1.232 1.051 0.858 0.921 0.907 1.027 1.061 1.135 1.119 0.921 1.19 1.038 1.085 0.996 1.004 1.0 0.788 0.829 1.108 1.035 1.06 1.083 1.12 0.842 0.871 0.991 1.219 0.825 1.098 0.922 1.042 0.725 1.117 1.119 1.008 1.0 1.242 0.793 1.075 1.064 1.0 1.114 0.799 1.085 0.833 1.0 1.158 1.065 1.039 1.078 1.0 1.364 0.878 0.877 0.978 1.0 0.784 1.038 0.754 1.09 1.0 0.981 1.02 0.754 1.012 1.0 1.068 1.077 1.001 0.808 1.0 1.066 1.21 0.793 1.237 1.0 1.445 0.83 0.886 1.035 1.0 1.089 0.985 1.043 1.272 1.0 0.725 1.209 0.782 0.934 1.0 1.46 0.97 0.918 1.289 1.0 1.066 1.055 1.093 0.781 1.0 0.933 0.878 1.189 0.808 1.0 1.093 1.285 0.965 0.798 1.0 0.774 1.032 1.232 1.031 1.0 0.925 1.0 1.284 1.302 1.0 1.115 1.0 1.319 0.764 1.0 0.95 1.0 0.956 0.916 1.0 0.695 1.0 1.006 0.754 1.0 0.895 1.0 0.767 0.746 1.0 0.97 1.0 0.751 0.748 1.0 1.024 1.0 0.778 1.417 1.0 1.573 1.0 1.0 0.759 1.0 0.847 1.0 1.0 0.739 1.0 0.999 1.0 1.0 1.173 1.0 1.0 1.0 1.0 0.795 1.0 1.0 1.0 1.0 1.013 1.0 1.0 1.0 1.0 1.53 1.0 1.0 1.0 1.0 1.0 1.0 1.0 1.0 1.0 1.0 1.0 1.0 1.0 1.0 1.0 1.0 1.0 1.0 1.0 1.0 1.0 1.0 1.0 1.0 1.0 1.0 1.0 1.0 1.0 1.0 1.0 1.0 1.0 1.0 1.0 1.0 1.0 1.0 1.0 1.0 1.0 1.0 1.0 1.0 1.0 1.0 1.0 1.0 1.0 1.0 1.0 1.0 1.0 1.0 1.0 1.0 1.0 1.0 1.0 1.0 1.0 1.0 1.0 1.0 1.0 1.0 1.0 1.0 1.0 1.0 1.0 1.0 1.0 1.0 1.0 1.0 1.0 1.0 1.0 1.0 1.0 1.0 1.0 1.0 1.0 1.0 1.0 1.0 1.0 1.0 1.0 1.0 1.0 1.0 1.0 1.0 1.0 1.0 1.0 1.0 1.0 1.0 1.0 1.0 1.0 1.0 1.0 1.0 1.0 1.0 1.0 1.0 1.0 1.0 1.0 1.0 1.0 1.0 1.0 1.0 1.0 1.0 1.0 1.0 1.0 1.0 1.0 1.0 1.0 1.0 1.0 1.0 1.0 1.0 1.0 1.0 1.0 1.0 1.0 1.0 1.0 1.0 1.0 1.0 1.0 1.0 1.0 1.0 1.0 1.0 1.0 1.0 1.0 1.0 1.0 1.0 1.0,1.5727719,0.5727719,0.64233434,0.3,0.43313318490982056,0.0003,5,2.6006017
29,0.1431291103363037,0.99701166,1.018 1.031 0.965 0.975 0.965 0.938 1.188 1.101 0.841 0.838 1.036 1.215 0.942 1.112 1.009 1.221 0.811 0.781 0.915 0.914 1.035 1.083 0.921 1.249 1.094 1.028 0.809 1.213 1.031 1.168 1.068 0.809 1.052 0.853 1.215 0.914 0.866 1.187 1.046 1.142 1.082 1.086 1.023 0.778 0.715 0.985 0.81 1.074 1.195 0.936 1.136 0.811 1.077 1.205 0.762 0.921 1.07 1.07 1.047 1.025 0.879 0.869 0.81 1.119 1.0 1.182 1.103 0.764 0.828 1.0 1.037 1.11 1.049 1.097 1.0 1.153 1.277 1.12 1.107 1.0 1.313 0.875 1.351 1.035 1.0 1.287 0.866 1.127 0.704 1.0 1.057 0.795 1.051 1.063 1.0 1.0 0.866 0.762 0.815 1.0 1.241 0.789 0.865 1.109 1.0 0.976 1.098 1.0 0.806 1.0 0.785 0.811 1.0 0.77 1.0 0.78 1.056 1.0 0.782 1.0 0.701 0.98 1.0 0.796 1.0 1.018 0.983 1.0 0.786 1.0 0.791 1.181 1.0 0.786 1.0 0.994 0.947 1.0 1.054 1.0 1.143 0.991 1.0 1.133 1.0 0.655 0.734 1.0 0.979 1.0 0.65 1.173 1.0 0.816 1.0 1.097 1.098 1.0 1.013 1.0 1.519 1.115 1.0 0.967 1.0 1.0 0.948 1.0 0.985 1.0 1.0 0.927 1.0 0.806 1.0 1.0 0.973 1.0 1.131 1.0 1.0 0.869 1.0 0.801 1.0 1.0 0.728 1.0 0.831 1.0 1.0 1.098 1.0 1.0 1.0 1.0 1.479 1.0 1.0 1.0 1.0 0.962 1.0 1.0 1.0 1.0 0.817 1.0 1.0 1.0 1.0 0.821 1.0 1.0 1.0 1.0 0.825 1.0 1.0 1.0 1.0 0.881 1.0 1.0 1.0 1.0 0.8 1.0 1.0 1.0 1.0 1.0 1.0 1.0 1.0 1.0 1.0 1.0 1.0 1.0 1.0 1.0 1.0 1.0 1.0 1.0 1.0 1.0 1.0 1.0 1.0 1.0 1.0 1.0 1.0 1.0 1.0 1.0 1.0 1.0 1.0 1.0 1.0 1.0 1.0 1.0 1.0 1.0 1.0 1.0 1.0 1.0 1.0 1.0 1.0 1.0 1.0 1.0 1.0 1.0 1.0 1.0 1.0 1.0 1.0 1.0 1.0 1.0 1.0 1.0 1.0 1.0 1.0 1.0 1.0 1.0 1.0 1.0 1.0 1.0 1.0 1.0 1.0 1.0 1.0 1.0 1.0 1.0 1.0 1.0 1.0 1.0 1.0 1.0 1.0 1.0 1.0 1.0 1.0 1.0 1.0 1.0 1.0 1.0 1.0 1.0 1.0 1.0 1.0 1.0 1.0 1.0 1.0 1.0 1.0 1.0 1.0 1.0 1.0 1.0 1.0 1.0 1.0 1.0 1.0 1.0 1.0 1.0 1.0 1.0 1.0 1.0 1.0 1.0 1.0 1.0 1.0 1.0 1.0 1.0 1.0 1.0 1.0 1.0 1.0 1.0 1.0 1.0 1.0 1.0 1.0 1.0 1.0 1.0 1.0 1.0 1.0 1.0 1.0 1.0 0.994 0.957 1.066 0.975 0.965 1.19 0.929 0.945 0.848 0.964 1.015 1.041 0.988 0.829 1.125 1.066 0.835 0.918 0.82 1.014 0.989 1.051 0.995 0.881 0.868 1.167 0.863 1.149 1.061 0.798 0.774 1.173 0.906 1.049 0.811 1.18 1.118 1.054 1.194 0.808 0.771 0.83 1.151 0.715 1.218 0.771 1.014 1.038 0.77 1.226 0.778 0.836 0.819 0.832 0.732 1.176 0.841 0.906 1.146 0.736 1.183 0.975 1.103 0.693 0.959 0.991 1.079 1.116 0.728 1.189 0.945 1.039 1.107 1.225 0.742 1.02 1.001 1.033 0.678 1.187 0.962 0.981 0.796 0.689 0.75 1.0 1.086 1.094 1.029 0.775 1.0 1.025 0.786 0.709 1.138 1.0 1.03 1.318 0.938 1.013 1.0 0.901 0.714 0.706 0.748 1.0 0.911 0.987 0.913 1.0 1.0 1.072 0.957 0.966 1.0 1.0 0.89 0.88 0.96 1.0 1.0 1.131 0.796 0.92 1.0 1.0 1.042 0.752 0.725 1.0 1.0 1.162 0.671 1.185 1.0 1.0 0.945 0.875 0.863 1.0 1.0 0.913 1.204 0.752 1.0 1.0 0.949 0.99 1.0 1.0 1.0 1.135 0.761 1.0 1.0 1.0 0.873 0.654 1.0 1.0 1.0 0.843 0.749 1.0 1.0 1.0 0.941 1.521 1.0 1.0 1.0 0.82 1.0 1.0 1.0 1.0 0.816 1.0 1.0 1.0 1.0 0.933 1.0 1.0 1.0 1.0 1.04 1.0 1.0 1.0 1.0 0.934 1.0 1.0 1.0 1.0 0.998 1.0 1.0 1.0 1.0 1.015 1.0 1.0 1.0 1.0 0.727 1.0 1.0 1.0 1.0 1.008 1.0 1.0 1.0 1.0 0.964 1.0 1.0 1.0 1.0 1.199 1.0 1.0 1.0 1.0 0.776 1.0 1.0 1.0 1.0 1.512 1.0 1.0 1.0 1.0 1.442 1.0 1.0 1.0 1.0 0.704 1.0 1.0 1.0 1.0 1.0 1.0 1.0 1.0 1.0 1.0 1.0 1.0 1.0 1.0 1.0 1.0 1.0 1.0 1.0 1.0 1.0 1.0 1.0 1.0 1.0 1.0 1.0 1.0 1.0 1.0 1.0 1.0 1.0 1.0 1.0 1.0 1.0 1.0 1.0 1.0 1.0 1.0 1.0 1.0 1.0 1.0 1.0 1.0 1.0 1.0 1.0 1.0 1.0 1.0 1.0 1.0 1.0 1.0 1.0 1.0 1.0 1.0 1.0 1.0 1.0 1.0 1.0 1.0 1.0 1.0 1.0 1.0 1.0 1.0 1.0 1.0 1.0 1.0 1.0 1.0 1.0 1.0 1.0 1.0 1.0 1.0 1.0 1.0 1.0 1.0 1.0 1.0 1.0 1.0 1.0 1.0 1.0 1.0 1.0 1.0 1.0 1.0 1.0 1.0 1.0 1.0 1.0 1.0 1.0 1.0 1.0 1.0 1.0 1.0 1.0 1.0 1.0 1.0 1.0 1.0 1.0 1.0 1.0 1.0 1.0 1.0 1.0 1.0 1.0 1.0 1.0 1.0 1.0 1.0 1.0 1.0 1.0 1.0 1.125 1.031 0.884 1.064 0.89 0.942 0.929 1.099 0.953 0.842 1.215 1.226 0.933 1.108 1.199 0.926 1.037 1.245 1.119 0.898 1.204 1.078 1.248 0.916 0.882 0.956 0.928 0.918 1.134 1.191 1.15 0.894 1.035 0.787 0.843 0.936 0.91 1.024 0.894 1.192 1.059 1.042 1.12 1.207 0.745 1.048 1.116 1.082 0.882 1.15 0.991 1.173 1.101 1.091 1.135 0.85 0.782 1.069 0.978 0.711 1.012 1.083 1.23 0.797 0.758 1.07 1.056 0.734 1.12 0.97 1.133 1.225 0.931 1.174 0.824 1.006 1.175 0.755 1.14 0.832 1.129 1.191 0.953 1.157 1.117 0.763 0.991 0.938 1.151 0.996 0.81 0.716 0.881 0.747 1.088 1.081 0.717 0.731 0.891 1.312 0.826 0.691 1.411 1.101 0.867 1.075 0.967 1.0 0.97 0.923 0.815 0.693 1.0 0.789 0.833 1.019 0.787 1.0 1.112 1.0 0.791 1.282 1.0 1.381 1.0 0.772 0.79 1.0 0.921 1.0 0.785 1.341 1.0 1.063 1.0 0.835 1.024 1.0 0.946 1.0 0.918 0.903 1.0 1.138 1.0 1.073 1.148 1.0 0.761 1.0 0.985 0.902 1.0 0.911 1.0 0.987 0.822 1.0 1.0 1.0 0.795 0.897 1.0 1.0 1.0 1.026 0.703 1.0 1.0 1.0 1.085 0.762 1.0 1.0 1.0 0.963 0.817 1.0 1.0 1.0 0.859 0.776 1.0 1.0 1.0 1.088 0.978 1.0 1.0 1.0 0.892 1.0 1.0 1.0 1.0 1.014 1.0 1.0 1.0 1.0 0.97 1.0 1.0 1.0 1.0 0.949 1.0 1.0 1.0 1.0 0.897 1.0 1.0 1.0 1.0 0.833 1.0 1.0 1.0 1.0 1.35 1.0 1.0 1.0 1.0 1.325 1.0 1.0 1.0 1.0 1.364 1.0 1.0 1.0 1.0 1.107 1.0 1.0 1.0 1.0 0.785 1.0 1.0 1.0 1.0 0.841 1.0 1.0 1.0 1.0 1.443 1.0 1.0 1.0 1.0 0.779 1.0 1.0 1.0 1.0 1.0 1.0 1.0 1.0 1.0 1.0 1.0 1.0 1.0 1.0 1.0 1.0 1.0 1.0 1.0 1.0 1.0 1.0 1.0 1.0 1.0 1.0 1.0 1.0 1.0 1.0 1.0 1.0 1.0 1.0 1.0 1.0 1.0 1.0 1.0 1.0 1.0 1.0 1.0 1.0 1.0 1.0 1.0 1.0 1.0 1.0 1.0 1.0 1.0 1.0 1.0 1.0 1.0 1.0 1.0 1.0 1.0 1.0 1.0 1.0 1.0 1.0 1.0 1.0 1.0 1.0 1.0 1.0 1.0 1.0 1.0 1.0 1.0 1.0 1.0 1.0 1.0 1.0 1.0 1.0 1.0 1.0 1.0 1.0 1.0 1.0 1.0 1.0 1.0 1.0 1.0 1.0 1.0 1.0 1.0 1.0 1.0 1.0 1.0 1.0 1.0 1.0 1.0 1.0 1.0 1.0 1.0 1.0 1.0 1.0 1.0 1.0 1.0 1.0 1.0 1.0 1.0 1.0 1.0 1.0 1.125 1.007 0.884 1.064 1.056 0.887 0.931 1.193 0.973 0.838 0.925 1.029 0.941 0.979 0.953 0.862 1.03 1.126 0.899 1.255 0.91 1.106 0.983 1.058 0.985 1.08 1.131 1.129 0.812 1.07 1.022 1.061 1.126 1.265 0.822 0.765 1.092 1.18 1.267 1.145 1.111 0.882 1.176 1.061 1.229 0.916 0.845 0.815 1.106 1.095 1.174 1.107 1.007 1.06 1.336 1.306 1.166 0.992 1.309 1.366 1.237 1.044 0.963 0.967 1.137 1.186 1.143 1.134 1.322 0.938 1.249 1.288 1.039 1.321 1.332 0.968 1.263 1.135 1.334 0.743 1.294 0.656 1.185 0.909 1.17 1.308 1.247 0.925 1.344 0.795 0.667 1.194 1.112 0.777 1.056 1.013 1.245 1.033 0.747 1.34 1.286 0.708 1.15 1.033 1.344 0.978 0.98 1.104 0.764 0.752 1.33 1.227 1.116 0.774 1.17 1.167 0.84 0.997 1.324 0.882 1.159 0.847 1.006 1.338 0.864 0.98 1.364 0.903 0.78 0.78 1.341 0.795 0.9 1.101 1.368 1.13 0.847 0.992 0.92 1.329 0.945 1.391 0.993 0.808 0.713 0.73 1.0 0.976 0.636 1.0 0.705 1.0 0.998 1.0 1.0 0.718 1.0 0.876 1.0 1.0 0.735 1.0 0.986 1.0 1.0 1.219 1.0 0.996 1.0 1.0 1.507 1.0 1.213 1.0 1.0 0.855 1.0 0.992 1.0 1.0 1.518 1.0 0.875 1.0 1.0 0.925 1.0 0.869 1.0 1.0 0.98 1.0 0.869 1.0 1.0 0.797 1.0 0.868 1.0 1.0 1.0 1.0 0.925 1.0 1.0 1.0 1.0 1.232 1.0 1.0 1.0 1.0 1.157 1.0 1.0 1.0 1.0 1.014 1.0 1.0 1.0 1.0 1.053 1.0 1.0 1.0 1.0 1.055 1.0 1.0 1.0 1.0 1.017 1.0 1.0 1.0 1.0 1.041 1.0 1.0 1.0 1.0 1.027 1.0 1.0 1.0 1.0 0.999 1.0 1.0 1.0 1.0 0.872 1.0 1.0 1.0 1.0 0.934 1.0 1.0 1.0 1.0 0.966 1.0 1.0 1.0 1.0 0.929 1.0 1.0 1.0 1.0 0.995 1.0 1.0 1.0 1.0 1.072 1.0 1.0 1.0 1.0 1.03 1.0 1.0 1.0 1.0 1.053 1.0 1.0 1.0 1.0 0.907 1.0 1.0 1.0 1.0 1.001 1.0 1.0 1.0 1.0 1.052 1.0 1.0 1.0 1.0 1.034 1.0 1.0 1.0 1.0 0.906 1.0 1.0 1.0 1.0 0.871 1.0 1.0 1.0 1.0 0.96 1.0 1.0 1.0 1.0 0.875 1.0 1.0 1.0 1.0 1.073 1.0 1.0 1.0 1.0 0.951 1.0 1.0 1.0 1.0 1.011 1.0 1.0 1.0 1.0 0.973 1.0 1.0 1.0 1.0 1.004 1.0 1.0 1.0 1.0 0.89 1.0 1.0 1.0 1.0 0.849 1.0 1.0 1.0 1.0 0.832 1.0 1.0 1.0 1.0 0.681 1.0 1.0 1.0 1.0 0.822 1.0 1.0 0.963 1.131 0.965 1.119 0.979 1.189 0.931 1.194 0.843 1.081 0.876 1.03 0.947 0.823 1.243 0.919 1.092 1.123 0.858 0.968 0.917 1.071 0.797 0.914 1.007 1.071 1.165 0.87 1.131 0.933 1.04 0.801 0.874 1.224 0.966 0.851 1.043 1.08 1.111 1.194 0.854 1.17 1.161 1.187 0.778 1.289 1.133 1.034 1.159 1.234 1.297 0.763 1.143 0.753 1.205 1.193 0.973 1.146 1.188 1.232 1.224 1.242 0.757 1.24 0.771 0.846 1.176 1.181 1.214 1.034 0.97 1.176 0.93 1.039 1.233 0.872 1.161 0.919 1.289 1.205 1.232 1.168 1.148 0.693 1.007 1.014 1.0 1.259 1.218 1.139 0.896 1.0 0.981 1.147 0.799 0.99 1.0 0.97 0.931 0.803 0.929 1.0 0.797 0.727 1.16 1.075 1.0 0.721 1.005 0.83 1.019 1.0 0.962 1.486 1.036 1.081 1.0 1.012 0.752 1.042 0.848 1.0 0.905 0.733 1.152 0.878 1.0 0.969 0.749 0.762 1.245 1.0 0.927 1.302 0.867 0.96 1.0 1.116 0.981 0.874 0.98 1.0 0.759 0.976 1.028 0.983 1.0 1.007 0.723 0.986 1.128 1.0 0.924 0.959 0.739 0.925 1.0 0.946 0.936 1.0 1.104 1.0 0.732 0.94 1.0 0.971 1.0 0.856 0.937 1.0 0.818 1.0 1.002 0.768 1.0 0.799 1.0 1.0 1.17 1.0 0.865 1.0 1.0 0.904 1.0 0.828 1.0 1.0 0.909 1.0 0.892 1.0 1.0 1.375 1.0 1.098 1.0 1.0 1.38 1.0 0.86 1.0 1.0 0.699 1.0 0.682 1.0 1.0 0.832 1.0 0.843 1.0 1.0 0.828 1.0 0.693 1.0 1.0 1.095 1.0 1.0 1.0 1.0 1.111 1.0 1.0 1.0 1.0 1.041 1.0 1.0 1.0 1.0 0.83 1.0 1.0 1.0 1.0 1.0 1.0 1.0 1.0 1.0 1.0 1.0 1.0 1.0 1.0 1.0 1.0 1.0 1.0 1.0 1.0 1.0 1.0 1.0 1.0 1.0 1.0 1.0 1.0 1.0 1.0 1.0 1.0 1.0 1.0 1.0 1.0 1.0 1.0 1.0 1.0 1.0 1.0 1.0 1.0 1.0 1.0 1.0 1.0 1.0 1.0 1.0 1.0 1.0 1.0 1.0 1.0 1.0 1.0 1.0 1.0 1.0 1.0 1.0 1.0 1.0 1.0 1.0 1.0 1.0 1.0 1.0 1.0 1.0 1.0 1.0 1.0 1.0 1.0 1.0 1.0 1.0 1.0 1.0 1.0 1.0 1.0 1.0 1.0 1.0 1.0 1.0 1.0 1.0 1.0 1.0 1.0 1.0 1.0 1.0 1.0 1.0 1.0 1.0 1.0 1.0 1.0 1.0 1.0 1.0 1.0 1.0 1.0 1.0 1.0 1.0 1.0 1.0 1.0 1.0 1.0 1.0 1.0 1.0 1.0 1.0 1.0 1.0 1.0 1.0 1.0 1.0 1.0 1.0 1.0 1.0 1.0 1.0 1.0 1.0 1.0 1.0 1.0 1.0 1.0 1.0 1.0 0.918 1.031 1.134 0.973 0.979 1.028 1.191 1.095 0.977 1.077 0.921 1.215 0.974 1.043 1.237 0.848 1.033 0.803 0.827 0.988 1.237 1.232 1.133 1.062 1.113 0.845 0.847 0.803 0.73 0.845 0.861 1.061 1.134 1.152 0.866 1.078 0.875 0.887 0.741 1.025 0.815 0.798 1.033 1.112 0.83 1.111 1.078 1.235 0.763 1.008 0.978 1.063 1.044 0.992 1.048 0.784 0.862 0.905 0.77 0.906 1.139 0.812 0.982 1.0 1.209 0.821 1.212 0.988 1.0 1.103 1.038 0.842 1.085 1.0 0.752 0.802 1.113 1.068 1.0 1.05 0.903 0.877 0.907 1.0 0.961 1.184 0.865 1.009 1.0 0.91 0.802 1.103 0.908 1.0 0.746 1.113 1.076 1.004 1.0 0.725 1.157 1.016 0.953 1.0 0.899 1.121 1.071 1.04 1.0 0.896 0.766 0.875 0.988 1.0 0.735 0.877 1.127 0.978 1.0 1.357 0.796 0.797 1.044 1.0 1.054 0.84 1.202 0.975 1.0 0.769 0.8 1.001 1.221 1.0 0.863 0.84 0.786 0.973 1.0 1.0 0.804 0.979 1.038 1.0 1.0 0.916 0.948 0.973 1.0 1.0 1.207 1.029 0.975 1.0 1.0 0.849 0.928 0.841 1.0 1.0 0.863 0.998 0.969 1.0 1.0 0.789 0.989 1.235 1.0 1.0 1.0 0.854 1.241 1.0 1.0 1.0 1.189 1.172 1.0 1.0 1.0 0.842 0.893 1.0 1.0 1.0 0.945 0.965 1.0 1.0 1.0 0.939 0.983 1.0 1.0 1.0 0.934 1.046 1.0 1.0 1.0 0.975 0.875 1.0 1.0 1.0 0.936 0.919 1.0 1.0 1.0 0.941 0.664 1.0 1.0 1.0 0.992 0.937 1.0 1.0 1.0 0.936 0.733 1.0 1.0 1.0 0.881 0.669 1.0 1.0 1.0 0.87 0.832 1.0 1.0 1.0 1.012 0.65 1.0 1.0 1.0 0.972 0.864 1.0 1.0 1.0 1.106 1.0 1.0 1.0 1.0 0.758 1.0 1.0 1.0 1.0 0.718 1.0 1.0 1.0 1.0 1.151 1.0 1.0 1.0 1.0 0.665 1.0 1.0 1.0 1.0 0.671 1.0 1.0 1.0 1.0 0.688 1.0 1.0 1.0 1.0 0.862 1.0 1.0 1.0 1.0 0.845 1.0 1.0 1.0 1.0 0.842 1.0 1.0 1.0 1.0 0.822 1.0 1.0 1.0 1.0 1.0 1.0 1.0 1.0 1.0 1.0 1.0 1.0 1.0 1.0 1.0 1.0 1.0 1.0 1.0 1.0 1.0 1.0 1.0 1.0 1.0 1.0 1.0 1.0 1.0 1.0 1.0 1.0 1.0 1.0 1.0 1.0 1.0 1.0 1.0 1.0 1.0 1.0 1.0 1.0 1.0 1.0 1.0 1.0 1.0 1.0 1.0 1.0 1.0 1.0 1.0 1.0 1.0 1.0 1.0 1.0 1.0 1.0 1.0 1.0 1.0 1.0 1.0 1.0 1.0 1.0 1.0 1.0 1.0 1.0 1.0 1.0 1.0 1.0 1.0 1.0 1.0 1.0 1.0 1.125 1.131 0.977 1.064 0.89 0.942 1.196 1.208 1.095 1.189 1.212 1.035 0.967 1.117 1.202 0.869 0.903 0.945 0.801 0.863 1.047 1.04 1.127 0.903 1.044 0.885 1.188 0.903 1.241 0.845 1.126 0.714 1.004 0.794 1.064 0.884 1.107 0.857 1.037 1.031 1.031 1.182 1.106 0.973 1.199 1.088 1.231 1.106 1.207 0.746 0.825 1.093 1.044 1.107 1.139 1.136 0.719 1.024 1.104 1.301 1.039 1.174 1.109 1.243 1.049 1.037 0.727 1.134 1.025 1.117 1.136 1.252 0.726 0.836 0.755 1.153 1.139 0.725 1.174 0.748 1.098 1.009 1.317 1.266 1.0 1.202 0.698 1.337 1.19 1.0 1.186 1.237 1.019 0.696 1.0 1.113 0.953 1.165 1.151 1.0 0.985 0.83 1.187 0.696 1.0 0.953 1.231 0.966 1.029 1.0 0.967 0.961 0.962 1.041 1.0 0.999 1.265 1.396 0.868 1.0 1.011 1.258 0.911 1.117 1.0 1.187 1.002 0.704 1.04 1.0 1.148 1.268 1.223 0.956 1.0 1.133 0.823 0.718 0.747 1.0 0.98 1.284 1.295 0.809 1.0 1.222 0.66 1.274 0.692 1.0 1.206 0.797 1.271 0.801 1.0 0.678 1.032 0.993 1.018 1.0 0.68 1.28 1.321 0.807 1.0 0.68 1.298 0.704 1.0 1.0 0.686 0.684 0.882 1.0 1.0 0.841 0.793 1.0 1.0 1.0 0.842 0.89 1.0 1.0 1.0 0.833 0.909 1.0 1.0 1.0 1.051 0.705 1.0 1.0 1.0 0.887 0.783 1.0 1.0 1.0 1.073 0.842 1.0 1.0 1.0 1.09 1.0 1.0 1.0 1.0 0.804 1.0 1.0 1.0 1.0 1.415 1.0 1.0 1.0 1.0 0.8 1.0 1.0 1.0 1.0 0.954 1.0 1.0 1.0 1.0 1.245 1.0 1.0 1.0 1.0 0.924 1.0 1.0 1.0 1.0 0.873 1.0 1.0 1.0 1.0 1.0 1.0 1.0 1.0 1.0 1.0 1.0 1.0 1.0 1.0 1.0 1.0 1.0 1.0 1.0 1.0 1.0 1.0 1.0 1.0 1.0 1.0 1.0 1.0 1.0 1.0 1.0 1.0 1.0 1.0 1.0 1.0 1.0 1.0 1.0 1.0 1.0 1.0 1.0 1.0 1.0 1.0 1.0 1.0 1.0 1.0 1.0 1.0 1.0 1.0 1.0 1.0 1.0 1.0 1.0 1.0 1.0 1.0 1.0 1.0 1.0 1.0 1.0 1.0 1.0 1.0 1.0 1.0 1.0 1.0 1.0 1.0 1.0 1.0 1.0 1.0 1.0 1.0 1.0 1.0 1.0 1.0 1.0 1.0 1.0 1.0 1.0 1.0 1.0 1.0 1.0 1.0 1.0 1.0 1.0 1.0 1.0 1.0 1.0 1.0 1.0 1.0 1.0 1.0 1.0 1.0 1.0 1.0 1.0 1.0 1.0 1.0 1.0 1.0 1.0 1.0 1.0 1.0 1.0 1.0 1.0 1.0 1.0 1.0 1.0 1.0 1.0 1.0 1.0 1.0 1.0 1.0 1.0 1.0 1.0 0.918 1.007 1.134 1.064 0.89 1.186 0.93 1.096 0.842 1.194 1.008 0.834 0.939 1.195 1.105 0.939 0.828 1.116 0.817 0.942 1.102 1.209 1.12 1.016 0.886 1.095 1.048 0.794 1.057 1.159 1.09 0.846 1.126 1.128 0.948 1.126 0.91 0.795 1.052 1.193 0.906 0.966 1.009 1.25 1.054 0.852 0.918 0.904 1.034 1.062 1.139 1.125 0.919 1.208 1.04 1.089 0.997 1.003 1.005 0.777 0.822 1.112 1.035 1.069 1.087 1.124 0.836 0.866 0.991 1.234 0.818 1.1 0.918 1.043 0.717 1.12 1.123 1.008 1.0 1.235 0.787 1.078 1.066 1.0 1.122 0.793 1.09 0.828 1.0 1.169 1.07 1.044 1.084 1.0 1.359 0.873 0.872 0.977 1.0 0.777 1.039 0.745 1.095 1.0 0.981 1.02 0.745 1.014 1.0 1.077 1.082 1.0 0.801 1.0 1.075 1.225 0.788 1.233 1.0 1.444 0.826 0.881 1.043 1.0 1.095 0.984 1.047 1.275 1.0 0.719 1.223 0.776 0.934 1.0 1.462 0.969 0.914 1.293 1.0 1.071 1.058 1.097 0.777 1.0 0.93 0.873 1.186 0.801 1.0 1.104 1.282 0.964 0.793 1.0 0.767 1.034 1.247 1.037 1.0 0.922 1.0 1.284 1.301 1.0 1.124 1.0 1.32 0.76 1.0 0.948 1.0 0.954 0.913 1.0 0.688 1.0 1.006 0.746 1.0 0.894 1.0 0.762 0.741 1.0 0.968 1.0 0.746 0.74 1.0 1.024 1.0 0.771 1.429 1.0 1.585 1.0 1.0 0.752 1.0 0.842 1.0 1.0 0.73 1.0 0.997 1.0 1.0 1.181 1.0 1.0 1.0 1.0 0.788 1.0 1.0 1.0 1.0 1.016 1.0 1.0 1.0 1.0 1.54 1.0 1.0 1.0 1.0 1.0 1.0 1.0 1.0 1.0 1.0 1.0 1.0 1.0 1.0 1.0 1.0 1.0 1.0 1.0 1.0 1.0 1.0 1.0 1.0 1.0 1.0 1.0 1.0 1.0 1.0 1.0 1.0 1.0 1.0 1.0 1.0 1.0 1.0 1.0 1.0 1.0 1.0 1.0 1.0 1.0 1.0 1.0 1.0 1.0 1.0 1.0 1.0 1.0 1.0 1.0 1.0 1.0 1.0 1.0 1.0 1.0 1.0 1.0 1.0 1.0 1.0 1.0 1.0 1.0 1.0 1.0 1.0 1.0 1.0 1.0 1.0 1.0 1.0 1.0 1.0 1.0 1.0 1.0 1.0 1.0 1.0 1.0 1.0 1.0 1.0 1.0 1.0 1.0 1.0 1.0 1.0 1.0 1.0 1.0 1.0 1.0 1.0 1.0 1.0 1.0 1.0 1.0 1.0 1.0 1.0 1.0 1.0 1.0 1.0 1.0 1.0 1.0 1.0 1.0 1.0 1.0 1.0 1.0 1.0 1.0 1.0 1.0 1.0 1.0 1.0 1.0 1.0 1.0 1.0 1.0 1.0 1.0 1.0 1.0 1.0 1.0 1.0 1.0 1.0 1.0 1.0 1.0 1.0 1.0 1.0 1.0 1.0 1.0 1.0 1.0 1.0 1.0,1.5853317,0.5853317,0.6361098,0.3,0.44217056035995483,0.0003,5,2.642166
30,0.14713093638420105,0.99698615,1.018 1.031 0.963 0.974 0.963 0.936 1.199 1.103 0.834 0.831 1.037 1.227 0.939 1.115 1.009 1.233 0.804 0.773 0.911 0.911 1.034 1.084 0.918 1.262 1.097 1.028 0.801 1.223 1.032 1.163 1.07 0.801 1.053 0.848 1.212 0.909 0.861 1.194 1.046 1.154 1.085 1.087 1.024 0.768 0.711 0.985 0.803 1.077 1.205 0.94 1.142 0.803 1.081 1.215 0.757 0.916 1.069 1.073 1.047 1.033 0.873 0.866 0.804 1.125 1.0 1.192 1.105 0.756 0.82 1.0 1.039 1.112 1.056 1.104 1.0 1.162 1.291 1.13 1.115 1.0 1.308 0.872 1.354 1.036 1.0 1.28 0.862 1.133 0.697 1.0 1.063 0.786 1.059 1.07 1.0 1.0 0.863 0.755 0.809 1.0 1.255 0.78 0.862 1.115 1.0 0.975 1.099 1.0 0.8 1.0 0.777 0.806 1.0 0.765 1.0 0.772 1.059 1.0 0.778 1.0 0.695 0.977 1.0 0.793 1.0 1.022 0.98 1.0 0.779 1.0 0.784 1.187 1.0 0.778 1.0 0.998 0.946 1.0 1.059 1.0 1.15 0.99 1.0 1.141 1.0 0.649 0.729 1.0 0.978 1.0 0.645 1.179 1.0 0.81 1.0 1.102 1.101 1.0 1.016 1.0 1.521 1.119 1.0 0.965 1.0 1.0 0.945 1.0 0.987 1.0 1.0 0.925 1.0 0.8 1.0 1.0 0.972 1.0 1.139 1.0 1.0 0.865 1.0 0.799 1.0 1.0 0.723 1.0 0.825 1.0 1.0 1.101 1.0 1.0 1.0 1.0 1.494 1.0 1.0 1.0 1.0 0.959 1.0 1.0 1.0 1.0 0.81 1.0 1.0 1.0 1.0 0.814 1.0 1.0 1.0 1.0 0.818 1.0 1.0 1.0 1.0 0.875 1.0 1.0 1.0 1.0 0.794 1.0 1.0 1.0 1.0 1.0 1.0 1.0 1.0 1.0 1.0 1.0 1.0 1.0 1.0 1.0 1.0 1.0 1.0 1.0 1.0 1.0 1.0 1.0 1.0 1.0 1.0 1.0 1.0 1.0 1.0 1.0 1.0 1.0 1.0 1.0 1.0 1.0 1.0 1.0 1.0 1.0 1.0 1.0 1.0 1.0 1.0 1.0 1.0 1.0 1.0 1.0 1.0 1.0 1.0 1.0 1.0 1.0 1.0 1.0 1.0 1.0 1.0 1.0 1.0 1.0 1.0 1.0 1.0 1.0 1.0 1.0 1.0 1.0 1.0 1.0 1.0 1.0 1.0 1.0 1.0 1.0 1.0 1.0 1.0 1.0 1.0 1.0 1.0 1.0 1.0 1.0 1.0 1.0 1.0 1.0 1.0 1.0 1.0 1.0 1.0 1.0 1.0 1.0 1.0 1.0 1.0 1.0 1.0 1.0 1.0 1.0 1.0 1.0 1.0 1.0 1.0 1.0 1.0 1.0 1.0 1.0 1.0 1.0 1.0 1.0 1.0 1.0 1.0 1.0 1.0 1.0 1.0 1.0 1.0 1.0 1.0 1.0 1.0 1.0 1.0 1.0 1.0 1.0 1.0 1.0 1.0 1.0 1.0 1.0 1.0 1.0 1.0 1.0 0.993 0.956 1.068 0.974 0.963 1.201 0.927 0.943 0.842 0.962 1.015 1.04 0.986 0.822 1.13 1.068 0.828 0.914 0.812 1.015 0.99 1.051 0.993 0.877 0.862 1.178 0.859 1.154 1.064 0.79 0.77 1.184 0.901 1.049 0.804 1.194 1.126 1.056 1.204 0.8 0.765 0.824 1.159 0.704 1.219 0.767 1.015 1.038 0.762 1.226 0.772 0.831 0.812 0.824 0.725 1.19 0.836 0.901 1.156 0.728 1.169 0.973 1.107 0.682 0.962 0.992 1.082 1.113 0.721 1.18 0.945 1.04 1.113 1.219 0.735 1.026 1.0 1.034 0.668 1.179 0.962 0.979 0.789 0.679 0.742 1.0 1.091 1.102 1.036 0.771 1.0 1.028 0.778 0.701 1.143 1.0 1.032 1.323 0.939 1.019 1.0 0.897 0.705 0.698 0.74 1.0 0.908 0.992 0.912 1.0 1.0 1.073 0.955 0.965 1.0 1.0 0.887 0.88 0.959 1.0 1.0 1.13 0.788 0.919 1.0 1.0 1.042 0.744 0.716 1.0 1.0 1.163 0.663 1.192 1.0 1.0 0.944 0.871 0.862 1.0 1.0 0.911 1.212 0.748 1.0 1.0 0.948 0.993 1.0 1.0 1.0 1.143 0.756 1.0 1.0 1.0 0.866 0.649 1.0 1.0 1.0 0.835 0.743 1.0 1.0 1.0 0.941 1.535 1.0 1.0 1.0 0.811 1.0 1.0 1.0 1.0 0.806 1.0 1.0 1.0 1.0 0.933 1.0 1.0 1.0 1.0 1.039 1.0 1.0 1.0 1.0 0.931 1.0 1.0 1.0 1.0 0.995 1.0 1.0 1.0 1.0 1.014 1.0 1.0 1.0 1.0 0.718 1.0 1.0 1.0 1.0 1.007 1.0 1.0 1.0 1.0 0.961 1.0 1.0 1.0 1.0 1.206 1.0 1.0 1.0 1.0 0.771 1.0 1.0 1.0 1.0 1.521 1.0 1.0 1.0 1.0 1.454 1.0 1.0 1.0 1.0 0.695 1.0 1.0 1.0 1.0 1.0 1.0 1.0 1.0 1.0 1.0 1.0 1.0 1.0 1.0 1.0 1.0 1.0 1.0 1.0 1.0 1.0 1.0 1.0 1.0 1.0 1.0 1.0 1.0 1.0 1.0 1.0 1.0 1.0 1.0 1.0 1.0 1.0 1.0 1.0 1.0 1.0 1.0 1.0 1.0 1.0 1.0 1.0 1.0 1.0 1.0 1.0 1.0 1.0 1.0 1.0 1.0 1.0 1.0 1.0 1.0 1.0 1.0 1.0 1.0 1.0 1.0 1.0 1.0 1.0 1.0 1.0 1.0 1.0 1.0 1.0 1.0 1.0 1.0 1.0 1.0 1.0 1.0 1.0 1.0 1.0 1.0 1.0 1.0 1.0 1.0 1.0 1.0 1.0 1.0 1.0 1.0 1.0 1.0 1.0 1.0 1.0 1.0 1.0 1.0 1.0 1.0 1.0 1.0 1.0 1.0 1.0 1.0 1.0 1.0 1.0 1.0 1.0 1.0 1.0 1.0 1.0 1.0 1.0 1.0 1.0 1.0 1.0 1.0 1.0 1.0 1.0 1.0 1.0 1.0 1.0 1.0 1.0 1.0 1.133 1.031 0.879 1.065 0.885 0.94 0.927 1.102 0.951 0.836 1.228 1.239 0.93 1.11 1.21 0.923 1.037 1.258 1.122 0.895 1.216 1.08 1.261 0.913 0.878 0.956 0.926 0.914 1.137 1.2 1.159 0.891 1.035 0.778 0.836 0.934 0.905 1.025 0.89 1.202 1.061 1.043 1.125 1.219 0.734 1.049 1.121 1.089 0.877 1.156 0.991 1.18 1.104 1.095 1.144 0.845 0.775 1.079 0.977 0.702 1.014 1.087 1.228 0.79 0.751 1.073 1.058 0.727 1.126 0.97 1.142 1.238 0.929 1.184 0.817 1.005 1.163 0.751 1.146 0.825 1.133 1.179 0.952 1.166 1.125 0.753 0.991 0.941 1.158 0.998 0.805 0.707 0.881 0.74 1.097 1.082 0.708 0.728 0.887 1.315 0.818 0.684 1.416 1.108 0.863 1.078 0.966 1.0 0.969 0.924 0.81 0.686 1.0 0.782 0.828 1.019 0.78 1.0 1.118 1.0 0.782 1.297 1.0 1.383 1.0 0.766 0.783 1.0 0.917 1.0 0.776 1.336 1.0 1.066 1.0 0.827 1.029 1.0 0.943 1.0 0.914 0.9 1.0 1.146 1.0 1.077 1.155 1.0 0.758 1.0 0.983 0.899 1.0 0.907 1.0 0.986 0.815 1.0 1.0 1.0 0.79 0.893 1.0 1.0 1.0 1.026 0.698 1.0 1.0 1.0 1.089 0.754 1.0 1.0 1.0 0.96 0.81 1.0 1.0 1.0 0.857 0.769 1.0 1.0 1.0 1.089 0.98 1.0 1.0 1.0 0.891 1.0 1.0 1.0 1.0 1.015 1.0 1.0 1.0 1.0 0.967 1.0 1.0 1.0 1.0 0.945 1.0 1.0 1.0 1.0 0.893 1.0 1.0 1.0 1.0 0.826 1.0 1.0 1.0 1.0 1.356 1.0 1.0 1.0 1.0 1.331 1.0 1.0 1.0 1.0 1.368 1.0 1.0 1.0 1.0 1.114 1.0 1.0 1.0 1.0 0.779 1.0 1.0 1.0 1.0 0.838 1.0 1.0 1.0 1.0 1.452 1.0 1.0 1.0 1.0 0.771 1.0 1.0 1.0 1.0 1.0 1.0 1.0 1.0 1.0 1.0 1.0 1.0 1.0 1.0 1.0 1.0 1.0 1.0 1.0 1.0 1.0 1.0 1.0 1.0 1.0 1.0 1.0 1.0 1.0 1.0 1.0 1.0 1.0 1.0 1.0 1.0 1.0 1.0 1.0 1.0 1.0 1.0 1.0 1.0 1.0 1.0 1.0 1.0 1.0 1.0 1.0 1.0 1.0 1.0 1.0 1.0 1.0 1.0 1.0 1.0 1.0 1.0 1.0 1.0 1.0 1.0 1.0 1.0 1.0 1.0 1.0 1.0 1.0 1.0 1.0 1.0 1.0 1.0 1.0 1.0 1.0 1.0 1.0 1.0 1.0 1.0 1.0 1.0 1.0 1.0 1.0 1.0 1.0 1.0 1.0 1.0 1.0 1.0 1.0 1.0 1.0 1.0 1.0 1.0 1.0 1.0 1.0 1.0 1.0 1.0 1.0 1.0 1.0 1.0 1.0 1.0 1.0 1.0 1.0 1.0 1.0 1.0 1.0 1.0 1.133 1.006 0.879 1.065 1.058 0.881 0.929 1.203 0.971 0.832 0.923 1.028 0.939 0.977 0.95 0.855 1.03 1.129 0.896 1.268 0.905 1.113 0.98 1.059 0.985 1.083 1.137 1.132 0.804 1.071 1.022 1.061 1.129 1.278 0.815 0.756 1.092 1.189 1.28 1.149 1.113 0.876 1.185 1.064 1.244 0.91 0.839 0.808 1.111 1.1 1.185 1.116 1.007 1.067 1.325 1.324 1.169 0.991 1.298 1.357 1.225 1.05 0.961 0.972 1.144 1.197 1.154 1.141 1.322 0.939 1.238 1.309 1.04 1.312 1.332 0.967 1.254 1.14 1.334 0.741 1.285 0.65 1.186 0.908 1.179 1.327 1.267 0.922 1.334 0.791 0.659 1.201 1.119 0.772 1.065 1.017 1.235 1.033 0.741 1.33 1.279 0.703 1.157 1.042 1.334 0.977 0.984 1.109 0.758 0.749 1.349 1.245 1.12 0.769 1.179 1.176 0.836 0.996 1.317 0.88 1.168 0.843 1.006 1.332 0.862 0.983 1.359 0.902 0.775 0.775 1.337 0.791 0.899 1.113 1.362 1.137 0.843 0.99 0.922 1.331 0.942 1.388 0.993 0.803 0.709 0.722 1.0 0.974 0.632 1.0 0.696 1.0 0.995 1.0 1.0 0.71 1.0 0.87 1.0 1.0 0.727 1.0 0.988 1.0 1.0 1.23 1.0 0.999 1.0 1.0 1.519 1.0 1.224 1.0 1.0 0.851 1.0 0.99 1.0 1.0 1.531 1.0 0.869 1.0 1.0 0.921 1.0 0.863 1.0 1.0 0.977 1.0 0.862 1.0 1.0 0.79 1.0 0.861 1.0 1.0 1.0 1.0 0.92 1.0 1.0 1.0 1.0 1.243 1.0 1.0 1.0 1.0 1.165 1.0 1.0 1.0 1.0 1.016 1.0 1.0 1.0 1.0 1.053 1.0 1.0 1.0 1.0 1.055 1.0 1.0 1.0 1.0 1.017 1.0 1.0 1.0 1.0 1.043 1.0 1.0 1.0 1.0 1.032 1.0 1.0 1.0 1.0 1.004 1.0 1.0 1.0 1.0 0.868 1.0 1.0 1.0 1.0 0.929 1.0 1.0 1.0 1.0 0.962 1.0 1.0 1.0 1.0 0.928 1.0 1.0 1.0 1.0 0.996 1.0 1.0 1.0 1.0 1.072 1.0 1.0 1.0 1.0 1.031 1.0 1.0 1.0 1.0 1.055 1.0 1.0 1.0 1.0 0.899 1.0 1.0 1.0 1.0 1.001 1.0 1.0 1.0 1.0 1.054 1.0 1.0 1.0 1.0 1.038 1.0 1.0 1.0 1.0 0.9 1.0 1.0 1.0 1.0 0.867 1.0 1.0 1.0 1.0 0.955 1.0 1.0 1.0 1.0 0.871 1.0 1.0 1.0 1.0 1.075 1.0 1.0 1.0 1.0 0.946 1.0 1.0 1.0 1.0 1.012 1.0 1.0 1.0 1.0 0.969 1.0 1.0 1.0 1.0 1.007 1.0 1.0 1.0 1.0 0.883 1.0 1.0 1.0 1.0 0.843 1.0 1.0 1.0 1.0 0.827 1.0 1.0 1.0 1.0 0.672 1.0 1.0 1.0 1.0 0.817 1.0 1.0 0.962 1.139 0.963 1.125 0.978 1.2 0.928 1.204 0.837 1.083 0.869 1.029 0.945 0.816 1.255 0.916 1.098 1.126 0.851 0.966 0.912 1.074 0.788 0.909 1.006 1.075 1.173 0.864 1.137 0.931 1.041 0.795 0.868 1.236 0.965 0.846 1.046 1.082 1.112 1.207 0.849 1.184 1.168 1.195 0.772 1.303 1.137 1.034 1.166 1.249 1.312 0.759 1.149 0.744 1.197 1.187 0.977 1.154 1.185 1.247 1.237 1.24 0.75 1.253 0.764 0.843 1.19 1.19 1.228 1.035 0.968 1.183 0.927 1.039 1.247 0.869 1.175 0.916 1.306 1.198 1.243 1.174 1.155 0.685 1.007 1.013 1.0 1.26 1.232 1.149 0.892 1.0 0.98 1.157 0.792 0.991 1.0 0.968 0.929 0.797 0.925 1.0 0.79 0.722 1.17 1.076 1.0 0.715 1.01 0.825 1.018 1.0 0.96 1.493 1.04 1.084 1.0 1.014 0.745 1.047 0.847 1.0 0.901 0.728 1.161 0.874 1.0 0.967 0.742 0.757 1.247 1.0 0.923 1.301 0.861 0.958 1.0 1.121 0.985 0.868 0.979 1.0 0.754 0.979 1.029 0.982 1.0 1.006 0.719 0.986 1.132 1.0 0.922 0.961 0.733 0.924 1.0 0.945 0.938 1.0 1.108 1.0 0.726 0.94 1.0 0.971 1.0 0.85 0.935 1.0 0.812 1.0 1.001 0.765 1.0 0.793 1.0 1.0 1.176 1.0 0.863 1.0 1.0 0.901 1.0 0.822 1.0 1.0 0.909 1.0 0.888 1.0 1.0 1.376 1.0 1.102 1.0 1.0 1.387 1.0 0.855 1.0 1.0 0.695 1.0 0.677 1.0 1.0 0.827 1.0 0.837 1.0 1.0 0.822 1.0 0.689 1.0 1.0 1.099 1.0 1.0 1.0 1.0 1.115 1.0 1.0 1.0 1.0 1.046 1.0 1.0 1.0 1.0 0.824 1.0 1.0 1.0 1.0 1.0 1.0 1.0 1.0 1.0 1.0 1.0 1.0 1.0 1.0 1.0 1.0 1.0 1.0 1.0 1.0 1.0 1.0 1.0 1.0 1.0 1.0 1.0 1.0 1.0 1.0 1.0 1.0 1.0 1.0 1.0 1.0 1.0 1.0 1.0 1.0 1.0 1.0 1.0 1.0 1.0 1.0 1.0 1.0 1.0 1.0 1.0 1.0 1.0 1.0 1.0 1.0 1.0 1.0 1.0 1.0 1.0 1.0 1.0 1.0 1.0 1.0 1.0 1.0 1.0 1.0 1.0 1.0 1.0 1.0 1.0 1.0 1.0 1.0 1.0 1.0 1.0 1.0 1.0 1.0 1.0 1.0 1.0 1.0 1.0 1.0 1.0 1.0 1.0 1.0 1.0 1.0 1.0 1.0 1.0 1.0 1.0 1.0 1.0 1.0 1.0 1.0 1.0 1.0 1.0 1.0 1.0 1.0 1.0 1.0 1.0 1.0 1.0 1.0 1.0 1.0 1.0 1.0 1.0 1.0 1.0 1.0 1.0 1.0 1.0 1.0 1.0 1.0 1.0 1.0 1.0 1.0 1.0 1.0 1.0 1.0 1.0 1.0 1.0 1.0 1.0 1.0 0.914 1.031 1.14 0.972 0.978 1.028 1.202 1.097 0.976 1.079 0.918 1.227 0.972 1.045 1.249 0.842 1.033 0.795 0.821 0.986 1.251 1.245 1.136 1.063 1.116 0.838 0.84 0.795 0.72 0.838 0.856 1.061 1.137 1.138 0.861 1.08 0.868 0.883 0.734 1.026 0.809 0.791 1.032 1.122 0.823 1.115 1.08 1.247 0.755 1.008 0.977 1.064 1.044 0.992 1.049 0.777 0.858 0.9 0.763 0.901 1.145 0.803 0.98 1.0 1.218 0.815 1.224 0.987 1.0 1.106 1.039 0.835 1.088 1.0 0.744 0.795 1.116 1.071 1.0 1.055 0.9 0.875 0.905 1.0 0.964 1.194 0.862 1.009 1.0 0.908 0.795 1.107 0.903 1.0 0.739 1.118 1.079 1.002 1.0 0.722 1.169 1.016 0.953 1.0 0.896 1.127 1.073 1.04 1.0 0.892 0.759 0.872 0.985 1.0 0.732 0.876 1.13 0.975 1.0 1.356 0.794 0.791 1.044 1.0 1.061 0.839 1.208 0.972 1.0 0.762 0.793 1.001 1.233 1.0 0.859 0.833 0.779 0.97 1.0 1.0 0.797 0.978 1.039 1.0 1.0 0.916 0.948 0.974 1.0 1.0 1.217 1.032 0.975 1.0 1.0 0.849 0.923 0.833 1.0 1.0 0.861 0.997 0.965 1.0 1.0 0.781 0.988 1.248 1.0 1.0 1.0 0.845 1.254 1.0 1.0 1.0 1.201 1.182 1.0 1.0 1.0 0.833 0.887 1.0 1.0 1.0 0.939 0.967 1.0 1.0 1.0 0.934 0.98 1.0 1.0 1.0 0.929 1.046 1.0 1.0 1.0 0.97 0.874 1.0 1.0 1.0 0.932 0.915 1.0 1.0 1.0 0.937 0.658 1.0 1.0 1.0 0.994 0.933 1.0 1.0 1.0 0.935 0.725 1.0 1.0 1.0 0.877 0.66 1.0 1.0 1.0 0.868 0.828 1.0 1.0 1.0 1.011 0.645 1.0 1.0 1.0 0.968 0.859 1.0 1.0 1.0 1.108 1.0 1.0 1.0 1.0 0.751 1.0 1.0 1.0 1.0 0.713 1.0 1.0 1.0 1.0 1.157 1.0 1.0 1.0 1.0 0.66 1.0 1.0 1.0 1.0 0.665 1.0 1.0 1.0 1.0 0.684 1.0 1.0 1.0 1.0 0.857 1.0 1.0 1.0 1.0 0.839 1.0 1.0 1.0 1.0 0.837 1.0 1.0 1.0 1.0 0.815 1.0 1.0 1.0 1.0 1.0 1.0 1.0 1.0 1.0 1.0 1.0 1.0 1.0 1.0 1.0 1.0 1.0 1.0 1.0 1.0 1.0 1.0 1.0 1.0 1.0 1.0 1.0 1.0 1.0 1.0 1.0 1.0 1.0 1.0 1.0 1.0 1.0 1.0 1.0 1.0 1.0 1.0 1.0 1.0 1.0 1.0 1.0 1.0 1.0 1.0 1.0 1.0 1.0 1.0 1.0 1.0 1.0 1.0 1.0 1.0 1.0 1.0 1.0 1.0 1.0 1.0 1.0 1.0 1.0 1.0 1.0 1.0 1.0 1.0 1.0 1.0 1.0 1.0 1.0 1.0 1.0 1.0 1.0 1.133 1.139 0.976 1.065 0.885 0.94 1.207 1.219 1.097 1.199 1.224 1.035 0.965 1.12 1.213 0.862 0.898 0.942 0.793 0.857 1.049 1.04 1.133 0.899 1.046 0.88 1.197 0.9 1.254 0.839 1.133 0.704 1.004 0.787 1.065 0.881 1.111 0.851 1.038 1.033 1.031 1.194 1.109 0.971 1.197 1.092 1.245 1.111 1.217 0.74 0.818 1.095 1.049 1.112 1.152 1.143 0.709 1.027 1.107 1.3 1.04 1.184 1.118 1.258 1.059 1.038 0.717 1.143 1.027 1.128 1.141 1.267 0.721 0.83 0.75 1.16 1.147 0.721 1.186 0.742 1.102 1.009 1.316 1.257 1.0 1.21 0.689 1.337 1.202 1.0 1.196 1.248 1.027 0.691 1.0 1.108 0.951 1.173 1.161 1.0 0.985 0.826 1.195 0.691 1.0 0.95 1.241 0.968 1.036 1.0 0.967 0.958 0.96 1.05 1.0 0.998 1.277 1.401 0.865 1.0 1.009 1.27 0.909 1.123 1.0 1.194 1.002 0.7 1.049 1.0 1.154 1.282 1.232 0.96 1.0 1.139 0.817 0.715 0.74 1.0 0.979 1.298 1.298 0.804 1.0 1.222 0.651 1.275 0.688 1.0 1.205 0.79 1.265 0.796 1.0 0.672 1.037 0.997 1.023 1.0 0.674 1.296 1.323 0.801 1.0 0.674 1.291 0.701 1.0 1.0 0.681 0.675 0.879 1.0 1.0 0.834 0.784 1.0 1.0 1.0 0.835 0.885 1.0 1.0 1.0 0.825 0.905 1.0 1.0 1.0 1.052 0.7 1.0 1.0 1.0 0.882 0.777 1.0 1.0 1.0 1.075 0.835 1.0 1.0 1.0 1.093 1.0 1.0 1.0 1.0 0.802 1.0 1.0 1.0 1.0 1.422 1.0 1.0 1.0 1.0 0.794 1.0 1.0 1.0 1.0 0.952 1.0 1.0 1.0 1.0 1.256 1.0 1.0 1.0 1.0 0.92 1.0 1.0 1.0 1.0 0.871 1.0 1.0 1.0 1.0 1.0 1.0 1.0 1.0 1.0 1.0 1.0 1.0 1.0 1.0 1.0 1.0 1.0 1.0 1.0 1.0 1.0 1.0 1.0 1.0 1.0 1.0 1.0 1.0 1.0 1.0 1.0 1.0 1.0 1.0 1.0 1.0 1.0 1.0 1.0 1.0 1.0 1.0 1.0 1.0 1.0 1.0 1.0 1.0 1.0 1.0 1.0 1.0 1.0 1.0 1.0 1.0 1.0 1.0 1.0 1.0 1.0 1.0 1.0 1.0 1.0 1.0 1.0 1.0 1.0 1.0 1.0 1.0 1.0 1.0 1.0 1.0 1.0 1.0 1.0 1.0 1.0 1.0 1.0 1.0 1.0 1.0 1.0 1.0 1.0 1.0 1.0 1.0 1.0 1.0 1.0 1.0 1.0 1.0 1.0 1.0 1.0 1.0 1.0 1.0 1.0 1.0 1.0 1.0 1.0 1.0 1.0 1.0 1.0 1.0 1.0 1.0 1.0 1.0 1.0 1.0 1.0 1.0 1.0 1.0 1.0 1.0 1.0 1.0 1.0 1.0 1.0 1.0 1.0 1.0 1.0 1.0 1.0 1.0 1.0 0.914 1.006 1.14 1.065 0.885 1.197 0.928 1.098 0.836 1.204 1.007 0.826 0.936 1.205 1.108 0.936 0.82 1.119 0.81 0.939 1.107 1.222 1.123 1.016 0.881 1.099 1.048 0.786 1.059 1.165 1.094 0.841 1.128 1.133 0.945 1.131 0.905 0.787 1.058 1.202 0.902 0.962 1.007 1.267 1.056 0.846 0.915 0.901 1.041 1.064 1.143 1.131 0.916 1.226 1.042 1.094 0.998 1.001 1.011 0.767 0.814 1.117 1.035 1.078 1.09 1.127 0.831 0.862 0.989 1.249 0.812 1.103 0.913 1.043 0.709 1.123 1.127 1.008 1.0 1.229 0.781 1.08 1.068 1.0 1.131 0.788 1.094 0.824 1.0 1.18 1.074 1.049 1.091 1.0 1.354 0.868 0.867 0.976 1.0 0.77 1.04 0.737 1.099 1.0 0.98 1.02 0.737 1.016 1.0 1.085 1.086 0.998 0.794 1.0 1.083 1.24 0.783 1.229 1.0 1.444 0.823 0.876 1.05 1.0 1.101 0.983 1.051 1.278 1.0 0.714 1.237 0.772 0.934 1.0 1.464 0.967 0.909 1.296 1.0 1.075 1.061 1.101 0.774 1.0 0.927 0.868 1.182 0.795 1.0 1.112 1.279 0.961 0.788 1.0 0.761 1.036 1.261 1.044 1.0 0.919 1.0 1.283 1.299 1.0 1.132 1.0 1.321 0.757 1.0 0.945 1.0 0.951 0.91 1.0 0.683 1.0 1.005 0.739 1.0 0.893 1.0 0.759 0.738 1.0 0.966 1.0 0.743 0.732 1.0 1.023 1.0 0.764 1.439 1.0 1.599 1.0 1.0 0.744 1.0 0.838 1.0 1.0 0.723 1.0 0.995 1.0 1.0 1.189 1.0 1.0 1.0 1.0 0.78 1.0 1.0 1.0 1.0 1.019 1.0 1.0 1.0 1.0 1.55 1.0 1.0 1.0 1.0 1.0 1.0 1.0 1.0 1.0 1.0 1.0 1.0 1.0 1.0 1.0 1.0 1.0 1.0 1.0 1.0 1.0 1.0 1.0 1.0 1.0 1.0 1.0 1.0 1.0 1.0 1.0 1.0 1.0 1.0 1.0 1.0 1.0 1.0 1.0 1.0 1.0 1.0 1.0 1.0 1.0 1.0 1.0 1.0 1.0 1.0 1.0 1.0 1.0 1.0 1.0 1.0 1.0 1.0 1.0 1.0 1.0 1.0 1.0 1.0 1.0 1.0 1.0 1.0 1.0 1.0 1.0 1.0 1.0 1.0 1.0 1.0 1.0 1.0 1.0 1.0 1.0 1.0 1.0 1.0 1.0 1.0 1.0 1.0 1.0 1.0 1.0 1.0 1.0 1.0 1.0 1.0 1.0 1.0 1.0 1.0 1.0 1.0 1.0 1.0 1.0 1.0 1.0 1.0 1.0 1.0 1.0 1.0 1.0 1.0 1.0 1.0 1.0 1.0 1.0 1.0 1.0 1.0 1.0 1.0 1.0 1.0 1.0 1.0 1.0 1.0 1.0 1.0 1.0 1.0 1.0 1.0 1.0 1.0 1.0 1.0 1.0 1.0 1.0 1.0 1.0 1.0 1.0 1.0 1.0 1.0 1.0 1.0 1.0 1.0 1.0 1.0 1.0,1.5985844,0.5985844,0.6316939,0.3,0.4504578113555908,0.0003,5,2.6930974
31,0.15086209774017334,0.99695724,1.017 1.031 0.962 0.973 0.962 0.934 1.21 1.105 0.828 0.824 1.036 1.24 0.936 1.117 1.009 1.247 0.796 0.765 0.908 0.909 1.034 1.085 0.914 1.276 1.098 1.027 0.793 1.235 1.032 1.158 1.071 0.793 1.055 0.842 1.208 0.904 0.857 1.201 1.047 1.165 1.088 1.088 1.025 0.759 0.707 0.985 0.794 1.081 1.215 0.943 1.148 0.795 1.085 1.226 0.752 0.911 1.068 1.077 1.048 1.041 0.867 0.863 0.797 1.131 1.0 1.199 1.108 0.749 0.812 1.0 1.041 1.114 1.064 1.111 1.0 1.171 1.305 1.137 1.124 1.0 1.303 0.869 1.357 1.038 1.0 1.273 0.859 1.139 0.691 1.0 1.069 0.777 1.066 1.077 1.0 1.0 0.859 0.75 0.803 1.0 1.266 0.771 0.858 1.121 1.0 0.974 1.098 1.0 0.794 1.0 0.77 0.802 1.0 0.762 1.0 0.765 1.062 1.0 0.776 1.0 0.691 0.975 1.0 0.791 1.0 1.028 0.978 1.0 0.773 1.0 0.776 1.192 1.0 0.77 1.0 1.002 0.945 1.0 1.065 1.0 1.156 0.989 1.0 1.148 1.0 0.645 0.724 1.0 0.976 1.0 0.641 1.184 1.0 0.805 1.0 1.106 1.103 1.0 1.02 1.0 1.523 1.121 1.0 0.963 1.0 1.0 0.942 1.0 0.99 1.0 1.0 0.924 1.0 0.795 1.0 1.0 0.97 1.0 1.144 1.0 1.0 0.862 1.0 0.799 1.0 1.0 0.719 1.0 0.818 1.0 1.0 1.103 1.0 1.0 1.0 1.0 1.509 1.0 1.0 1.0 1.0 0.955 1.0 1.0 1.0 1.0 0.803 1.0 1.0 1.0 1.0 0.807 1.0 1.0 1.0 1.0 0.812 1.0 1.0 1.0 1.0 0.87 1.0 1.0 1.0 1.0 0.79 1.0 1.0 1.0 1.0 1.0 1.0 1.0 1.0 1.0 1.0 1.0 1.0 1.0 1.0 1.0 1.0 1.0 1.0 1.0 1.0 1.0 1.0 1.0 1.0 1.0 1.0 1.0 1.0 1.0 1.0 1.0 1.0 1.0 1.0 1.0 1.0 1.0 1.0 1.0 1.0 1.0 1.0 1.0 1.0 1.0 1.0 1.0 1.0 1.0 1.0 1.0 1.0 1.0 1.0 1.0 1.0 1.0 1.0 1.0 1.0 1.0 1.0 1.0 1.0 1.0 1.0 1.0 1.0 1.0 1.0 1.0 1.0 1.0 1.0 1.0 1.0 1.0 1.0 1.0 1.0 1.0 1.0 1.0 1.0 1.0 1.0 1.0 1.0 1.0 1.0 1.0 1.0 1.0 1.0 1.0 1.0 1.0 1.0 1.0 1.0 1.0 1.0 1.0 1.0 1.0 1.0 1.0 1.0 1.0 1.0 1.0 1.0 1.0 1.0 1.0 1.0 1.0 1.0 1.0 1.0 1.0 1.0 1.0 1.0 1.0 1.0 1.0 1.0 1.0 1.0 1.0 1.0 1.0 1.0 1.0 1.0 1.0 1.0 1.0 1.0 1.0 1.0 1.0 1.0 1.0 1.0 1.0 1.0 1.0 1.0 1.0 1.0 1.0 0.993 0.955 1.069 0.973 0.962 1.212 0.924 0.941 0.836 0.96 1.014 1.04 0.984 0.815 1.134 1.069 0.82 0.911 0.805 1.016 0.99 1.051 0.991 0.873 0.857 1.187 0.854 1.16 1.066 0.782 0.766 1.195 0.897 1.049 0.797 1.205 1.133 1.057 1.215 0.792 0.759 0.818 1.167 0.693 1.219 0.764 1.017 1.038 0.754 1.226 0.767 0.825 0.805 0.815 0.717 1.202 0.83 0.897 1.165 0.72 1.156 0.97 1.11 0.673 0.965 0.993 1.085 1.109 0.715 1.172 0.944 1.042 1.117 1.213 0.728 1.033 0.998 1.035 0.659 1.173 0.963 0.977 0.781 0.671 0.736 1.0 1.095 1.111 1.041 0.769 1.0 1.032 0.77 0.694 1.148 1.0 1.035 1.328 0.94 1.023 1.0 0.893 0.696 0.691 0.733 1.0 0.904 0.994 0.912 1.0 1.0 1.074 0.953 0.963 1.0 1.0 0.885 0.88 0.958 1.0 1.0 1.129 0.78 0.918 1.0 1.0 1.042 0.735 0.708 1.0 1.0 1.164 0.655 1.198 1.0 1.0 0.943 0.868 0.861 1.0 1.0 0.909 1.219 0.746 1.0 1.0 0.946 0.994 1.0 1.0 1.0 1.151 0.751 1.0 1.0 1.0 0.859 0.646 1.0 1.0 1.0 0.827 0.738 1.0 1.0 1.0 0.941 1.548 1.0 1.0 1.0 0.801 1.0 1.0 1.0 1.0 0.797 1.0 1.0 1.0 1.0 0.934 1.0 1.0 1.0 1.0 1.037 1.0 1.0 1.0 1.0 0.929 1.0 1.0 1.0 1.0 0.991 1.0 1.0 1.0 1.0 1.013 1.0 1.0 1.0 1.0 0.711 1.0 1.0 1.0 1.0 1.005 1.0 1.0 1.0 1.0 0.957 1.0 1.0 1.0 1.0 1.213 1.0 1.0 1.0 1.0 0.766 1.0 1.0 1.0 1.0 1.532 1.0 1.0 1.0 1.0 1.464 1.0 1.0 1.0 1.0 0.689 1.0 1.0 1.0 1.0 1.0 1.0 1.0 1.0 1.0 1.0 1.0 1.0 1.0 1.0 1.0 1.0 1.0 1.0 1.0 1.0 1.0 1.0 1.0 1.0 1.0 1.0 1.0 1.0 1.0 1.0 1.0 1.0 1.0 1.0 1.0 1.0 1.0 1.0 1.0 1.0 1.0 1.0 1.0 1.0 1.0 1.0 1.0 1.0 1.0 1.0 1.0 1.0 1.0 1.0 1.0 1.0 1.0 1.0 1.0 1.0 1.0 1.0 1.0 1.0 1.0 1.0 1.0 1.0 1.0 1.0 1.0 1.0 1.0 1.0 1.0 1.0 1.0 1.0 1.0 1.0 1.0 1.0 1.0 1.0 1.0 1.0 1.0 1.0 1.0 1.0 1.0 1.0 1.0 1.0 1.0 1.0 1.0 1.0 1.0 1.0 1.0 1.0 1.0 1.0 1.0 1.0 1.0 1.0 1.0 1.0 1.0 1.0 1.0 1.0 1.0 1.0 1.0 1.0 1.0 1.0 1.0 1.0 1.0 1.0 1.0 1.0 1.0 1.0 1.0 1.0 1.0 1.0 1.0 1.0 1.0 1.0 1.0 1.0 1.14 1.031 0.874 1.067 0.881 0.938 0.925 1.104 0.949 0.829 1.241 1.252 0.928 1.113 1.221 0.92 1.037 1.271 1.125 0.891 1.229 1.082 1.274 0.909 0.875 0.955 0.925 0.911 1.14 1.209 1.168 0.887 1.034 0.77 0.829 0.934 0.9 1.025 0.886 1.213 1.063 1.045 1.128 1.23 0.724 1.05 1.127 1.094 0.872 1.16 0.992 1.185 1.108 1.098 1.151 0.841 0.768 1.086 0.975 0.694 1.017 1.091 1.224 0.783 0.744 1.076 1.061 0.72 1.132 0.969 1.152 1.248 0.927 1.195 0.811 1.004 1.152 0.749 1.149 0.819 1.136 1.168 0.951 1.175 1.131 0.743 0.99 0.944 1.164 0.998 0.8 0.699 0.88 0.733 1.104 1.084 0.7 0.726 0.883 1.317 0.809 0.678 1.419 1.114 0.859 1.08 0.965 1.0 0.969 0.925 0.805 0.681 1.0 0.775 0.823 1.018 0.772 1.0 1.124 1.0 0.772 1.31 1.0 1.385 1.0 0.76 0.775 1.0 0.913 1.0 0.767 1.333 1.0 1.068 1.0 0.819 1.034 1.0 0.938 1.0 0.909 0.896 1.0 1.152 1.0 1.081 1.161 1.0 0.756 1.0 0.982 0.895 1.0 0.902 1.0 0.984 0.808 1.0 1.0 1.0 0.787 0.889 1.0 1.0 1.0 1.026 0.694 1.0 1.0 1.0 1.093 0.747 1.0 1.0 1.0 0.957 0.802 1.0 1.0 1.0 0.856 0.763 1.0 1.0 1.0 1.089 0.982 1.0 1.0 1.0 0.892 1.0 1.0 1.0 1.0 1.017 1.0 1.0 1.0 1.0 0.963 1.0 1.0 1.0 1.0 0.941 1.0 1.0 1.0 1.0 0.888 1.0 1.0 1.0 1.0 0.819 1.0 1.0 1.0 1.0 1.361 1.0 1.0 1.0 1.0 1.337 1.0 1.0 1.0 1.0 1.372 1.0 1.0 1.0 1.0 1.118 1.0 1.0 1.0 1.0 0.773 1.0 1.0 1.0 1.0 0.835 1.0 1.0 1.0 1.0 1.461 1.0 1.0 1.0 1.0 0.762 1.0 1.0 1.0 1.0 1.0 1.0 1.0 1.0 1.0 1.0 1.0 1.0 1.0 1.0 1.0 1.0 1.0 1.0 1.0 1.0 1.0 1.0 1.0 1.0 1.0 1.0 1.0 1.0 1.0 1.0 1.0 1.0 1.0 1.0 1.0 1.0 1.0 1.0 1.0 1.0 1.0 1.0 1.0 1.0 1.0 1.0 1.0 1.0 1.0 1.0 1.0 1.0 1.0 1.0 1.0 1.0 1.0 1.0 1.0 1.0 1.0 1.0 1.0 1.0 1.0 1.0 1.0 1.0 1.0 1.0 1.0 1.0 1.0 1.0 1.0 1.0 1.0 1.0 1.0 1.0 1.0 1.0 1.0 1.0 1.0 1.0 1.0 1.0 1.0 1.0 1.0 1.0 1.0 1.0 1.0 1.0 1.0 1.0 1.0 1.0 1.0 1.0 1.0 1.0 1.0 1.0 1.0 1.0 1.0 1.0 1.0 1.0 1.0 1.0 1.0 1.0 1.0 1.0 1.0 1.0 1.0 1.0 1.0 1.0 1.14 1.006 0.874 1.067 1.059 0.875 0.927 1.213 0.969 0.825 0.92 1.027 0.936 0.976 0.948 0.848 1.029 1.131 0.892 1.282 0.9 1.12 0.978 1.06 0.984 1.085 1.143 1.135 0.797 1.073 1.021 1.062 1.132 1.292 0.809 0.747 1.093 1.2 1.294 1.153 1.115 0.87 1.195 1.068 1.26 0.904 0.834 0.801 1.116 1.105 1.196 1.126 1.008 1.075 1.315 1.337 1.171 0.989 1.288 1.348 1.216 1.057 0.959 0.978 1.151 1.209 1.165 1.148 1.32 0.94 1.23 1.326 1.04 1.303 1.331 0.965 1.247 1.145 1.333 0.739 1.278 0.645 1.186 0.908 1.188 1.341 1.284 0.919 1.325 0.788 0.652 1.207 1.126 0.769 1.075 1.022 1.227 1.033 0.736 1.32 1.274 0.7 1.164 1.051 1.324 0.975 0.987 1.114 0.753 0.748 1.364 1.261 1.123 0.765 1.189 1.184 0.832 0.995 1.311 0.879 1.176 0.839 1.007 1.327 0.86 0.986 1.355 0.902 0.771 0.771 1.335 0.787 0.899 1.124 1.357 1.144 0.839 0.988 0.925 1.331 0.939 1.386 0.993 0.798 0.707 0.715 1.0 0.973 0.629 1.0 0.689 1.0 0.991 1.0 1.0 0.704 1.0 0.863 1.0 1.0 0.721 1.0 0.99 1.0 1.0 1.238 1.0 1.002 1.0 1.0 1.532 1.0 1.235 1.0 1.0 0.847 1.0 0.989 1.0 1.0 1.545 1.0 0.862 1.0 1.0 0.917 1.0 0.855 1.0 1.0 0.974 1.0 0.855 1.0 1.0 0.785 1.0 0.854 1.0 1.0 1.0 1.0 0.914 1.0 1.0 1.0 1.0 1.255 1.0 1.0 1.0 1.0 1.173 1.0 1.0 1.0 1.0 1.018 1.0 1.0 1.0 1.0 1.052 1.0 1.0 1.0 1.0 1.054 1.0 1.0 1.0 1.0 1.017 1.0 1.0 1.0 1.0 1.045 1.0 1.0 1.0 1.0 1.038 1.0 1.0 1.0 1.0 1.01 1.0 1.0 1.0 1.0 0.866 1.0 1.0 1.0 1.0 0.925 1.0 1.0 1.0 1.0 0.956 1.0 1.0 1.0 1.0 0.928 1.0 1.0 1.0 1.0 0.996 1.0 1.0 1.0 1.0 1.071 1.0 1.0 1.0 1.0 1.033 1.0 1.0 1.0 1.0 1.057 1.0 1.0 1.0 1.0 0.891 1.0 1.0 1.0 1.0 1.0 1.0 1.0 1.0 1.0 1.057 1.0 1.0 1.0 1.0 1.044 1.0 1.0 1.0 1.0 0.893 1.0 1.0 1.0 1.0 0.862 1.0 1.0 1.0 1.0 0.949 1.0 1.0 1.0 1.0 0.867 1.0 1.0 1.0 1.0 1.075 1.0 1.0 1.0 1.0 0.939 1.0 1.0 1.0 1.0 1.014 1.0 1.0 1.0 1.0 0.963 1.0 1.0 1.0 1.0 1.012 1.0 1.0 1.0 1.0 0.876 1.0 1.0 1.0 1.0 0.836 1.0 1.0 1.0 1.0 0.823 1.0 1.0 1.0 1.0 0.665 1.0 1.0 1.0 1.0 0.812 1.0 1.0 0.961 1.146 0.962 1.132 0.977 1.211 0.926 1.215 0.83 1.085 0.862 1.029 0.942 0.808 1.268 0.913 1.104 1.129 0.844 0.964 0.907 1.076 0.78 0.905 1.006 1.08 1.18 0.858 1.142 0.928 1.043 0.791 0.862 1.247 0.964 0.842 1.049 1.085 1.113 1.221 0.845 1.195 1.176 1.202 0.765 1.314 1.142 1.034 1.174 1.265 1.324 0.755 1.153 0.736 1.189 1.181 0.982 1.163 1.182 1.263 1.248 1.237 0.743 1.265 0.757 0.841 1.201 1.2 1.242 1.036 0.966 1.19 0.923 1.039 1.261 0.867 1.186 0.912 1.321 1.191 1.251 1.181 1.163 0.679 1.006 1.012 1.0 1.26 1.244 1.159 0.889 1.0 0.979 1.166 0.786 0.992 1.0 0.967 0.927 0.791 0.921 1.0 0.785 0.718 1.178 1.077 1.0 0.711 1.015 0.819 1.018 1.0 0.958 1.498 1.043 1.087 1.0 1.017 0.738 1.053 0.847 1.0 0.896 0.725 1.169 0.871 1.0 0.965 0.736 0.752 1.248 1.0 0.919 1.299 0.855 0.956 1.0 1.124 0.989 0.862 0.978 1.0 0.75 0.983 1.029 0.981 1.0 1.005 0.717 0.987 1.136 1.0 0.921 0.964 0.728 0.924 1.0 0.945 0.939 1.0 1.113 1.0 0.722 0.94 1.0 0.971 1.0 0.845 0.933 1.0 0.806 1.0 1.0 0.764 1.0 0.789 1.0 1.0 1.182 1.0 0.861 1.0 1.0 0.897 1.0 0.816 1.0 1.0 0.91 1.0 0.884 1.0 1.0 1.376 1.0 1.105 1.0 1.0 1.392 1.0 0.85 1.0 1.0 0.694 1.0 0.675 1.0 1.0 0.821 1.0 0.831 1.0 1.0 0.816 1.0 0.687 1.0 1.0 1.103 1.0 1.0 1.0 1.0 1.119 1.0 1.0 1.0 1.0 1.048 1.0 1.0 1.0 1.0 0.817 1.0 1.0 1.0 1.0 1.0 1.0 1.0 1.0 1.0 1.0 1.0 1.0 1.0 1.0 1.0 1.0 1.0 1.0 1.0 1.0 1.0 1.0 1.0 1.0 1.0 1.0 1.0 1.0 1.0 1.0 1.0 1.0 1.0 1.0 1.0 1.0 1.0 1.0 1.0 1.0 1.0 1.0 1.0 1.0 1.0 1.0 1.0 1.0 1.0 1.0 1.0 1.0 1.0 1.0 1.0 1.0 1.0 1.0 1.0 1.0 1.0 1.0 1.0 1.0 1.0 1.0 1.0 1.0 1.0 1.0 1.0 1.0 1.0 1.0 1.0 1.0 1.0 1.0 1.0 1.0 1.0 1.0 1.0 1.0 1.0 1.0 1.0 1.0 1.0 1.0 1.0 1.0 1.0 1.0 1.0 1.0 1.0 1.0 1.0 1.0 1.0 1.0 1.0 1.0 1.0 1.0 1.0 1.0 1.0 1.0 1.0 1.0 1.0 1.0 1.0 1.0 1.0 1.0 1.0 1.0 1.0 1.0 1.0 1.0 1.0 1.0 1.0 1.0 1.0 1.0 1.0 1.0 1.0 1.0 1.0 1.0 1.0 1.0 1.0 1.0 1.0 1.0 1.0 1.0 1.0 1.0 0.91 1.031 1.147 0.97 0.977 1.028 1.213 1.099 0.974 1.081 0.915 1.24 0.97 1.046 1.262 0.834 1.032 0.787 0.815 0.984 1.265 1.259 1.139 1.063 1.119 0.83 0.833 0.787 0.71 0.831 0.852 1.061 1.14 1.126 0.856 1.082 0.861 0.879 0.726 1.027 0.803 0.784 1.032 1.134 0.817 1.119 1.082 1.261 0.748 1.007 0.976 1.065 1.044 0.991 1.05 0.769 0.853 0.896 0.755 0.896 1.151 0.794 0.978 1.0 1.229 0.81 1.237 0.985 1.0 1.109 1.04 0.827 1.092 1.0 0.736 0.788 1.118 1.074 1.0 1.061 0.897 0.873 0.904 1.0 0.967 1.201 0.86 1.009 1.0 0.907 0.788 1.111 0.897 1.0 0.733 1.123 1.082 0.999 1.0 0.72 1.178 1.015 0.954 1.0 0.893 1.133 1.074 1.041 1.0 0.889 0.753 0.87 0.981 1.0 0.731 0.876 1.132 0.971 1.0 1.355 0.794 0.785 1.044 1.0 1.067 0.841 1.213 0.969 1.0 0.755 0.788 1.001 1.246 1.0 0.854 0.826 0.773 0.967 1.0 1.0 0.791 0.977 1.039 1.0 1.0 0.916 0.95 0.975 1.0 1.0 1.224 1.036 0.976 1.0 1.0 0.852 0.917 0.824 1.0 1.0 0.859 0.997 0.962 1.0 1.0 0.773 0.986 1.262 1.0 1.0 1.0 0.836 1.268 1.0 1.0 1.0 1.214 1.193 1.0 1.0 1.0 0.824 0.881 1.0 1.0 1.0 0.933 0.969 1.0 1.0 1.0 0.928 0.977 1.0 1.0 1.0 0.922 1.045 1.0 1.0 1.0 0.964 0.874 1.0 1.0 1.0 0.928 0.911 1.0 1.0 1.0 0.933 0.654 1.0 1.0 1.0 0.996 0.929 1.0 1.0 1.0 0.934 0.716 1.0 1.0 1.0 0.872 0.653 1.0 1.0 1.0 0.867 0.823 1.0 1.0 1.0 1.01 0.641 1.0 1.0 1.0 0.964 0.854 1.0 1.0 1.0 1.109 1.0 1.0 1.0 1.0 0.745 1.0 1.0 1.0 1.0 0.709 1.0 1.0 1.0 1.0 1.161 1.0 1.0 1.0 1.0 0.656 1.0 1.0 1.0 1.0 0.662 1.0 1.0 1.0 1.0 0.681 1.0 1.0 1.0 1.0 0.852 1.0 1.0 1.0 1.0 0.833 1.0 1.0 1.0 1.0 0.831 1.0 1.0 1.0 1.0 0.808 1.0 1.0 1.0 1.0 1.0 1.0 1.0 1.0 1.0 1.0 1.0 1.0 1.0 1.0 1.0 1.0 1.0 1.0 1.0 1.0 1.0 1.0 1.0 1.0 1.0 1.0 1.0 1.0 1.0 1.0 1.0 1.0 1.0 1.0 1.0 1.0 1.0 1.0 1.0 1.0 1.0 1.0 1.0 1.0 1.0 1.0 1.0 1.0 1.0 1.0 1.0 1.0 1.0 1.0 1.0 1.0 1.0 1.0 1.0 1.0 1.0 1.0 1.0 1.0 1.0 1.0 1.0 1.0 1.0 1.0 1.0 1.0 1.0 1.0 1.0 1.0 1.0 1.0 1.0 1.0 1.0 1.0 1.0 1.14 1.146 0.975 1.067 0.881 0.938 1.219 1.229 1.099 1.209 1.237 1.034 0.962 1.122 1.225 0.855 0.893 0.939 0.785 0.851 1.05 1.04 1.14 0.895 1.049 0.873 1.206 0.898 1.267 0.834 1.141 0.694 1.003 0.778 1.065 0.877 1.116 0.845 1.038 1.035 1.03 1.206 1.112 0.969 1.194 1.097 1.254 1.115 1.228 0.734 0.812 1.097 1.054 1.116 1.165 1.149 0.7 1.03 1.109 1.298 1.04 1.195 1.127 1.272 1.067 1.038 0.707 1.153 1.028 1.14 1.147 1.281 0.717 0.824 0.744 1.166 1.156 0.717 1.197 0.737 1.106 1.008 1.313 1.25 1.0 1.218 0.681 1.335 1.214 1.0 1.205 1.257 1.034 0.687 1.0 1.103 0.948 1.18 1.171 1.0 0.984 0.821 1.204 0.687 1.0 0.947 1.249 0.969 1.042 1.0 0.967 0.956 0.958 1.058 1.0 0.996 1.289 1.405 0.862 1.0 1.007 1.282 0.907 1.129 1.0 1.2 1.002 0.697 1.056 1.0 1.16 1.294 1.242 0.964 1.0 1.144 0.81 0.713 0.734 1.0 0.979 1.311 1.298 0.801 1.0 1.222 0.643 1.275 0.685 1.0 1.205 0.783 1.258 0.793 1.0 0.667 1.043 1.0 1.028 1.0 0.67 1.308 1.322 0.795 1.0 0.67 1.286 0.7 1.0 1.0 0.678 0.667 0.875 1.0 1.0 0.828 0.776 1.0 1.0 1.0 0.828 0.88 1.0 1.0 1.0 0.818 0.9 1.0 1.0 1.0 1.052 0.696 1.0 1.0 1.0 0.877 0.772 1.0 1.0 1.0 1.076 0.828 1.0 1.0 1.0 1.095 1.0 1.0 1.0 1.0 0.803 1.0 1.0 1.0 1.0 1.428 1.0 1.0 1.0 1.0 0.788 1.0 1.0 1.0 1.0 0.949 1.0 1.0 1.0 1.0 1.265 1.0 1.0 1.0 1.0 0.916 1.0 1.0 1.0 1.0 0.869 1.0 1.0 1.0 1.0 1.0 1.0 1.0 1.0 1.0 1.0 1.0 1.0 1.0 1.0 1.0 1.0 1.0 1.0 1.0 1.0 1.0 1.0 1.0 1.0 1.0 1.0 1.0 1.0 1.0 1.0 1.0 1.0 1.0 1.0 1.0 1.0 1.0 1.0 1.0 1.0 1.0 1.0 1.0 1.0 1.0 1.0 1.0 1.0 1.0 1.0 1.0 1.0 1.0 1.0 1.0 1.0 1.0 1.0 1.0 1.0 1.0 1.0 1.0 1.0 1.0 1.0 1.0 1.0 1.0 1.0 1.0 1.0 1.0 1.0 1.0 1.0 1.0 1.0 1.0 1.0 1.0 1.0 1.0 1.0 1.0 1.0 1.0 1.0 1.0 1.0 1.0 1.0 1.0 1.0 1.0 1.0 1.0 1.0 1.0 1.0 1.0 1.0 1.0 1.0 1.0 1.0 1.0 1.0 1.0 1.0 1.0 1.0 1.0 1.0 1.0 1.0 1.0 1.0 1.0 1.0 1.0 1.0 1.0 1.0 1.0 1.0 1.0 1.0 1.0 1.0 1.0 1.0 1.0 1.0 1.0 1.0 1.0 1.0 1.0 0.91 1.006 1.147 1.067 0.881 1.208 0.926 1.101 0.829 1.215 1.006 0.819 0.934 1.217 1.11 0.931 0.812 1.122 0.802 0.937 1.112 1.234 1.125 1.015 0.876 1.104 1.048 0.777 1.061 1.171 1.098 0.837 1.131 1.136 0.941 1.135 0.899 0.778 1.065 1.211 0.899 0.959 1.006 1.282 1.059 0.84 0.912 0.898 1.049 1.064 1.146 1.137 0.914 1.241 1.044 1.1 0.999 1.0 1.017 0.758 0.807 1.121 1.035 1.087 1.094 1.13 0.826 0.858 0.987 1.266 0.806 1.105 0.909 1.043 0.702 1.126 1.13 1.008 1.0 1.222 0.777 1.083 1.07 1.0 1.139 0.784 1.099 0.821 1.0 1.193 1.079 1.056 1.098 1.0 1.35 0.863 0.862 0.974 1.0 0.763 1.041 0.73 1.103 1.0 0.978 1.021 0.73 1.018 1.0 1.091 1.091 0.997 0.787 1.0 1.088 1.252 0.78 1.224 1.0 1.445 0.821 0.87 1.056 1.0 1.107 0.981 1.055 1.279 1.0 0.711 1.249 0.769 0.934 1.0 1.468 0.965 0.905 1.297 1.0 1.079 1.064 1.104 0.773 1.0 0.924 0.863 1.18 0.789 1.0 1.117 1.276 0.959 0.784 1.0 0.755 1.037 1.273 1.049 1.0 0.916 1.0 1.283 1.297 1.0 1.137 1.0 1.323 0.756 1.0 0.942 1.0 0.948 0.907 1.0 0.679 1.0 1.004 0.733 1.0 0.891 1.0 0.758 0.736 1.0 0.963 1.0 0.741 0.725 1.0 1.021 1.0 0.759 1.448 1.0 1.613 1.0 1.0 0.737 1.0 0.834 1.0 1.0 0.716 1.0 0.991 1.0 1.0 1.197 1.0 1.0 1.0 1.0 0.772 1.0 1.0 1.0 1.0 1.021 1.0 1.0 1.0 1.0 1.559 1.0 1.0 1.0 1.0 1.0 1.0 1.0 1.0 1.0 1.0 1.0 1.0 1.0 1.0 1.0 1.0 1.0 1.0 1.0 1.0 1.0 1.0 1.0 1.0 1.0 1.0 1.0 1.0 1.0 1.0 1.0 1.0 1.0 1.0 1.0 1.0 1.0 1.0 1.0 1.0 1.0 1.0 1.0 1.0 1.0 1.0 1.0 1.0 1.0 1.0 1.0 1.0 1.0 1.0 1.0 1.0 1.0 1.0 1.0 1.0 1.0 1.0 1.0 1.0 1.0 1.0 1.0 1.0 1.0 1.0 1.0 1.0 1.0 1.0 1.0 1.0 1.0 1.0 1.0 1.0 1.0 1.0 1.0 1.0 1.0 1.0 1.0 1.0 1.0 1.0 1.0 1.0 1.0 1.0 1.0 1.0 1.0 1.0 1.0 1.0 1.0 1.0 1.0 1.0 1.0 1.0 1.0 1.0 1.0 1.0 1.0 1.0 1.0 1.0 1.0 1.0 1.0 1.0 1.0 1.0 1.0 1.0 1.0 1.0 1.0 1.0 1.0 1.0 1.0 1.0 1.0 1.0 1.0 1.0 1.0 1.0 1.0 1.0 1.0 1.0 1.0 1.0 1.0 1.0 1.0 1.0 1.0 1.0 1.0 1.0 1.0 1.0 1.0 1.0 1.0 1.0 1.0,1.6131011,0.6131011,0.62903583,0.3,0.45818042755126953,0.0003,5,2.7465653
32,0.15435123443603516,0.99692565,1.017 1.031 0.96 0.972 0.96 0.931 1.222 1.108 0.821 0.817 1.036 1.253 0.933 1.12 1.008 1.261 0.788 0.756 0.905 0.906 1.033 1.085 0.911 1.29 1.098 1.027 0.784 1.247 1.032 1.152 1.072 0.785 1.056 0.838 1.203 0.899 0.854 1.208 1.048 1.173 1.091 1.089 1.026 0.75 0.704 0.985 0.786 1.084 1.227 0.947 1.154 0.786 1.088 1.236 0.747 0.906 1.067 1.081 1.048 1.05 0.861 0.861 0.79 1.137 1.0 1.204 1.11 0.741 0.805 1.0 1.043 1.116 1.072 1.118 1.0 1.18 1.321 1.142 1.134 1.0 1.299 0.868 1.358 1.039 1.0 1.266 0.857 1.145 0.686 1.0 1.076 0.767 1.071 1.085 1.0 0.999 0.857 0.746 0.799 1.0 1.275 0.761 0.855 1.127 1.0 0.973 1.097 1.0 0.789 1.0 0.763 0.799 1.0 0.76 1.0 0.758 1.066 1.0 0.774 1.0 0.688 0.973 1.0 0.79 1.0 1.033 0.976 1.0 0.767 1.0 0.769 1.195 1.0 0.763 1.0 1.006 0.943 1.0 1.072 1.0 1.162 0.988 1.0 1.152 1.0 0.643 0.72 1.0 0.974 1.0 0.639 1.187 1.0 0.801 1.0 1.11 1.104 1.0 1.024 1.0 1.526 1.122 1.0 0.961 1.0 1.0 0.939 1.0 0.993 1.0 1.0 0.924 1.0 0.792 1.0 1.0 0.968 1.0 1.148 1.0 1.0 0.858 1.0 0.801 1.0 1.0 0.716 1.0 0.812 1.0 1.0 1.103 1.0 1.0 1.0 1.0 1.525 1.0 1.0 1.0 1.0 0.95 1.0 1.0 1.0 1.0 0.796 1.0 1.0 1.0 1.0 0.801 1.0 1.0 1.0 1.0 0.805 1.0 1.0 1.0 1.0 0.864 1.0 1.0 1.0 1.0 0.786 1.0 1.0 1.0 1.0 1.0 1.0 1.0 1.0 1.0 1.0 1.0 1.0 1.0 1.0 1.0 1.0 1.0 1.0 1.0 1.0 1.0 1.0 1.0 1.0 1.0 1.0 1.0 1.0 1.0 1.0 1.0 1.0 1.0 1.0 1.0 1.0 1.0 1.0 1.0 1.0 1.0 1.0 1.0 1.0 1.0 1.0 1.0 1.0 1.0 1.0 1.0 1.0 1.0 1.0 1.0 1.0 1.0 1.0 1.0 1.0 1.0 1.0 1.0 1.0 1.0 1.0 1.0 1.0 1.0 1.0 1.0 1.0 1.0 1.0 1.0 1.0 1.0 1.0 1.0 1.0 1.0 1.0 1.0 1.0 1.0 1.0 1.0 1.0 1.0 1.0 1.0 1.0 1.0 1.0 1.0 1.0 1.0 1.0 1.0 1.0 1.0 1.0 1.0 1.0 1.0 1.0 1.0 1.0 1.0 1.0 1.0 1.0 1.0 1.0 1.0 1.0 1.0 1.0 1.0 1.0 1.0 1.0 1.0 1.0 1.0 1.0 1.0 1.0 1.0 1.0 1.0 1.0 1.0 1.0 1.0 1.0 1.0 1.0 1.0 1.0 1.0 1.0 1.0 1.0 1.0 1.0 1.0 1.0 1.0 1.0 1.0 1.0 1.0 0.992 0.953 1.071 0.972 0.96 1.224 0.922 0.939 0.829 0.958 1.013 1.04 0.982 0.808 1.139 1.071 0.812 0.908 0.797 1.018 0.991 1.051 0.989 0.87 0.852 1.194 0.849 1.166 1.068 0.774 0.763 1.207 0.891 1.049 0.791 1.214 1.142 1.059 1.227 0.784 0.753 0.813 1.175 0.683 1.218 0.762 1.018 1.038 0.746 1.225 0.761 0.819 0.799 0.806 0.71 1.212 0.824 0.893 1.174 0.713 1.144 0.968 1.114 0.664 0.968 0.994 1.088 1.107 0.709 1.165 0.943 1.044 1.12 1.208 0.722 1.04 0.997 1.036 0.651 1.167 0.963 0.975 0.773 0.663 0.73 1.0 1.099 1.12 1.044 0.767 1.0 1.036 0.762 0.687 1.153 1.0 1.038 1.331 0.941 1.026 1.0 0.889 0.687 0.685 0.726 1.0 0.901 0.994 0.911 1.0 1.0 1.074 0.951 0.962 1.0 1.0 0.882 0.88 0.956 1.0 1.0 1.129 0.772 0.917 1.0 1.0 1.041 0.726 0.699 1.0 1.0 1.165 0.649 1.205 1.0 1.0 0.942 0.864 0.86 1.0 1.0 0.907 1.226 0.746 1.0 1.0 0.944 0.994 1.0 1.0 1.0 1.16 0.746 1.0 1.0 1.0 0.85 0.645 1.0 1.0 1.0 0.817 0.732 1.0 1.0 1.0 0.943 1.561 1.0 1.0 1.0 0.791 1.0 1.0 1.0 1.0 0.786 1.0 1.0 1.0 1.0 0.935 1.0 1.0 1.0 1.0 1.033 1.0 1.0 1.0 1.0 0.927 1.0 1.0 1.0 1.0 0.987 1.0 1.0 1.0 1.0 1.012 1.0 1.0 1.0 1.0 0.705 1.0 1.0 1.0 1.0 1.002 1.0 1.0 1.0 1.0 0.953 1.0 1.0 1.0 1.0 1.219 1.0 1.0 1.0 1.0 0.762 1.0 1.0 1.0 1.0 1.543 1.0 1.0 1.0 1.0 1.473 1.0 1.0 1.0 1.0 0.683 1.0 1.0 1.0 1.0 1.0 1.0 1.0 1.0 1.0 1.0 1.0 1.0 1.0 1.0 1.0 1.0 1.0 1.0 1.0 1.0 1.0 1.0 1.0 1.0 1.0 1.0 1.0 1.0 1.0 1.0 1.0 1.0 1.0 1.0 1.0 1.0 1.0 1.0 1.0 1.0 1.0 1.0 1.0 1.0 1.0 1.0 1.0 1.0 1.0 1.0 1.0 1.0 1.0 1.0 1.0 1.0 1.0 1.0 1.0 1.0 1.0 1.0 1.0 1.0 1.0 1.0 1.0 1.0 1.0 1.0 1.0 1.0 1.0 1.0 1.0 1.0 1.0 1.0 1.0 1.0 1.0 1.0 1.0 1.0 1.0 1.0 1.0 1.0 1.0 1.0 1.0 1.0 1.0 1.0 1.0 1.0 1.0 1.0 1.0 1.0 1.0 1.0 1.0 1.0 1.0 1.0 1.0 1.0 1.0 1.0 1.0 1.0 1.0 1.0 1.0 1.0 1.0 1.0 1.0 1.0 1.0 1.0 1.0 1.0 1.0 1.0 1.0 1.0 1.0 1.0 1.0 1.0 1.0 1.0 1.0 1.0 1.0 1.0 1.148 1.031 0.87 1.069 0.876 0.936 0.923 1.106 0.947 0.822 1.255 1.266 0.925 1.115 1.233 0.918 1.036 1.285 1.127 0.887 1.243 1.084 1.289 0.906 0.871 0.955 0.923 0.908 1.143 1.218 1.179 0.884 1.034 0.761 0.822 0.933 0.895 1.025 0.882 1.224 1.066 1.046 1.129 1.243 0.714 1.051 1.134 1.098 0.866 1.163 0.993 1.188 1.112 1.101 1.155 0.836 0.761 1.092 0.974 0.686 1.019 1.095 1.22 0.777 0.737 1.079 1.064 0.714 1.138 0.969 1.162 1.255 0.925 1.206 0.804 1.002 1.142 0.748 1.151 0.812 1.138 1.158 0.95 1.185 1.135 0.733 0.989 0.945 1.171 0.999 0.795 0.691 0.88 0.727 1.11 1.085 0.692 0.725 0.879 1.319 0.8 0.673 1.421 1.12 0.855 1.082 0.963 1.0 0.968 0.925 0.8 0.676 1.0 0.769 0.817 1.018 0.764 1.0 1.131 1.0 0.763 1.319 1.0 1.387 1.0 0.754 0.767 1.0 0.908 1.0 0.757 1.331 1.0 1.07 1.0 0.81 1.04 1.0 0.933 1.0 0.904 0.892 1.0 1.156 1.0 1.085 1.168 1.0 0.756 1.0 0.981 0.891 1.0 0.896 1.0 0.983 0.801 1.0 1.0 1.0 0.784 0.884 1.0 1.0 1.0 1.027 0.693 1.0 1.0 1.0 1.097 0.741 1.0 1.0 1.0 0.954 0.794 1.0 1.0 1.0 0.856 0.758 1.0 1.0 1.0 1.089 0.985 1.0 1.0 1.0 0.894 1.0 1.0 1.0 1.0 1.018 1.0 1.0 1.0 1.0 0.959 1.0 1.0 1.0 1.0 0.935 1.0 1.0 1.0 1.0 0.883 1.0 1.0 1.0 1.0 0.812 1.0 1.0 1.0 1.0 1.365 1.0 1.0 1.0 1.0 1.341 1.0 1.0 1.0 1.0 1.376 1.0 1.0 1.0 1.0 1.121 1.0 1.0 1.0 1.0 0.769 1.0 1.0 1.0 1.0 0.833 1.0 1.0 1.0 1.0 1.47 1.0 1.0 1.0 1.0 0.752 1.0 1.0 1.0 1.0 1.0 1.0 1.0 1.0 1.0 1.0 1.0 1.0 1.0 1.0 1.0 1.0 1.0 1.0 1.0 1.0 1.0 1.0 1.0 1.0 1.0 1.0 1.0 1.0 1.0 1.0 1.0 1.0 1.0 1.0 1.0 1.0 1.0 1.0 1.0 1.0 1.0 1.0 1.0 1.0 1.0 1.0 1.0 1.0 1.0 1.0 1.0 1.0 1.0 1.0 1.0 1.0 1.0 1.0 1.0 1.0 1.0 1.0 1.0 1.0 1.0 1.0 1.0 1.0 1.0 1.0 1.0 1.0 1.0 1.0 1.0 1.0 1.0 1.0 1.0 1.0 1.0 1.0 1.0 1.0 1.0 1.0 1.0 1.0 1.0 1.0 1.0 1.0 1.0 1.0 1.0 1.0 1.0 1.0 1.0 1.0 1.0 1.0 1.0 1.0 1.0 1.0 1.0 1.0 1.0 1.0 1.0 1.0 1.0 1.0 1.0 1.0 1.0 1.0 1.0 1.0 1.0 1.0 1.0 1.0 1.148 1.005 0.87 1.069 1.06 0.869 0.925 1.224 0.967 0.818 0.917 1.026 0.933 0.974 0.946 0.84 1.028 1.134 0.889 1.296 0.894 1.127 0.976 1.06 0.985 1.088 1.149 1.138 0.791 1.074 1.021 1.063 1.135 1.306 0.803 0.74 1.094 1.21 1.308 1.158 1.117 0.863 1.205 1.071 1.276 0.898 0.828 0.795 1.121 1.11 1.207 1.137 1.009 1.083 1.306 1.346 1.174 0.988 1.279 1.339 1.209 1.064 0.958 0.984 1.158 1.22 1.175 1.156 1.318 0.941 1.225 1.339 1.04 1.295 1.329 0.962 1.242 1.149 1.331 0.739 1.274 0.641 1.187 0.907 1.196 1.35 1.297 0.917 1.317 0.785 0.646 1.214 1.134 0.766 1.086 1.028 1.22 1.033 0.731 1.31 1.272 0.697 1.171 1.061 1.315 0.972 0.991 1.119 0.748 0.748 1.374 1.274 1.125 0.762 1.199 1.192 0.829 0.993 1.305 0.877 1.184 0.836 1.008 1.322 0.857 0.989 1.351 0.902 0.769 0.768 1.336 0.784 0.899 1.133 1.351 1.149 0.835 0.985 0.928 1.33 0.936 1.383 0.992 0.793 0.706 0.708 1.0 0.972 0.628 1.0 0.683 1.0 0.987 1.0 1.0 0.699 1.0 0.855 1.0 1.0 0.717 1.0 0.994 1.0 1.0 1.244 1.0 1.006 1.0 1.0 1.546 1.0 1.248 1.0 1.0 0.843 1.0 0.987 1.0 1.0 1.559 1.0 0.855 1.0 1.0 0.912 1.0 0.848 1.0 1.0 0.969 1.0 0.847 1.0 1.0 0.781 1.0 0.845 1.0 1.0 1.0 1.0 0.907 1.0 1.0 1.0 1.0 1.269 1.0 1.0 1.0 1.0 1.182 1.0 1.0 1.0 1.0 1.021 1.0 1.0 1.0 1.0 1.051 1.0 1.0 1.0 1.0 1.052 1.0 1.0 1.0 1.0 1.017 1.0 1.0 1.0 1.0 1.047 1.0 1.0 1.0 1.0 1.044 1.0 1.0 1.0 1.0 1.018 1.0 1.0 1.0 1.0 0.864 1.0 1.0 1.0 1.0 0.919 1.0 1.0 1.0 1.0 0.95 1.0 1.0 1.0 1.0 0.929 1.0 1.0 1.0 1.0 0.996 1.0 1.0 1.0 1.0 1.07 1.0 1.0 1.0 1.0 1.035 1.0 1.0 1.0 1.0 1.06 1.0 1.0 1.0 1.0 0.881 1.0 1.0 1.0 1.0 0.999 1.0 1.0 1.0 1.0 1.059 1.0 1.0 1.0 1.0 1.05 1.0 1.0 1.0 1.0 0.884 1.0 1.0 1.0 1.0 0.858 1.0 1.0 1.0 1.0 0.943 1.0 1.0 1.0 1.0 0.863 1.0 1.0 1.0 1.0 1.074 1.0 1.0 1.0 1.0 0.931 1.0 1.0 1.0 1.0 1.016 1.0 1.0 1.0 1.0 0.955 1.0 1.0 1.0 1.0 1.018 1.0 1.0 1.0 1.0 0.868 1.0 1.0 1.0 1.0 0.83 1.0 1.0 1.0 1.0 0.819 1.0 1.0 1.0 1.0 0.659 1.0 1.0 1.0 1.0 0.808 1.0 1.0 0.959 1.154 0.96 1.139 0.976 1.223 0.924 1.226 0.823 1.087 0.855 1.028 0.94 0.8 1.281 0.91 1.111 1.131 0.838 0.961 0.902 1.078 0.771 0.9 1.005 1.086 1.185 0.852 1.147 0.926 1.043 0.787 0.856 1.259 0.963 0.839 1.051 1.087 1.113 1.236 0.843 1.203 1.185 1.21 0.759 1.323 1.147 1.033 1.182 1.282 1.333 0.753 1.158 0.728 1.181 1.176 0.986 1.171 1.18 1.28 1.256 1.234 0.737 1.278 0.751 0.84 1.211 1.211 1.258 1.037 0.964 1.197 0.919 1.038 1.277 0.866 1.196 0.908 1.336 1.184 1.256 1.188 1.17 0.673 1.005 1.01 1.0 1.262 1.256 1.17 0.886 1.0 0.978 1.174 0.781 0.993 1.0 0.965 0.925 0.785 0.915 1.0 0.78 0.715 1.184 1.077 1.0 0.707 1.019 0.815 1.017 1.0 0.955 1.502 1.046 1.09 1.0 1.019 0.733 1.059 0.849 1.0 0.891 0.723 1.175 0.867 1.0 0.963 0.731 0.748 1.249 1.0 0.915 1.295 0.849 0.953 1.0 1.125 0.993 0.856 0.976 1.0 0.746 0.987 1.029 0.98 1.0 1.003 0.715 0.989 1.14 1.0 0.921 0.967 0.724 0.924 1.0 0.945 0.941 1.0 1.117 1.0 0.718 0.939 1.0 0.97 1.0 0.839 0.931 1.0 0.801 1.0 0.998 0.764 1.0 0.785 1.0 1.0 1.188 1.0 0.86 1.0 1.0 0.893 1.0 0.809 1.0 1.0 0.912 1.0 0.88 1.0 1.0 1.376 1.0 1.109 1.0 1.0 1.396 1.0 0.844 1.0 1.0 0.694 1.0 0.674 1.0 1.0 0.815 1.0 0.824 1.0 1.0 0.81 1.0 0.687 1.0 1.0 1.107 1.0 1.0 1.0 1.0 1.123 1.0 1.0 1.0 1.0 1.049 1.0 1.0 1.0 1.0 0.81 1.0 1.0 1.0 1.0 1.0 1.0 1.0 1.0 1.0 1.0 1.0 1.0 1.0 1.0 1.0 1.0 1.0 1.0 1.0 1.0 1.0 1.0 1.0 1.0 1.0 1.0 1.0 1.0 1.0 1.0 1.0 1.0 1.0 1.0 1.0 1.0 1.0 1.0 1.0 1.0 1.0 1.0 1.0 1.0 1.0 1.0 1.0 1.0 1.0 1.0 1.0 1.0 1.0 1.0 1.0 1.0 1.0 1.0 1.0 1.0 1.0 1.0 1.0 1.0 1.0 1.0 1.0 1.0 1.0 1.0 1.0 1.0 1.0 1.0 1.0 1.0 1.0 1.0 1.0 1.0 1.0 1.0 1.0 1.0 1.0 1.0 1.0 1.0 1.0 1.0 1.0 1.0 1.0 1.0 1.0 1.0 1.0 1.0 1.0 1.0 1.0 1.0 1.0 1.0 1.0 1.0 1.0 1.0 1.0 1.0 1.0 1.0 1.0 1.0 1.0 1.0 1.0 1.0 1.0 1.0 1.0 1.0 1.0 1.0 1.0 1.0 1.0 1.0 1.0 1.0 1.0 1.0 1.0 1.0 1.0 1.0 1.0 1.0 1.0 1.0 1.0 1.0 1.0 1.0 1.0 1.0 0.905 1.031 1.154 0.969 0.976 1.027 1.224 1.101 0.972 1.082 0.912 1.253 0.967 1.047 1.275 0.827 1.031 0.779 0.81 0.981 1.279 1.273 1.142 1.064 1.121 0.822 0.825 0.778 0.7 0.824 0.847 1.062 1.143 1.114 0.852 1.084 0.854 0.875 0.719 1.029 0.797 0.778 1.031 1.146 0.811 1.123 1.084 1.274 0.741 1.006 0.975 1.067 1.043 0.99 1.051 0.762 0.849 0.891 0.748 0.892 1.156 0.785 0.976 1.0 1.24 0.805 1.25 0.982 1.0 1.112 1.039 0.819 1.096 1.0 0.728 0.782 1.12 1.077 1.0 1.066 0.894 0.871 0.903 1.0 0.969 1.206 0.858 1.009 1.0 0.904 0.781 1.114 0.89 1.0 0.729 1.128 1.085 0.996 1.0 0.719 1.186 1.013 0.956 1.0 0.889 1.138 1.074 1.041 1.0 0.885 0.748 0.868 0.977 1.0 0.73 0.876 1.133 0.967 1.0 1.354 0.796 0.78 1.044 1.0 1.072 0.843 1.218 0.964 1.0 0.748 0.782 1.001 1.26 1.0 0.849 0.819 0.768 0.963 1.0 1.0 0.786 0.976 1.039 1.0 1.0 0.917 0.952 0.976 1.0 1.0 1.229 1.041 0.977 1.0 1.0 0.857 0.91 0.815 1.0 1.0 0.859 0.996 0.957 1.0 1.0 0.765 0.985 1.277 1.0 1.0 1.0 0.827 1.283 1.0 1.0 1.0 1.227 1.205 1.0 1.0 1.0 0.814 0.874 1.0 1.0 1.0 0.927 0.973 1.0 1.0 1.0 0.921 0.973 1.0 1.0 1.0 0.915 1.043 1.0 1.0 1.0 0.958 0.875 1.0 1.0 1.0 0.923 0.906 1.0 1.0 1.0 0.929 0.651 1.0 1.0 1.0 0.999 0.924 1.0 1.0 1.0 0.934 0.708 1.0 1.0 1.0 0.868 0.648 1.0 1.0 1.0 0.867 0.817 1.0 1.0 1.0 1.008 0.639 1.0 1.0 1.0 0.96 0.848 1.0 1.0 1.0 1.107 1.0 1.0 1.0 1.0 0.739 1.0 1.0 1.0 1.0 0.706 1.0 1.0 1.0 1.0 1.162 1.0 1.0 1.0 1.0 0.654 1.0 1.0 1.0 1.0 0.661 1.0 1.0 1.0 1.0 0.68 1.0 1.0 1.0 1.0 0.846 1.0 1.0 1.0 1.0 0.825 1.0 1.0 1.0 1.0 0.825 1.0 1.0 1.0 1.0 0.8 1.0 1.0 1.0 1.0 1.0 1.0 1.0 1.0 1.0 1.0 1.0 1.0 1.0 1.0 1.0 1.0 1.0 1.0 1.0 1.0 1.0 1.0 1.0 1.0 1.0 1.0 1.0 1.0 1.0 1.0 1.0 1.0 1.0 1.0 1.0 1.0 1.0 1.0 1.0 1.0 1.0 1.0 1.0 1.0 1.0 1.0 1.0 1.0 1.0 1.0 1.0 1.0 1.0 1.0 1.0 1.0 1.0 1.0 1.0 1.0 1.0 1.0 1.0 1.0 1.0 1.0 1.0 1.0 1.0 1.0 1.0 1.0 1.0 1.0 1.0 1.0 1.0 1.0 1.0 1.0 1.0 1.0 1.0 1.148 1.154 0.973 1.069 0.876 0.936 1.23 1.241 1.101 1.22 1.25 1.034 0.96 1.125 1.238 0.848 0.888 0.936 0.777 0.844 1.052 1.039 1.147 0.891 1.053 0.866 1.216 0.896 1.281 0.83 1.15 0.685 1.002 0.77 1.066 0.874 1.12 0.839 1.039 1.036 1.029 1.219 1.114 0.967 1.19 1.103 1.261 1.12 1.24 0.728 0.806 1.099 1.059 1.12 1.179 1.156 0.692 1.033 1.109 1.295 1.04 1.207 1.136 1.288 1.073 1.038 0.698 1.164 1.029 1.153 1.154 1.295 0.714 0.819 0.739 1.172 1.165 0.714 1.208 0.732 1.111 1.007 1.309 1.243 1.0 1.226 0.673 1.331 1.226 1.0 1.215 1.263 1.042 0.683 1.0 1.099 0.945 1.188 1.181 1.0 0.984 0.818 1.213 0.684 1.0 0.944 1.254 0.97 1.049 1.0 0.968 0.952 0.956 1.064 1.0 0.994 1.301 1.408 0.858 1.0 1.005 1.294 0.904 1.135 1.0 1.207 1.001 0.696 1.062 1.0 1.165 1.306 1.251 0.969 1.0 1.149 0.803 0.713 0.728 1.0 0.977 1.324 1.298 0.798 1.0 1.223 0.636 1.273 0.683 1.0 1.206 0.776 1.252 0.79 1.0 0.663 1.05 1.002 1.033 1.0 0.666 1.317 1.32 0.789 1.0 0.667 1.281 0.7 1.0 1.0 0.675 0.661 0.87 1.0 1.0 0.821 0.768 1.0 1.0 1.0 0.821 0.875 1.0 1.0 1.0 0.811 0.895 1.0 1.0 1.0 1.052 0.694 1.0 1.0 1.0 0.872 0.767 1.0 1.0 1.0 1.077 0.821 1.0 1.0 1.0 1.096 1.0 1.0 1.0 1.0 0.805 1.0 1.0 1.0 1.0 1.435 1.0 1.0 1.0 1.0 0.783 1.0 1.0 1.0 1.0 0.946 1.0 1.0 1.0 1.0 1.272 1.0 1.0 1.0 1.0 0.911 1.0 1.0 1.0 1.0 0.867 1.0 1.0 1.0 1.0 1.0 1.0 1.0 1.0 1.0 1.0 1.0 1.0 1.0 1.0 1.0 1.0 1.0 1.0 1.0 1.0 1.0 1.0 1.0 1.0 1.0 1.0 1.0 1.0 1.0 1.0 1.0 1.0 1.0 1.0 1.0 1.0 1.0 1.0 1.0 1.0 1.0 1.0 1.0 1.0 1.0 1.0 1.0 1.0 1.0 1.0 1.0 1.0 1.0 1.0 1.0 1.0 1.0 1.0 1.0 1.0 1.0 1.0 1.0 1.0 1.0 1.0 1.0 1.0 1.0 1.0 1.0 1.0 1.0 1.0 1.0 1.0 1.0 1.0 1.0 1.0 1.0 1.0 1.0 1.0 1.0 1.0 1.0 1.0 1.0 1.0 1.0 1.0 1.0 1.0 1.0 1.0 1.0 1.0 1.0 1.0 1.0 1.0 1.0 1.0 1.0 1.0 1.0 1.0 1.0 1.0 1.0 1.0 1.0 1.0 1.0 1.0 1.0 1.0 1.0 1.0 1.0 1.0 1.0 1.0 1.0 1.0 1.0 1.0 1.0 1.0 1.0 1.0 1.0 1.0 1.0 1.0 1.0 1.0 1.0 0.905 1.005 1.154 1.069 0.876 1.22 0.924 1.103 0.822 1.225 1.005 0.811 0.931 1.228 1.112 0.927 0.803 1.124 0.795 0.934 1.117 1.248 1.128 1.014 0.871 1.109 1.048 0.768 1.063 1.177 1.103 0.832 1.133 1.138 0.938 1.14 0.893 0.769 1.072 1.221 0.896 0.955 1.004 1.294 1.061 0.834 0.91 0.895 1.056 1.065 1.149 1.144 0.912 1.254 1.045 1.107 1.0 0.998 1.024 0.749 0.799 1.125 1.034 1.098 1.097 1.133 0.821 0.854 0.985 1.282 0.8 1.107 0.904 1.042 0.695 1.128 1.133 1.007 1.0 1.217 0.773 1.086 1.071 1.0 1.147 0.781 1.103 0.818 1.0 1.205 1.083 1.063 1.106 1.0 1.346 0.857 0.857 0.972 1.0 0.758 1.042 0.723 1.107 1.0 0.977 1.021 0.724 1.019 1.0 1.094 1.095 0.995 0.78 1.0 1.091 1.261 0.778 1.22 1.0 1.446 0.821 0.865 1.061 1.0 1.112 0.979 1.06 1.279 1.0 0.709 1.259 0.767 0.934 1.0 1.472 0.963 0.9 1.298 1.0 1.082 1.066 1.107 0.774 1.0 0.92 0.858 1.178 0.783 1.0 1.12 1.274 0.956 0.781 1.0 0.751 1.037 1.283 1.053 1.0 0.911 1.0 1.284 1.295 1.0 1.139 1.0 1.325 0.757 1.0 0.938 1.0 0.944 0.903 1.0 0.677 1.0 1.002 0.729 1.0 0.89 1.0 0.757 0.737 1.0 0.96 1.0 0.74 0.718 1.0 1.018 1.0 0.754 1.455 1.0 1.629 1.0 1.0 0.73 1.0 0.83 1.0 1.0 0.711 1.0 0.986 1.0 1.0 1.205 1.0 1.0 1.0 1.0 0.763 1.0 1.0 1.0 1.0 1.021 1.0 1.0 1.0 1.0 1.569 1.0 1.0 1.0 1.0 1.0 1.0 1.0 1.0 1.0 1.0 1.0 1.0 1.0 1.0 1.0 1.0 1.0 1.0 1.0 1.0 1.0 1.0 1.0 1.0 1.0 1.0 1.0 1.0 1.0 1.0 1.0 1.0 1.0 1.0 1.0 1.0 1.0 1.0 1.0 1.0 1.0 1.0 1.0 1.0 1.0 1.0 1.0 1.0 1.0 1.0 1.0 1.0 1.0 1.0 1.0 1.0 1.0 1.0 1.0 1.0 1.0 1.0 1.0 1.0 1.0 1.0 1.0 1.0 1.0 1.0 1.0 1.0 1.0 1.0 1.0 1.0 1.0 1.0 1.0 1.0 1.0 1.0 1.0 1.0 1.0 1.0 1.0 1.0 1.0 1.0 1.0 1.0 1.0 1.0 1.0 1.0 1.0 1.0 1.0 1.0 1.0 1.0 1.0 1.0 1.0 1.0 1.0 1.0 1.0 1.0 1.0 1.0 1.0 1.0 1.0 1.0 1.0 1.0 1.0 1.0 1.0 1.0 1.0 1.0 1.0 1.0 1.0 1.0 1.0 1.0 1.0 1.0 1.0 1.0 1.0 1.0 1.0 1.0 1.0 1.0 1.0 1.0 1.0 1.0 1.0 1.0 1.0 1.0 1.0 1.0 1.0 1.0 1.0 1.0 1.0 1.0 1.0,1.6287489,0.6287489,0.62806416,0.3,0.46536457538604736,0.0003,5,2.8020558
33,0.15769299864768982,0.9968875,1.017 1.031 0.958 0.971 0.958 0.929 1.234 1.109 0.814 0.81 1.036 1.267 0.93 1.122 1.007 1.276 0.78 0.748 0.902 0.904 1.033 1.085 0.907 1.305 1.097 1.026 0.775 1.26 1.032 1.146 1.073 0.776 1.057 0.833 1.198 0.893 0.85 1.215 1.048 1.18 1.094 1.09 1.028 0.741 0.702 0.986 0.777 1.087 1.238 0.951 1.16 0.777 1.092 1.246 0.742 0.901 1.065 1.085 1.048 1.059 0.855 0.86 0.784 1.142 1.0 1.208 1.112 0.734 0.798 1.0 1.045 1.118 1.08 1.125 1.0 1.189 1.337 1.146 1.143 1.0 1.296 0.866 1.358 1.04 1.0 1.261 0.855 1.152 0.682 1.0 1.082 0.756 1.074 1.092 1.0 0.999 0.854 0.743 0.794 1.0 1.281 0.75 0.851 1.133 1.0 0.971 1.096 1.0 0.785 1.0 0.756 0.796 1.0 0.759 1.0 0.75 1.07 1.0 0.774 1.0 0.687 0.971 1.0 0.791 1.0 1.038 0.974 1.0 0.762 1.0 0.762 1.197 1.0 0.755 1.0 1.011 0.942 1.0 1.078 1.0 1.167 0.986 1.0 1.155 1.0 0.642 0.716 1.0 0.971 1.0 0.638 1.189 1.0 0.798 1.0 1.113 1.105 1.0 1.028 1.0 1.531 1.121 1.0 0.958 1.0 1.0 0.935 1.0 0.996 1.0 1.0 0.925 1.0 0.789 1.0 1.0 0.966 1.0 1.15 1.0 1.0 0.855 1.0 0.804 1.0 1.0 0.715 1.0 0.805 1.0 1.0 1.102 1.0 1.0 1.0 1.0 1.542 1.0 1.0 1.0 1.0 0.945 1.0 1.0 1.0 1.0 0.789 1.0 1.0 1.0 1.0 0.794 1.0 1.0 1.0 1.0 0.799 1.0 1.0 1.0 1.0 0.857 1.0 1.0 1.0 1.0 0.783 1.0 1.0 1.0 1.0 1.0 1.0 1.0 1.0 1.0 1.0 1.0 1.0 1.0 1.0 1.0 1.0 1.0 1.0 1.0 1.0 1.0 1.0 1.0 1.0 1.0 1.0 1.0 1.0 1.0 1.0 1.0 1.0 1.0 1.0 1.0 1.0 1.0 1.0 1.0 1.0 1.0 1.0 1.0 1.0 1.0 1.0 1.0 1.0 1.0 1.0 1.0 1.0 1.0 1.0 1.0 1.0 1.0 1.0 1.0 1.0 1.0 1.0 1.0 1.0 1.0 1.0 1.0 1.0 1.0 1.0 1.0 1.0 1.0 1.0 1.0 1.0 1.0 1.0 1.0 1.0 1.0 1.0 1.0 1.0 1.0 1.0 1.0 1.0 1.0 1.0 1.0 1.0 1.0 1.0 1.0 1.0 1.0 1.0 1.0 1.0 1.0 1.0 1.0 1.0 1.0 1.0 1.0 1.0 1.0 1.0 1.0 1.0 1.0 1.0 1.0 1.0 1.0 1.0 1.0 1.0 1.0 1.0 1.0 1.0 1.0 1.0 1.0 1.0 1.0 1.0 1.0 1.0 1.0 1.0 1.0 1.0 1.0 1.0 1.0 1.0 1.0 1.0 1.0 1.0 1.0 1.0 1.0 1.0 1.0 1.0 1.0 1.0 1.0 0.991 0.952 1.072 0.971 0.958 1.237 0.92 0.937 0.822 0.956 1.012 1.039 0.98 0.801 1.143 1.072 0.803 0.905 0.789 1.02 0.992 1.05 0.987 0.866 0.847 1.199 0.845 1.172 1.07 0.767 0.76 1.219 0.886 1.049 0.785 1.221 1.15 1.06 1.238 0.776 0.747 0.807 1.183 0.673 1.216 0.76 1.02 1.038 0.738 1.224 0.756 0.813 0.792 0.797 0.702 1.219 0.819 0.889 1.184 0.705 1.133 0.965 1.117 0.655 0.971 0.995 1.091 1.105 0.704 1.159 0.942 1.046 1.12 1.205 0.716 1.047 0.995 1.036 0.644 1.162 0.963 0.973 0.765 0.656 0.725 1.0 1.104 1.129 1.045 0.766 1.0 1.04 0.754 0.682 1.158 1.0 1.041 1.334 0.941 1.027 1.0 0.886 0.679 0.68 0.719 1.0 0.899 0.993 0.909 1.0 1.0 1.074 0.948 0.96 1.0 1.0 0.88 0.88 0.954 1.0 1.0 1.129 0.765 0.915 1.0 1.0 1.04 0.718 0.691 1.0 1.0 1.167 0.644 1.211 1.0 1.0 0.94 0.859 0.86 1.0 1.0 0.904 1.233 0.746 1.0 1.0 0.942 0.992 1.0 1.0 1.0 1.17 0.741 1.0 1.0 1.0 0.841 0.645 1.0 1.0 1.0 0.807 0.727 1.0 1.0 1.0 0.945 1.572 1.0 1.0 1.0 0.78 1.0 1.0 1.0 1.0 0.775 1.0 1.0 1.0 1.0 0.938 1.0 1.0 1.0 1.0 1.029 1.0 1.0 1.0 1.0 0.925 1.0 1.0 1.0 1.0 0.982 1.0 1.0 1.0 1.0 1.01 1.0 1.0 1.0 1.0 0.7 1.0 1.0 1.0 1.0 0.998 1.0 1.0 1.0 1.0 0.947 1.0 1.0 1.0 1.0 1.224 1.0 1.0 1.0 1.0 0.758 1.0 1.0 1.0 1.0 1.556 1.0 1.0 1.0 1.0 1.481 1.0 1.0 1.0 1.0 0.679 1.0 1.0 1.0 1.0 1.0 1.0 1.0 1.0 1.0 1.0 1.0 1.0 1.0 1.0 1.0 1.0 1.0 1.0 1.0 1.0 1.0 1.0 1.0 1.0 1.0 1.0 1.0 1.0 1.0 1.0 1.0 1.0 1.0 1.0 1.0 1.0 1.0 1.0 1.0 1.0 1.0 1.0 1.0 1.0 1.0 1.0 1.0 1.0 1.0 1.0 1.0 1.0 1.0 1.0 1.0 1.0 1.0 1.0 1.0 1.0 1.0 1.0 1.0 1.0 1.0 1.0 1.0 1.0 1.0 1.0 1.0 1.0 1.0 1.0 1.0 1.0 1.0 1.0 1.0 1.0 1.0 1.0 1.0 1.0 1.0 1.0 1.0 1.0 1.0 1.0 1.0 1.0 1.0 1.0 1.0 1.0 1.0 1.0 1.0 1.0 1.0 1.0 1.0 1.0 1.0 1.0 1.0 1.0 1.0 1.0 1.0 1.0 1.0 1.0 1.0 1.0 1.0 1.0 1.0 1.0 1.0 1.0 1.0 1.0 1.0 1.0 1.0 1.0 1.0 1.0 1.0 1.0 1.0 1.0 1.0 1.0 1.0 1.0 1.156 1.031 0.865 1.07 0.871 0.934 0.921 1.108 0.945 0.815 1.269 1.281 0.922 1.117 1.245 0.915 1.035 1.3 1.13 0.884 1.257 1.086 1.303 0.903 0.868 0.955 0.921 0.904 1.146 1.227 1.19 0.881 1.033 0.752 0.816 0.933 0.89 1.025 0.878 1.235 1.068 1.047 1.129 1.256 0.705 1.051 1.14 1.1 0.86 1.163 0.995 1.189 1.117 1.104 1.158 0.832 0.755 1.096 0.973 0.678 1.023 1.099 1.216 0.771 0.73 1.082 1.066 0.707 1.145 0.968 1.173 1.261 0.923 1.217 0.797 1.0 1.133 0.747 1.152 0.806 1.141 1.149 0.949 1.195 1.138 0.722 0.988 0.945 1.179 0.999 0.791 0.684 0.879 0.721 1.113 1.086 0.685 0.726 0.875 1.32 0.79 0.67 1.422 1.127 0.851 1.084 0.961 1.0 0.967 0.926 0.796 0.672 1.0 0.764 0.812 1.018 0.756 1.0 1.136 1.0 0.753 1.326 1.0 1.39 1.0 0.749 0.76 1.0 0.903 1.0 0.747 1.329 1.0 1.071 1.0 0.801 1.045 1.0 0.927 1.0 0.899 0.888 1.0 1.158 1.0 1.091 1.173 1.0 0.757 1.0 0.98 0.887 1.0 0.89 1.0 0.981 0.794 1.0 1.0 1.0 0.782 0.88 1.0 1.0 1.0 1.026 0.692 1.0 1.0 1.0 1.102 0.736 1.0 1.0 1.0 0.95 0.786 1.0 1.0 1.0 0.857 0.754 1.0 1.0 1.0 1.088 0.988 1.0 1.0 1.0 0.897 1.0 1.0 1.0 1.0 1.019 1.0 1.0 1.0 1.0 0.953 1.0 1.0 1.0 1.0 0.929 1.0 1.0 1.0 1.0 0.877 1.0 1.0 1.0 1.0 0.805 1.0 1.0 1.0 1.0 1.367 1.0 1.0 1.0 1.0 1.344 1.0 1.0 1.0 1.0 1.38 1.0 1.0 1.0 1.0 1.122 1.0 1.0 1.0 1.0 0.766 1.0 1.0 1.0 1.0 0.831 1.0 1.0 1.0 1.0 1.48 1.0 1.0 1.0 1.0 0.742 1.0 1.0 1.0 1.0 1.0 1.0 1.0 1.0 1.0 1.0 1.0 1.0 1.0 1.0 1.0 1.0 1.0 1.0 1.0 1.0 1.0 1.0 1.0 1.0 1.0 1.0 1.0 1.0 1.0 1.0 1.0 1.0 1.0 1.0 1.0 1.0 1.0 1.0 1.0 1.0 1.0 1.0 1.0 1.0 1.0 1.0 1.0 1.0 1.0 1.0 1.0 1.0 1.0 1.0 1.0 1.0 1.0 1.0 1.0 1.0 1.0 1.0 1.0 1.0 1.0 1.0 1.0 1.0 1.0 1.0 1.0 1.0 1.0 1.0 1.0 1.0 1.0 1.0 1.0 1.0 1.0 1.0 1.0 1.0 1.0 1.0 1.0 1.0 1.0 1.0 1.0 1.0 1.0 1.0 1.0 1.0 1.0 1.0 1.0 1.0 1.0 1.0 1.0 1.0 1.0 1.0 1.0 1.0 1.0 1.0 1.0 1.0 1.0 1.0 1.0 1.0 1.0 1.0 1.0 1.0 1.0 1.0 1.0 1.0 1.156 1.004 0.865 1.07 1.062 0.862 0.922 1.236 0.965 0.811 0.915 1.025 0.931 0.972 0.943 0.832 1.027 1.136 0.886 1.311 0.889 1.135 0.973 1.061 0.985 1.09 1.154 1.14 0.785 1.076 1.021 1.064 1.137 1.32 0.797 0.733 1.096 1.222 1.322 1.162 1.12 0.857 1.216 1.075 1.292 0.891 0.821 0.789 1.125 1.116 1.218 1.148 1.011 1.091 1.297 1.351 1.178 0.986 1.271 1.331 1.205 1.072 0.957 0.99 1.166 1.232 1.186 1.163 1.313 0.941 1.221 1.348 1.04 1.289 1.325 0.96 1.238 1.154 1.327 0.739 1.273 0.638 1.188 0.906 1.205 1.355 1.307 0.915 1.309 0.784 0.641 1.22 1.141 0.764 1.096 1.033 1.216 1.032 0.726 1.301 1.272 0.696 1.178 1.071 1.306 0.97 0.994 1.124 0.743 0.749 1.381 1.286 1.128 0.76 1.209 1.199 0.825 0.991 1.3 0.875 1.191 0.832 1.009 1.318 0.854 0.992 1.347 0.904 0.767 0.766 1.338 0.783 0.9 1.141 1.347 1.155 0.832 0.982 0.931 1.328 0.932 1.381 0.992 0.787 0.705 0.703 1.0 0.971 0.628 1.0 0.679 1.0 0.982 1.0 1.0 0.695 1.0 0.847 1.0 1.0 0.714 1.0 0.998 1.0 1.0 1.248 1.0 1.011 1.0 1.0 1.562 1.0 1.261 1.0 1.0 0.839 1.0 0.985 1.0 1.0 1.575 1.0 0.847 1.0 1.0 0.907 1.0 0.839 1.0 1.0 0.963 1.0 0.838 1.0 1.0 0.778 1.0 0.836 1.0 1.0 1.0 1.0 0.9 1.0 1.0 1.0 1.0 1.283 1.0 1.0 1.0 1.0 1.193 1.0 1.0 1.0 1.0 1.026 1.0 1.0 1.0 1.0 1.048 1.0 1.0 1.0 1.0 1.049 1.0 1.0 1.0 1.0 1.016 1.0 1.0 1.0 1.0 1.05 1.0 1.0 1.0 1.0 1.052 1.0 1.0 1.0 1.0 1.027 1.0 1.0 1.0 1.0 0.863 1.0 1.0 1.0 1.0 0.913 1.0 1.0 1.0 1.0 0.942 1.0 1.0 1.0 1.0 0.931 1.0 1.0 1.0 1.0 0.996 1.0 1.0 1.0 1.0 1.067 1.0 1.0 1.0 1.0 1.037 1.0 1.0 1.0 1.0 1.063 1.0 1.0 1.0 1.0 0.871 1.0 1.0 1.0 1.0 0.997 1.0 1.0 1.0 1.0 1.063 1.0 1.0 1.0 1.0 1.058 1.0 1.0 1.0 1.0 0.875 1.0 1.0 1.0 1.0 0.852 1.0 1.0 1.0 1.0 0.935 1.0 1.0 1.0 1.0 0.858 1.0 1.0 1.0 1.0 1.072 1.0 1.0 1.0 1.0 0.921 1.0 1.0 1.0 1.0 1.019 1.0 1.0 1.0 1.0 0.947 1.0 1.0 1.0 1.0 1.026 1.0 1.0 1.0 1.0 0.859 1.0 1.0 1.0 1.0 0.824 1.0 1.0 1.0 1.0 0.814 1.0 1.0 1.0 1.0 0.654 1.0 1.0 1.0 1.0 0.804 1.0 1.0 0.958 1.162 0.958 1.146 0.975 1.235 0.921 1.237 0.816 1.088 0.848 1.027 0.937 0.793 1.295 0.908 1.118 1.133 0.831 0.958 0.896 1.08 0.762 0.894 1.005 1.092 1.188 0.846 1.152 0.924 1.044 0.783 0.849 1.27 0.962 0.836 1.054 1.089 1.113 1.25 0.84 1.209 1.193 1.217 0.753 1.329 1.152 1.032 1.19 1.298 1.34 0.751 1.163 0.721 1.174 1.171 0.991 1.179 1.179 1.296 1.263 1.229 0.731 1.291 0.744 0.84 1.218 1.22 1.272 1.037 0.962 1.205 0.915 1.038 1.292 0.867 1.203 0.903 1.35 1.178 1.26 1.195 1.177 0.668 1.003 1.008 1.0 1.264 1.267 1.18 0.884 1.0 0.977 1.182 0.776 0.994 1.0 0.963 0.922 0.781 0.91 1.0 0.776 0.713 1.188 1.076 1.0 0.705 1.023 0.811 1.017 1.0 0.952 1.505 1.049 1.093 1.0 1.022 0.728 1.065 0.852 1.0 0.886 0.722 1.179 0.863 1.0 0.96 0.726 0.745 1.248 1.0 0.911 1.291 0.843 0.951 1.0 1.124 0.997 0.85 0.975 1.0 0.744 0.991 1.029 0.978 1.0 1.001 0.715 0.992 1.143 1.0 0.921 0.97 0.721 0.924 1.0 0.946 0.942 1.0 1.121 1.0 0.716 0.939 1.0 0.97 1.0 0.834 0.929 1.0 0.795 1.0 0.996 0.765 1.0 0.783 1.0 1.0 1.194 1.0 0.859 1.0 1.0 0.889 1.0 0.803 1.0 1.0 0.913 1.0 0.876 1.0 1.0 1.376 1.0 1.112 1.0 1.0 1.399 1.0 0.839 1.0 1.0 0.696 1.0 0.674 1.0 1.0 0.809 1.0 0.816 1.0 1.0 0.804 1.0 0.688 1.0 1.0 1.111 1.0 1.0 1.0 1.0 1.126 1.0 1.0 1.0 1.0 1.049 1.0 1.0 1.0 1.0 0.803 1.0 1.0 1.0 1.0 1.0 1.0 1.0 1.0 1.0 1.0 1.0 1.0 1.0 1.0 1.0 1.0 1.0 1.0 1.0 1.0 1.0 1.0 1.0 1.0 1.0 1.0 1.0 1.0 1.0 1.0 1.0 1.0 1.0 1.0 1.0 1.0 1.0 1.0 1.0 1.0 1.0 1.0 1.0 1.0 1.0 1.0 1.0 1.0 1.0 1.0 1.0 1.0 1.0 1.0 1.0 1.0 1.0 1.0 1.0 1.0 1.0 1.0 1.0 1.0 1.0 1.0 1.0 1.0 1.0 1.0 1.0 1.0 1.0 1.0 1.0 1.0 1.0 1.0 1.0 1.0 1.0 1.0 1.0 1.0 1.0 1.0 1.0 1.0 1.0 1.0 1.0 1.0 1.0 1.0 1.0 1.0 1.0 1.0 1.0 1.0 1.0 1.0 1.0 1.0 1.0 1.0 1.0 1.0 1.0 1.0 1.0 1.0 1.0 1.0 1.0 1.0 1.0 1.0 1.0 1.0 1.0 1.0 1.0 1.0 1.0 1.0 1.0 1.0 1.0 1.0 1.0 1.0 1.0 1.0 1.0 1.0 1.0 1.0 1.0 1.0 1.0 1.0 1.0 1.0 1.0 1.0 0.901 1.031 1.162 0.967 0.975 1.027 1.237 1.103 0.971 1.084 0.909 1.267 0.965 1.048 1.29 0.819 1.03 0.771 0.805 0.979 1.295 1.288 1.144 1.065 1.123 0.814 0.817 0.769 0.692 0.816 0.842 1.062 1.146 1.104 0.847 1.086 0.847 0.871 0.711 1.03 0.791 0.772 1.03 1.158 0.806 1.127 1.086 1.289 0.734 1.006 0.975 1.068 1.043 0.988 1.052 0.755 0.845 0.886 0.741 0.887 1.161 0.775 0.973 1.0 1.25 0.801 1.264 0.979 1.0 1.115 1.038 0.81 1.1 1.0 0.721 0.777 1.122 1.08 1.0 1.072 0.89 0.87 0.903 1.0 0.972 1.21 0.856 1.009 1.0 0.902 0.774 1.117 0.883 1.0 0.725 1.132 1.087 0.992 1.0 0.719 1.191 1.012 0.958 1.0 0.885 1.143 1.074 1.04 1.0 0.88 0.744 0.867 0.972 1.0 0.731 0.876 1.134 0.962 1.0 1.355 0.799 0.775 1.044 1.0 1.075 0.847 1.221 0.96 1.0 0.741 0.778 1.001 1.274 1.0 0.843 0.811 0.763 0.958 1.0 1.0 0.782 0.975 1.039 1.0 1.0 0.917 0.955 0.978 1.0 1.0 1.232 1.046 0.979 1.0 1.0 0.863 0.903 0.806 1.0 1.0 0.857 0.995 0.952 1.0 1.0 0.758 0.983 1.292 1.0 1.0 1.0 0.817 1.299 1.0 1.0 1.0 1.242 1.218 1.0 1.0 1.0 0.804 0.867 1.0 1.0 1.0 0.92 0.977 1.0 1.0 1.0 0.913 0.968 1.0 1.0 1.0 0.907 1.04 1.0 1.0 1.0 0.951 0.878 1.0 1.0 1.0 0.918 0.9 1.0 1.0 1.0 0.924 0.649 1.0 1.0 1.0 1.003 0.919 1.0 1.0 1.0 0.935 0.7 1.0 1.0 1.0 0.864 0.643 1.0 1.0 1.0 0.869 0.811 1.0 1.0 1.0 1.006 0.638 1.0 1.0 1.0 0.957 0.841 1.0 1.0 1.0 1.103 1.0 1.0 1.0 1.0 0.734 1.0 1.0 1.0 1.0 0.705 1.0 1.0 1.0 1.0 1.161 1.0 1.0 1.0 1.0 0.654 1.0 1.0 1.0 1.0 0.661 1.0 1.0 1.0 1.0 0.681 1.0 1.0 1.0 1.0 0.841 1.0 1.0 1.0 1.0 0.818 1.0 1.0 1.0 1.0 0.819 1.0 1.0 1.0 1.0 0.791 1.0 1.0 1.0 1.0 1.0 1.0 1.0 1.0 1.0 1.0 1.0 1.0 1.0 1.0 1.0 1.0 1.0 1.0 1.0 1.0 1.0 1.0 1.0 1.0 1.0 1.0 1.0 1.0 1.0 1.0 1.0 1.0 1.0 1.0 1.0 1.0 1.0 1.0 1.0 1.0 1.0 1.0 1.0 1.0 1.0 1.0 1.0 1.0 1.0 1.0 1.0 1.0 1.0 1.0 1.0 1.0 1.0 1.0 1.0 1.0 1.0 1.0 1.0 1.0 1.0 1.0 1.0 1.0 1.0 1.0 1.0 1.0 1.0 1.0 1.0 1.0 1.0 1.0 1.0 1.0 1.0 1.0 1.0 1.156 1.162 0.972 1.07 0.871 0.934 1.243 1.253 1.103 1.232 1.264 1.033 0.957 1.128 1.251 0.84 0.882 0.933 0.768 0.838 1.053 1.039 1.155 0.888 1.057 0.859 1.225 0.894 1.295 0.825 1.159 0.675 1.001 0.762 1.066 0.872 1.125 0.834 1.039 1.038 1.028 1.232 1.117 0.965 1.186 1.109 1.265 1.125 1.251 0.721 0.801 1.101 1.065 1.125 1.192 1.163 0.685 1.036 1.108 1.291 1.04 1.218 1.145 1.303 1.079 1.039 0.69 1.174 1.03 1.165 1.16 1.31 0.711 0.813 0.734 1.178 1.174 0.712 1.22 0.727 1.115 1.006 1.304 1.238 1.0 1.234 0.667 1.326 1.238 1.0 1.224 1.267 1.049 0.68 1.0 1.095 0.942 1.196 1.191 1.0 0.983 0.815 1.222 0.682 1.0 0.94 1.258 0.971 1.055 1.0 0.969 0.95 0.953 1.069 1.0 0.991 1.312 1.409 0.854 1.0 1.003 1.305 0.901 1.142 1.0 1.212 1.0 0.697 1.066 1.0 1.171 1.318 1.261 0.973 1.0 1.154 0.796 0.714 0.722 1.0 0.976 1.336 1.296 0.797 1.0 1.225 0.629 1.271 0.683 1.0 1.207 0.769 1.245 0.788 1.0 0.66 1.056 1.003 1.038 1.0 0.663 1.323 1.317 0.784 1.0 0.665 1.278 0.702 1.0 1.0 0.674 0.655 0.866 1.0 1.0 0.816 0.759 1.0 1.0 1.0 0.815 0.869 1.0 1.0 1.0 0.805 0.889 1.0 1.0 1.0 1.051 0.693 1.0 1.0 1.0 0.868 0.763 1.0 1.0 1.0 1.078 0.814 1.0 1.0 1.0 1.097 1.0 1.0 1.0 1.0 0.808 1.0 1.0 1.0 1.0 1.442 1.0 1.0 1.0 1.0 0.779 1.0 1.0 1.0 1.0 0.943 1.0 1.0 1.0 1.0 1.277 1.0 1.0 1.0 1.0 0.906 1.0 1.0 1.0 1.0 0.864 1.0 1.0 1.0 1.0 1.0 1.0 1.0 1.0 1.0 1.0 1.0 1.0 1.0 1.0 1.0 1.0 1.0 1.0 1.0 1.0 1.0 1.0 1.0 1.0 1.0 1.0 1.0 1.0 1.0 1.0 1.0 1.0 1.0 1.0 1.0 1.0 1.0 1.0 1.0 1.0 1.0 1.0 1.0 1.0 1.0 1.0 1.0 1.0 1.0 1.0 1.0 1.0 1.0 1.0 1.0 1.0 1.0 1.0 1.0 1.0 1.0 1.0 1.0 1.0 1.0 1.0 1.0 1.0 1.0 1.0 1.0 1.0 1.0 1.0 1.0 1.0 1.0 1.0 1.0 1.0 1.0 1.0 1.0 1.0 1.0 1.0 1.0 1.0 1.0 1.0 1.0 1.0 1.0 1.0 1.0 1.0 1.0 1.0 1.0 1.0 1.0 1.0 1.0 1.0 1.0 1.0 1.0 1.0 1.0 1.0 1.0 1.0 1.0 1.0 1.0 1.0 1.0 1.0 1.0 1.0 1.0 1.0 1.0 1.0 1.0 1.0 1.0 1.0 1.0 1.0 1.0 1.0 1.0 1.0 1.0 1.0 1.0 1.0 1.0 0.901 1.004 1.162 1.07 0.871 1.232 0.922 1.105 0.815 1.237 1.003 0.803 0.928 1.241 1.114 0.922 0.795 1.127 0.787 0.931 1.122 1.262 1.13 1.014 0.866 1.113 1.048 0.76 1.065 1.183 1.107 0.827 1.135 1.138 0.934 1.144 0.887 0.76 1.078 1.23 0.894 0.951 1.002 1.305 1.063 0.829 0.908 0.892 1.064 1.065 1.152 1.15 0.91 1.265 1.047 1.114 1.002 0.995 1.03 0.74 0.792 1.13 1.033 1.108 1.1 1.135 0.816 0.851 0.982 1.299 0.795 1.109 0.899 1.041 0.689 1.131 1.136 1.007 1.0 1.212 0.769 1.089 1.074 1.0 1.156 0.779 1.108 0.816 1.0 1.218 1.087 1.07 1.114 1.0 1.343 0.852 0.851 0.971 1.0 0.753 1.043 0.717 1.111 1.0 0.974 1.021 0.718 1.021 1.0 1.095 1.099 0.993 0.773 1.0 1.092 1.269 0.776 1.216 1.0 1.448 0.821 0.859 1.064 1.0 1.116 0.977 1.065 1.279 1.0 0.708 1.267 0.766 0.934 1.0 1.477 0.96 0.895 1.297 1.0 1.084 1.068 1.109 0.775 1.0 0.915 0.853 1.177 0.777 1.0 1.12 1.273 0.952 0.779 1.0 0.748 1.037 1.29 1.055 1.0 0.907 1.0 1.285 1.293 1.0 1.139 1.0 1.328 0.758 1.0 0.934 1.0 0.94 0.899 1.0 0.676 1.0 0.999 0.725 1.0 0.889 1.0 0.758 0.738 1.0 0.956 1.0 0.741 0.711 1.0 1.014 1.0 0.75 1.462 1.0 1.646 1.0 1.0 0.723 1.0 0.825 1.0 1.0 0.706 1.0 0.98 1.0 1.0 1.213 1.0 1.0 1.0 1.0 0.754 1.0 1.0 1.0 1.0 1.019 1.0 1.0 1.0 1.0 1.58 1.0 1.0 1.0 1.0 1.0 1.0 1.0 1.0 1.0 1.0 1.0 1.0 1.0 1.0 1.0 1.0 1.0 1.0 1.0 1.0 1.0 1.0 1.0 1.0 1.0 1.0 1.0 1.0 1.0 1.0 1.0 1.0 1.0 1.0 1.0 1.0 1.0 1.0 1.0 1.0 1.0 1.0 1.0 1.0 1.0 1.0 1.0 1.0 1.0 1.0 1.0 1.0 1.0 1.0 1.0 1.0 1.0 1.0 1.0 1.0 1.0 1.0 1.0 1.0 1.0 1.0 1.0 1.0 1.0 1.0 1.0 1.0 1.0 1.0 1.0 1.0 1.0 1.0 1.0 1.0 1.0 1.0 1.0 1.0 1.0 1.0 1.0 1.0 1.0 1.0 1.0 1.0 1.0 1.0 1.0 1.0 1.0 1.0 1.0 1.0 1.0 1.0 1.0 1.0 1.0 1.0 1.0 1.0 1.0 1.0 1.0 1.0 1.0 1.0 1.0 1.0 1.0 1.0 1.0 1.0 1.0 1.0 1.0 1.0 1.0 1.0 1.0 1.0 1.0 1.0 1.0 1.0 1.0 1.0 1.0 1.0 1.0 1.0 1.0 1.0 1.0 1.0 1.0 1.0 1.0 1.0 1.0 1.0 1.0 1.0 1.0 1.0 1.0 1.0 1.0 1.0 1.0,1.6459266,0.6459266,0.6283489,0.3,0.47285401821136475,0.0003,5,2.8619633
34,0.16095885634422302,0.9968355,1.016 1.03 0.956 0.97 0.957 0.927 1.245 1.111 0.807 0.803 1.035 1.281 0.928 1.124 1.007 1.291 0.771 0.739 0.898 0.902 1.032 1.085 0.904 1.319 1.095 1.025 0.767 1.272 1.032 1.14 1.074 0.768 1.059 0.829 1.192 0.887 0.846 1.221 1.049 1.184 1.097 1.09 1.029 0.733 0.701 0.986 0.768 1.091 1.249 0.955 1.166 0.769 1.096 1.255 0.737 0.897 1.063 1.089 1.048 1.067 0.849 0.858 0.777 1.148 1.0 1.209 1.114 0.726 0.792 1.0 1.047 1.119 1.087 1.132 1.0 1.198 1.353 1.147 1.152 1.0 1.295 0.865 1.358 1.04 1.0 1.257 0.853 1.158 0.678 1.0 1.088 0.746 1.076 1.099 1.0 0.998 0.853 0.741 0.791 1.0 1.285 0.74 0.847 1.139 1.0 0.97 1.094 1.0 0.782 1.0 0.749 0.794 1.0 0.758 1.0 0.743 1.075 1.0 0.774 1.0 0.686 0.969 1.0 0.792 1.0 1.043 0.972 1.0 0.758 1.0 0.754 1.197 1.0 0.748 1.0 1.015 0.94 1.0 1.085 1.0 1.171 0.984 1.0 1.156 1.0 0.642 0.714 1.0 0.969 1.0 0.639 1.188 1.0 0.795 1.0 1.114 1.106 1.0 1.031 1.0 1.538 1.118 1.0 0.954 1.0 1.0 0.932 1.0 0.999 1.0 1.0 0.926 1.0 0.788 1.0 1.0 0.964 1.0 1.15 1.0 1.0 0.851 1.0 0.808 1.0 1.0 0.714 1.0 0.799 1.0 1.0 1.099 1.0 1.0 1.0 1.0 1.56 1.0 1.0 1.0 1.0 0.939 1.0 1.0 1.0 1.0 0.783 1.0 1.0 1.0 1.0 0.788 1.0 1.0 1.0 1.0 0.792 1.0 1.0 1.0 1.0 0.85 1.0 1.0 1.0 1.0 0.782 1.0 1.0 1.0 1.0 1.0 1.0 1.0 1.0 1.0 1.0 1.0 1.0 1.0 1.0 1.0 1.0 1.0 1.0 1.0 1.0 1.0 1.0 1.0 1.0 1.0 1.0 1.0 1.0 1.0 1.0 1.0 1.0 1.0 1.0 1.0 1.0 1.0 1.0 1.0 1.0 1.0 1.0 1.0 1.0 1.0 1.0 1.0 1.0 1.0 1.0 1.0 1.0 1.0 1.0 1.0 1.0 1.0 1.0 1.0 1.0 1.0 1.0 1.0 1.0 1.0 1.0 1.0 1.0 1.0 1.0 1.0 1.0 1.0 1.0 1.0 1.0 1.0 1.0 1.0 1.0 1.0 1.0 1.0 1.0 1.0 1.0 1.0 1.0 1.0 1.0 1.0 1.0 1.0 1.0 1.0 1.0 1.0 1.0 1.0 1.0 1.0 1.0 1.0 1.0 1.0 1.0 1.0 1.0 1.0 1.0 1.0 1.0 1.0 1.0 1.0 1.0 1.0 1.0 1.0 1.0 1.0 1.0 1.0 1.0 1.0 1.0 1.0 1.0 1.0 1.0 1.0 1.0 1.0 1.0 1.0 1.0 1.0 1.0 1.0 1.0 1.0 1.0 1.0 1.0 1.0 1.0 1.0 1.0 1.0 1.0 1.0 1.0 1.0 0.99 0.951 1.074 0.97 0.957 1.249 0.918 0.935 0.816 0.954 1.011 1.038 0.979 0.793 1.147 1.073 0.795 0.902 0.781 1.022 0.993 1.05 0.984 0.862 0.843 1.201 0.841 1.177 1.072 0.76 0.758 1.232 0.881 1.049 0.779 1.224 1.159 1.062 1.25 0.768 0.741 0.802 1.191 0.663 1.215 0.758 1.022 1.037 0.731 1.222 0.751 0.808 0.786 0.788 0.695 1.224 0.814 0.885 1.194 0.698 1.124 0.962 1.12 0.647 0.975 0.996 1.093 1.104 0.699 1.154 0.941 1.047 1.119 1.204 0.711 1.054 0.994 1.036 0.637 1.158 0.963 0.971 0.757 0.649 0.72 1.0 1.109 1.138 1.043 0.766 1.0 1.043 0.746 0.677 1.163 1.0 1.043 1.337 0.942 1.026 1.0 0.882 0.67 0.676 0.712 1.0 0.896 0.989 0.908 1.0 1.0 1.073 0.945 0.958 1.0 1.0 0.877 0.88 0.952 1.0 1.0 1.129 0.757 0.913 1.0 1.0 1.039 0.71 0.683 1.0 1.0 1.169 0.64 1.217 1.0 1.0 0.939 0.853 0.858 1.0 1.0 0.901 1.24 0.748 1.0 1.0 0.939 0.987 1.0 1.0 1.0 1.181 0.735 1.0 1.0 1.0 0.832 0.646 1.0 1.0 1.0 0.797 0.721 1.0 1.0 1.0 0.948 1.582 1.0 1.0 1.0 0.769 1.0 1.0 1.0 1.0 0.764 1.0 1.0 1.0 1.0 0.941 1.0 1.0 1.0 1.0 1.024 1.0 1.0 1.0 1.0 0.923 1.0 1.0 1.0 1.0 0.976 1.0 1.0 1.0 1.0 1.008 1.0 1.0 1.0 1.0 0.696 1.0 1.0 1.0 1.0 0.993 1.0 1.0 1.0 1.0 0.941 1.0 1.0 1.0 1.0 1.23 1.0 1.0 1.0 1.0 0.753 1.0 1.0 1.0 1.0 1.571 1.0 1.0 1.0 1.0 1.489 1.0 1.0 1.0 1.0 0.677 1.0 1.0 1.0 1.0 1.0 1.0 1.0 1.0 1.0 1.0 1.0 1.0 1.0 1.0 1.0 1.0 1.0 1.0 1.0 1.0 1.0 1.0 1.0 1.0 1.0 1.0 1.0 1.0 1.0 1.0 1.0 1.0 1.0 1.0 1.0 1.0 1.0 1.0 1.0 1.0 1.0 1.0 1.0 1.0 1.0 1.0 1.0 1.0 1.0 1.0 1.0 1.0 1.0 1.0 1.0 1.0 1.0 1.0 1.0 1.0 1.0 1.0 1.0 1.0 1.0 1.0 1.0 1.0 1.0 1.0 1.0 1.0 1.0 1.0 1.0 1.0 1.0 1.0 1.0 1.0 1.0 1.0 1.0 1.0 1.0 1.0 1.0 1.0 1.0 1.0 1.0 1.0 1.0 1.0 1.0 1.0 1.0 1.0 1.0 1.0 1.0 1.0 1.0 1.0 1.0 1.0 1.0 1.0 1.0 1.0 1.0 1.0 1.0 1.0 1.0 1.0 1.0 1.0 1.0 1.0 1.0 1.0 1.0 1.0 1.0 1.0 1.0 1.0 1.0 1.0 1.0 1.0 1.0 1.0 1.0 1.0 1.0 1.0 1.164 1.03 0.86 1.072 0.866 0.932 0.919 1.11 0.943 0.808 1.283 1.295 0.919 1.12 1.257 0.913 1.035 1.314 1.132 0.88 1.271 1.087 1.318 0.899 0.864 0.956 0.92 0.901 1.149 1.236 1.2 0.879 1.033 0.743 0.809 0.933 0.884 1.026 0.874 1.246 1.069 1.048 1.128 1.269 0.696 1.052 1.146 1.1 0.855 1.162 0.996 1.188 1.122 1.107 1.159 0.828 0.749 1.098 0.972 0.671 1.026 1.103 1.211 0.765 0.723 1.084 1.069 0.701 1.151 0.967 1.184 1.263 0.92 1.228 0.791 0.998 1.125 0.747 1.152 0.799 1.143 1.142 0.947 1.204 1.138 0.712 0.987 0.943 1.186 0.998 0.787 0.677 0.879 0.716 1.114 1.087 0.679 0.727 0.871 1.321 0.781 0.667 1.422 1.133 0.846 1.086 0.96 1.0 0.966 0.926 0.792 0.67 1.0 0.759 0.806 1.017 0.749 1.0 1.142 1.0 0.743 1.33 1.0 1.396 1.0 0.745 0.752 1.0 0.898 1.0 0.737 1.33 1.0 1.072 1.0 0.792 1.051 1.0 0.921 1.0 0.894 0.883 1.0 1.157 1.0 1.097 1.179 1.0 0.759 1.0 0.978 0.883 1.0 0.884 1.0 0.979 0.787 1.0 1.0 1.0 0.782 0.875 1.0 1.0 1.0 1.025 0.693 1.0 1.0 1.0 1.107 0.732 1.0 1.0 1.0 0.946 0.779 1.0 1.0 1.0 0.859 0.751 1.0 1.0 1.0 1.086 0.99 1.0 1.0 1.0 0.902 1.0 1.0 1.0 1.0 1.02 1.0 1.0 1.0 1.0 0.947 1.0 1.0 1.0 1.0 0.922 1.0 1.0 1.0 1.0 0.871 1.0 1.0 1.0 1.0 0.798 1.0 1.0 1.0 1.0 1.369 1.0 1.0 1.0 1.0 1.347 1.0 1.0 1.0 1.0 1.385 1.0 1.0 1.0 1.0 1.121 1.0 1.0 1.0 1.0 0.763 1.0 1.0 1.0 1.0 0.828 1.0 1.0 1.0 1.0 1.491 1.0 1.0 1.0 1.0 0.731 1.0 1.0 1.0 1.0 1.0 1.0 1.0 1.0 1.0 1.0 1.0 1.0 1.0 1.0 1.0 1.0 1.0 1.0 1.0 1.0 1.0 1.0 1.0 1.0 1.0 1.0 1.0 1.0 1.0 1.0 1.0 1.0 1.0 1.0 1.0 1.0 1.0 1.0 1.0 1.0 1.0 1.0 1.0 1.0 1.0 1.0 1.0 1.0 1.0 1.0 1.0 1.0 1.0 1.0 1.0 1.0 1.0 1.0 1.0 1.0 1.0 1.0 1.0 1.0 1.0 1.0 1.0 1.0 1.0 1.0 1.0 1.0 1.0 1.0 1.0 1.0 1.0 1.0 1.0 1.0 1.0 1.0 1.0 1.0 1.0 1.0 1.0 1.0 1.0 1.0 1.0 1.0 1.0 1.0 1.0 1.0 1.0 1.0 1.0 1.0 1.0 1.0 1.0 1.0 1.0 1.0 1.0 1.0 1.0 1.0 1.0 1.0 1.0 1.0 1.0 1.0 1.0 1.0 1.0 1.0 1.0 1.0 1.0 1.0 1.164 1.004 0.86 1.072 1.063 0.856 0.92 1.247 0.963 0.804 0.913 1.024 0.928 0.97 0.941 0.824 1.025 1.139 0.883 1.326 0.883 1.143 0.97 1.061 0.985 1.092 1.159 1.143 0.779 1.078 1.021 1.065 1.14 1.333 0.792 0.726 1.098 1.233 1.336 1.168 1.123 0.851 1.227 1.079 1.307 0.886 0.815 0.783 1.13 1.121 1.228 1.158 1.013 1.099 1.29 1.352 1.182 0.985 1.265 1.325 1.204 1.078 0.956 0.997 1.174 1.243 1.196 1.171 1.309 0.942 1.221 1.352 1.04 1.284 1.321 0.958 1.238 1.158 1.322 0.739 1.275 0.635 1.19 0.905 1.215 1.355 1.312 0.913 1.303 0.782 0.637 1.228 1.148 0.762 1.105 1.038 1.213 1.031 0.721 1.293 1.275 0.695 1.185 1.08 1.298 0.967 0.997 1.129 0.739 0.75 1.383 1.294 1.13 0.759 1.219 1.206 0.822 0.989 1.297 0.873 1.198 0.829 1.011 1.316 0.852 0.995 1.346 0.906 0.766 0.765 1.344 0.782 0.901 1.147 1.344 1.159 0.829 0.979 0.934 1.325 0.928 1.381 0.992 0.782 0.706 0.698 1.0 0.969 0.63 1.0 0.675 1.0 0.976 1.0 1.0 0.692 1.0 0.838 1.0 1.0 0.712 1.0 1.003 1.0 1.0 1.248 1.0 1.017 1.0 1.0 1.58 1.0 1.274 1.0 1.0 0.834 1.0 0.983 1.0 1.0 1.594 1.0 0.839 1.0 1.0 0.901 1.0 0.83 1.0 1.0 0.957 1.0 0.829 1.0 1.0 0.775 1.0 0.827 1.0 1.0 1.0 1.0 0.891 1.0 1.0 1.0 1.0 1.297 1.0 1.0 1.0 1.0 1.203 1.0 1.0 1.0 1.0 1.03 1.0 1.0 1.0 1.0 1.046 1.0 1.0 1.0 1.0 1.047 1.0 1.0 1.0 1.0 1.014 1.0 1.0 1.0 1.0 1.053 1.0 1.0 1.0 1.0 1.06 1.0 1.0 1.0 1.0 1.037 1.0 1.0 1.0 1.0 0.863 1.0 1.0 1.0 1.0 0.907 1.0 1.0 1.0 1.0 0.934 1.0 1.0 1.0 1.0 0.934 1.0 1.0 1.0 1.0 0.995 1.0 1.0 1.0 1.0 1.064 1.0 1.0 1.0 1.0 1.04 1.0 1.0 1.0 1.0 1.066 1.0 1.0 1.0 1.0 0.859 1.0 1.0 1.0 1.0 0.994 1.0 1.0 1.0 1.0 1.066 1.0 1.0 1.0 1.0 1.066 1.0 1.0 1.0 1.0 0.865 1.0 1.0 1.0 1.0 0.847 1.0 1.0 1.0 1.0 0.926 1.0 1.0 1.0 1.0 0.853 1.0 1.0 1.0 1.0 1.07 1.0 1.0 1.0 1.0 0.911 1.0 1.0 1.0 1.0 1.023 1.0 1.0 1.0 1.0 0.938 1.0 1.0 1.0 1.0 1.034 1.0 1.0 1.0 1.0 0.849 1.0 1.0 1.0 1.0 0.819 1.0 1.0 1.0 1.0 0.81 1.0 1.0 1.0 1.0 0.651 1.0 1.0 1.0 1.0 0.799 1.0 1.0 0.957 1.17 0.956 1.153 0.974 1.247 0.919 1.249 0.809 1.089 0.841 1.027 0.935 0.785 1.309 0.905 1.125 1.136 0.824 0.956 0.891 1.082 0.753 0.889 1.005 1.098 1.19 0.839 1.158 0.922 1.045 0.78 0.843 1.281 0.962 0.834 1.057 1.091 1.113 1.264 0.839 1.212 1.201 1.224 0.747 1.332 1.158 1.031 1.197 1.313 1.344 0.749 1.167 0.714 1.169 1.167 0.995 1.187 1.178 1.312 1.267 1.225 0.725 1.304 0.737 0.84 1.222 1.23 1.286 1.037 0.96 1.213 0.911 1.037 1.307 0.868 1.208 0.899 1.364 1.174 1.262 1.202 1.184 0.663 1.002 1.006 1.0 1.268 1.277 1.19 0.883 1.0 0.975 1.189 0.771 0.996 1.0 0.961 0.92 0.776 0.903 1.0 0.773 0.712 1.191 1.075 1.0 0.703 1.027 0.807 1.016 1.0 0.949 1.507 1.051 1.096 1.0 1.024 0.724 1.071 0.855 1.0 0.881 0.721 1.182 0.858 1.0 0.956 0.722 0.742 1.247 1.0 0.907 1.286 0.836 0.949 1.0 1.122 1.001 0.844 0.973 1.0 0.742 0.994 1.028 0.977 1.0 0.998 0.715 0.995 1.147 1.0 0.921 0.973 0.718 0.924 1.0 0.947 0.943 1.0 1.125 1.0 0.714 0.938 1.0 0.969 1.0 0.829 0.927 1.0 0.79 1.0 0.992 0.767 1.0 0.781 1.0 1.0 1.2 1.0 0.857 1.0 1.0 0.885 1.0 0.797 1.0 1.0 0.914 1.0 0.871 1.0 1.0 1.378 1.0 1.115 1.0 1.0 1.401 1.0 0.833 1.0 1.0 0.698 1.0 0.675 1.0 1.0 0.803 1.0 0.808 1.0 1.0 0.797 1.0 0.69 1.0 1.0 1.114 1.0 1.0 1.0 1.0 1.13 1.0 1.0 1.0 1.0 1.046 1.0 1.0 1.0 1.0 0.795 1.0 1.0 1.0 1.0 1.0 1.0 1.0 1.0 1.0 1.0 1.0 1.0 1.0 1.0 1.0 1.0 1.0 1.0 1.0 1.0 1.0 1.0 1.0 1.0 1.0 1.0 1.0 1.0 1.0 1.0 1.0 1.0 1.0 1.0 1.0 1.0 1.0 1.0 1.0 1.0 1.0 1.0 1.0 1.0 1.0 1.0 1.0 1.0 1.0 1.0 1.0 1.0 1.0 1.0 1.0 1.0 1.0 1.0 1.0 1.0 1.0 1.0 1.0 1.0 1.0 1.0 1.0 1.0 1.0 1.0 1.0 1.0 1.0 1.0 1.0 1.0 1.0 1.0 1.0 1.0 1.0 1.0 1.0 1.0 1.0 1.0 1.0 1.0 1.0 1.0 1.0 1.0 1.0 1.0 1.0 1.0 1.0 1.0 1.0 1.0 1.0 1.0 1.0 1.0 1.0 1.0 1.0 1.0 1.0 1.0 1.0 1.0 1.0 1.0 1.0 1.0 1.0 1.0 1.0 1.0 1.0 1.0 1.0 1.0 1.0 1.0 1.0 1.0 1.0 1.0 1.0 1.0 1.0 1.0 1.0 1.0 1.0 1.0 1.0 1.0 1.0 1.0 1.0 1.0 1.0 1.0 0.896 1.03 1.169 0.965 0.974 1.026 1.248 1.105 0.969 1.085 0.906 1.281 0.962 1.05 1.303 0.811 1.029 0.762 0.8 0.976 1.31 1.303 1.147 1.066 1.125 0.806 0.81 0.761 0.683 0.809 0.838 1.061 1.149 1.095 0.843 1.087 0.84 0.868 0.704 1.031 0.785 0.765 1.029 1.169 0.8 1.131 1.087 1.303 0.727 1.005 0.973 1.069 1.042 0.987 1.054 0.748 0.842 0.881 0.734 0.883 1.167 0.766 0.971 1.0 1.26 0.798 1.278 0.977 1.0 1.118 1.037 0.801 1.103 1.0 0.713 0.772 1.124 1.082 1.0 1.077 0.887 0.869 0.904 1.0 0.975 1.211 0.855 1.009 1.0 0.899 0.768 1.119 0.876 1.0 0.721 1.137 1.089 0.987 1.0 0.721 1.194 1.01 0.961 1.0 0.881 1.148 1.073 1.04 1.0 0.876 0.74 0.867 0.967 1.0 0.733 0.876 1.135 0.957 1.0 1.357 0.803 0.771 1.044 1.0 1.075 0.853 1.224 0.955 1.0 0.735 0.774 1.001 1.289 1.0 0.837 0.804 0.759 0.953 1.0 1.0 0.778 0.973 1.038 1.0 1.0 0.917 0.959 0.981 1.0 1.0 1.234 1.052 0.982 1.0 1.0 0.871 0.895 0.796 1.0 1.0 0.856 0.995 0.947 1.0 1.0 0.751 0.982 1.308 1.0 1.0 1.0 0.807 1.315 1.0 1.0 1.0 1.256 1.231 1.0 1.0 1.0 0.794 0.86 1.0 1.0 1.0 0.912 0.982 1.0 1.0 1.0 0.906 0.963 1.0 1.0 1.0 0.899 1.037 1.0 1.0 1.0 0.943 0.882 1.0 1.0 1.0 0.912 0.894 1.0 1.0 1.0 0.918 0.648 1.0 1.0 1.0 1.007 0.914 1.0 1.0 1.0 0.936 0.693 1.0 1.0 1.0 0.859 0.64 1.0 1.0 1.0 0.871 0.805 1.0 1.0 1.0 1.004 0.638 1.0 1.0 1.0 0.954 0.834 1.0 1.0 1.0 1.098 1.0 1.0 1.0 1.0 0.73 1.0 1.0 1.0 1.0 0.705 1.0 1.0 1.0 1.0 1.157 1.0 1.0 1.0 1.0 0.654 1.0 1.0 1.0 1.0 0.662 1.0 1.0 1.0 1.0 0.683 1.0 1.0 1.0 1.0 0.835 1.0 1.0 1.0 1.0 0.809 1.0 1.0 1.0 1.0 0.812 1.0 1.0 1.0 1.0 0.782 1.0 1.0 1.0 1.0 1.0 1.0 1.0 1.0 1.0 1.0 1.0 1.0 1.0 1.0 1.0 1.0 1.0 1.0 1.0 1.0 1.0 1.0 1.0 1.0 1.0 1.0 1.0 1.0 1.0 1.0 1.0 1.0 1.0 1.0 1.0 1.0 1.0 1.0 1.0 1.0 1.0 1.0 1.0 1.0 1.0 1.0 1.0 1.0 1.0 1.0 1.0 1.0 1.0 1.0 1.0 1.0 1.0 1.0 1.0 1.0 1.0 1.0 1.0 1.0 1.0 1.0 1.0 1.0 1.0 1.0 1.0 1.0 1.0 1.0 1.0 1.0 1.0 1.0 1.0 1.0 1.0 1.0 1.0 1.164 1.17 0.971 1.072 0.866 0.932 1.255 1.264 1.105 1.243 1.278 1.032 0.954 1.13 1.264 0.833 0.877 0.931 0.76 0.831 1.054 1.039 1.162 0.884 1.06 0.852 1.234 0.892 1.309 0.82 1.168 0.666 1.0 0.753 1.066 0.87 1.13 0.829 1.04 1.041 1.027 1.245 1.12 0.963 1.181 1.115 1.266 1.13 1.262 0.715 0.795 1.102 1.07 1.129 1.205 1.169 0.679 1.039 1.105 1.286 1.04 1.229 1.155 1.317 1.081 1.039 0.683 1.184 1.031 1.176 1.165 1.324 0.709 0.807 0.729 1.185 1.183 0.71 1.231 0.722 1.119 1.005 1.299 1.234 1.0 1.242 0.661 1.321 1.25 1.0 1.233 1.269 1.057 0.678 1.0 1.092 0.939 1.205 1.2 1.0 0.982 0.812 1.232 0.68 1.0 0.937 1.259 0.973 1.062 1.0 0.97 0.947 0.951 1.071 1.0 0.988 1.323 1.41 0.85 1.0 1.001 1.316 0.898 1.149 1.0 1.218 0.998 0.698 1.069 1.0 1.176 1.329 1.27 0.977 1.0 1.159 0.789 0.715 0.717 1.0 0.974 1.348 1.294 0.796 1.0 1.228 0.624 1.267 0.683 1.0 1.21 0.762 1.24 0.787 1.0 0.657 1.062 1.002 1.042 1.0 0.662 1.325 1.313 0.778 1.0 0.664 1.277 0.704 1.0 1.0 0.674 0.651 0.862 1.0 1.0 0.811 0.751 1.0 1.0 1.0 0.81 0.863 1.0 1.0 1.0 0.799 0.883 1.0 1.0 1.0 1.05 0.693 1.0 1.0 1.0 0.864 0.76 1.0 1.0 1.0 1.078 0.807 1.0 1.0 1.0 1.098 1.0 1.0 1.0 1.0 0.813 1.0 1.0 1.0 1.0 1.45 1.0 1.0 1.0 1.0 0.776 1.0 1.0 1.0 1.0 0.939 1.0 1.0 1.0 1.0 1.279 1.0 1.0 1.0 1.0 0.9 1.0 1.0 1.0 1.0 0.862 1.0 1.0 1.0 1.0 1.0 1.0 1.0 1.0 1.0 1.0 1.0 1.0 1.0 1.0 1.0 1.0 1.0 1.0 1.0 1.0 1.0 1.0 1.0 1.0 1.0 1.0 1.0 1.0 1.0 1.0 1.0 1.0 1.0 1.0 1.0 1.0 1.0 1.0 1.0 1.0 1.0 1.0 1.0 1.0 1.0 1.0 1.0 1.0 1.0 1.0 1.0 1.0 1.0 1.0 1.0 1.0 1.0 1.0 1.0 1.0 1.0 1.0 1.0 1.0 1.0 1.0 1.0 1.0 1.0 1.0 1.0 1.0 1.0 1.0 1.0 1.0 1.0 1.0 1.0 1.0 1.0 1.0 1.0 1.0 1.0 1.0 1.0 1.0 1.0 1.0 1.0 1.0 1.0 1.0 1.0 1.0 1.0 1.0 1.0 1.0 1.0 1.0 1.0 1.0 1.0 1.0 1.0 1.0 1.0 1.0 1.0 1.0 1.0 1.0 1.0 1.0 1.0 1.0 1.0 1.0 1.0 1.0 1.0 1.0 1.0 1.0 1.0 1.0 1.0 1.0 1.0 1.0 1.0 1.0 1.0 1.0 1.0 1.0 1.0 0.896 1.004 1.169 1.072 0.866 1.244 0.92 1.107 0.809 1.248 1.002 0.795 0.926 1.252 1.116 0.918 0.786 1.129 0.779 0.929 1.126 1.275 1.133 1.013 0.86 1.117 1.047 0.751 1.067 1.188 1.111 0.823 1.137 1.137 0.931 1.148 0.881 0.75 1.085 1.238 0.891 0.947 1.0 1.312 1.066 0.824 0.906 0.89 1.072 1.066 1.155 1.156 0.908 1.272 1.049 1.121 1.003 0.993 1.037 0.732 0.785 1.134 1.031 1.118 1.103 1.138 0.812 0.848 0.979 1.315 0.79 1.111 0.894 1.039 0.684 1.133 1.139 1.006 1.0 1.21 0.767 1.092 1.076 1.0 1.164 0.777 1.112 0.814 1.0 1.229 1.091 1.077 1.121 1.0 1.342 0.846 0.846 0.969 1.0 0.749 1.044 0.711 1.115 1.0 0.972 1.02 0.713 1.022 1.0 1.094 1.102 0.99 0.766 1.0 1.091 1.274 0.776 1.213 1.0 1.453 0.822 0.854 1.065 1.0 1.12 0.975 1.071 1.278 1.0 0.707 1.273 0.766 0.933 1.0 1.484 0.957 0.891 1.296 1.0 1.086 1.069 1.111 0.777 1.0 0.91 0.848 1.177 0.772 1.0 1.117 1.274 0.949 0.777 1.0 0.746 1.036 1.296 1.056 1.0 0.901 1.0 1.287 1.292 1.0 1.136 1.0 1.332 0.761 1.0 0.929 1.0 0.936 0.895 1.0 0.676 1.0 0.996 0.722 1.0 0.886 1.0 0.76 0.741 1.0 0.951 1.0 0.743 0.704 1.0 1.009 1.0 0.747 1.469 1.0 1.665 1.0 1.0 0.716 1.0 0.82 1.0 1.0 0.703 1.0 0.973 1.0 1.0 1.221 1.0 1.0 1.0 1.0 0.744 1.0 1.0 1.0 1.0 1.016 1.0 1.0 1.0 1.0 1.592 1.0 1.0 1.0 1.0 1.0 1.0 1.0 1.0 1.0 1.0 1.0 1.0 1.0 1.0 1.0 1.0 1.0 1.0 1.0 1.0 1.0 1.0 1.0 1.0 1.0 1.0 1.0 1.0 1.0 1.0 1.0 1.0 1.0 1.0 1.0 1.0 1.0 1.0 1.0 1.0 1.0 1.0 1.0 1.0 1.0 1.0 1.0 1.0 1.0 1.0 1.0 1.0 1.0 1.0 1.0 1.0 1.0 1.0 1.0 1.0 1.0 1.0 1.0 1.0 1.0 1.0 1.0 1.0 1.0 1.0 1.0 1.0 1.0 1.0 1.0 1.0 1.0 1.0 1.0 1.0 1.0 1.0 1.0 1.0 1.0 1.0 1.0 1.0 1.0 1.0 1.0 1.0 1.0 1.0 1.0 1.0 1.0 1.0 1.0 1.0 1.0 1.0 1.0 1.0 1.0 1.0 1.0 1.0 1.0 1.0 1.0 1.0 1.0 1.0 1.0 1.0 1.0 1.0 1.0 1.0 1.0 1.0 1.0 1.0 1.0 1.0 1.0 1.0 1.0 1.0 1.0 1.0 1.0 1.0 1.0 1.0 1.0 1.0 1.0 1.0 1.0 1.0 1.0 1.0 1.0 1.0 1.0 1.0 1.0 1.0 1.0 1.0 1.0 1.0 1.0 1.0 1.0,1.665447,0.665447,0.6239098,0.3,0.48558348417282104,0.0003,5,2.9293554
35,0.1642248034477234,0.9967658,1.016 1.03 0.955 0.969 0.955 0.925 1.256 1.114 0.8 0.797 1.034 1.293 0.925 1.126 1.006 1.304 0.764 0.732 0.896 0.9 1.031 1.085 0.901 1.332 1.092 1.024 0.759 1.283 1.032 1.134 1.075 0.76 1.06 0.825 1.186 0.882 0.844 1.227 1.052 1.185 1.1 1.091 1.029 0.726 0.699 0.986 0.76 1.095 1.258 0.959 1.172 0.76 1.101 1.262 0.733 0.892 1.06 1.094 1.049 1.073 0.844 0.858 0.771 1.154 1.0 1.208 1.115 0.719 0.786 1.0 1.05 1.121 1.093 1.139 1.0 1.207 1.368 1.146 1.159 1.0 1.296 0.865 1.358 1.04 1.0 1.256 0.852 1.164 0.675 1.0 1.093 0.735 1.075 1.105 1.0 0.997 0.852 0.739 0.787 1.0 1.286 0.729 0.843 1.144 1.0 0.968 1.091 1.0 0.778 1.0 0.743 0.792 1.0 0.759 1.0 0.737 1.08 1.0 0.776 1.0 0.686 0.968 1.0 0.794 1.0 1.047 0.971 1.0 0.754 1.0 0.748 1.197 1.0 0.74 1.0 1.017 0.938 1.0 1.09 1.0 1.175 0.983 1.0 1.156 1.0 0.642 0.711 1.0 0.966 1.0 0.64 1.187 1.0 0.793 1.0 1.115 1.106 1.0 1.034 1.0 1.548 1.114 1.0 0.951 1.0 1.0 0.93 1.0 1.0 1.0 1.0 0.928 1.0 0.787 1.0 1.0 0.961 1.0 1.149 1.0 1.0 0.846 1.0 0.813 1.0 1.0 0.715 1.0 0.794 1.0 1.0 1.094 1.0 1.0 1.0 1.0 1.58 1.0 1.0 1.0 1.0 0.931 1.0 1.0 1.0 1.0 0.777 1.0 1.0 1.0 1.0 0.782 1.0 1.0 1.0 1.0 0.786 1.0 1.0 1.0 1.0 0.842 1.0 1.0 1.0 1.0 0.781 1.0 1.0 1.0 1.0 1.0 1.0 1.0 1.0 1.0 1.0 1.0 1.0 1.0 1.0 1.0 1.0 1.0 1.0 1.0 1.0 1.0 1.0 1.0 1.0 1.0 1.0 1.0 1.0 1.0 1.0 1.0 1.0 1.0 1.0 1.0 1.0 1.0 1.0 1.0 1.0 1.0 1.0 1.0 1.0 1.0 1.0 1.0 1.0 1.0 1.0 1.0 1.0 1.0 1.0 1.0 1.0 1.0 1.0 1.0 1.0 1.0 1.0 1.0 1.0 1.0 1.0 1.0 1.0 1.0 1.0 1.0 1.0 1.0 1.0 1.0 1.0 1.0 1.0 1.0 1.0 1.0 1.0 1.0 1.0 1.0 1.0 1.0 1.0 1.0 1.0 1.0 1.0 1.0 1.0 1.0 1.0 1.0 1.0 1.0 1.0 1.0 1.0 1.0 1.0 1.0 1.0 1.0 1.0 1.0 1.0 1.0 1.0 1.0 1.0 1.0 1.0 1.0 1.0 1.0 1.0 1.0 1.0 1.0 1.0 1.0 1.0 1.0 1.0 1.0 1.0 1.0 1.0 1.0 1.0 1.0 1.0 1.0 1.0 1.0 1.0 1.0 1.0 1.0 1.0 1.0 1.0 1.0 1.0 1.0 1.0 1.0 1.0 1.0 0.989 0.95 1.075 0.969 0.955 1.26 0.916 0.933 0.81 0.952 1.009 1.038 0.977 0.787 1.15 1.074 0.787 0.9 0.774 1.023 0.994 1.049 0.982 0.859 0.838 1.202 0.837 1.182 1.074 0.753 0.756 1.243 0.876 1.05 0.774 1.225 1.167 1.063 1.26 0.761 0.736 0.796 1.199 0.653 1.213 0.757 1.023 1.038 0.725 1.221 0.746 0.803 0.781 0.78 0.688 1.226 0.809 0.881 1.203 0.691 1.117 0.959 1.124 0.64 0.977 0.997 1.096 1.104 0.695 1.152 0.94 1.049 1.116 1.205 0.706 1.059 0.993 1.037 0.63 1.157 0.962 0.97 0.749 0.643 0.716 1.0 1.114 1.145 1.039 0.766 1.0 1.046 0.739 0.673 1.169 1.0 1.045 1.341 0.941 1.022 1.0 0.879 0.662 0.672 0.706 1.0 0.893 0.983 0.906 1.0 1.0 1.073 0.942 0.955 1.0 1.0 0.875 0.878 0.949 1.0 1.0 1.131 0.75 0.91 1.0 1.0 1.037 0.703 0.676 1.0 1.0 1.172 0.636 1.223 1.0 1.0 0.936 0.847 0.855 1.0 1.0 0.898 1.247 0.75 1.0 1.0 0.936 0.98 1.0 1.0 1.0 1.191 0.729 1.0 1.0 1.0 0.822 0.649 1.0 1.0 1.0 0.786 0.714 1.0 1.0 1.0 0.952 1.592 1.0 1.0 1.0 0.758 1.0 1.0 1.0 1.0 0.752 1.0 1.0 1.0 1.0 0.945 1.0 1.0 1.0 1.0 1.018 1.0 1.0 1.0 1.0 0.921 1.0 1.0 1.0 1.0 0.97 1.0 1.0 1.0 1.0 1.006 1.0 1.0 1.0 1.0 0.693 1.0 1.0 1.0 1.0 0.987 1.0 1.0 1.0 1.0 0.933 1.0 1.0 1.0 1.0 1.236 1.0 1.0 1.0 1.0 0.747 1.0 1.0 1.0 1.0 1.588 1.0 1.0 1.0 1.0 1.497 1.0 1.0 1.0 1.0 0.675 1.0 1.0 1.0 1.0 1.0 1.0 1.0 1.0 1.0 1.0 1.0 1.0 1.0 1.0 1.0 1.0 1.0 1.0 1.0 1.0 1.0 1.0 1.0 1.0 1.0 1.0 1.0 1.0 1.0 1.0 1.0 1.0 1.0 1.0 1.0 1.0 1.0 1.0 1.0 1.0 1.0 1.0 1.0 1.0 1.0 1.0 1.0 1.0 1.0 1.0 1.0 1.0 1.0 1.0 1.0 1.0 1.0 1.0 1.0 1.0 1.0 1.0 1.0 1.0 1.0 1.0 1.0 1.0 1.0 1.0 1.0 1.0 1.0 1.0 1.0 1.0 1.0 1.0 1.0 1.0 1.0 1.0 1.0 1.0 1.0 1.0 1.0 1.0 1.0 1.0 1.0 1.0 1.0 1.0 1.0 1.0 1.0 1.0 1.0 1.0 1.0 1.0 1.0 1.0 1.0 1.0 1.0 1.0 1.0 1.0 1.0 1.0 1.0 1.0 1.0 1.0 1.0 1.0 1.0 1.0 1.0 1.0 1.0 1.0 1.0 1.0 1.0 1.0 1.0 1.0 1.0 1.0 1.0 1.0 1.0 1.0 1.0 1.0 1.172 1.03 0.855 1.073 0.861 0.93 0.917 1.112 0.941 0.802 1.296 1.309 0.917 1.122 1.268 0.911 1.034 1.326 1.134 0.877 1.284 1.088 1.331 0.896 0.861 0.957 0.919 0.898 1.152 1.243 1.21 0.876 1.033 0.734 0.803 0.933 0.879 1.027 0.87 1.256 1.07 1.05 1.126 1.281 0.687 1.053 1.152 1.098 0.85 1.16 0.997 1.186 1.128 1.111 1.158 0.825 0.743 1.097 0.971 0.664 1.029 1.107 1.206 0.76 0.716 1.086 1.072 0.695 1.158 0.966 1.195 1.264 0.917 1.237 0.785 0.995 1.12 0.747 1.15 0.793 1.145 1.137 0.945 1.213 1.136 0.702 0.986 0.939 1.194 0.997 0.783 0.671 0.877 0.711 1.113 1.088 0.673 0.728 0.867 1.322 0.772 0.666 1.422 1.139 0.842 1.086 0.958 1.0 0.965 0.926 0.789 0.668 1.0 0.754 0.8 1.015 0.741 1.0 1.148 1.0 0.734 1.331 1.0 1.403 1.0 0.741 0.745 1.0 0.892 1.0 0.728 1.333 1.0 1.072 1.0 0.783 1.055 1.0 0.915 1.0 0.888 0.879 1.0 1.154 1.0 1.102 1.184 1.0 0.762 1.0 0.976 0.879 1.0 0.877 1.0 0.977 0.78 1.0 1.0 1.0 0.782 0.87 1.0 1.0 1.0 1.024 0.694 1.0 1.0 1.0 1.112 0.728 1.0 1.0 1.0 0.942 0.771 1.0 1.0 1.0 0.861 0.748 1.0 1.0 1.0 1.084 0.992 1.0 1.0 1.0 0.907 1.0 1.0 1.0 1.0 1.019 1.0 1.0 1.0 1.0 0.941 1.0 1.0 1.0 1.0 0.915 1.0 1.0 1.0 1.0 0.864 1.0 1.0 1.0 1.0 0.792 1.0 1.0 1.0 1.0 1.37 1.0 1.0 1.0 1.0 1.35 1.0 1.0 1.0 1.0 1.391 1.0 1.0 1.0 1.0 1.119 1.0 1.0 1.0 1.0 0.761 1.0 1.0 1.0 1.0 0.824 1.0 1.0 1.0 1.0 1.503 1.0 1.0 1.0 1.0 0.72 1.0 1.0 1.0 1.0 1.0 1.0 1.0 1.0 1.0 1.0 1.0 1.0 1.0 1.0 1.0 1.0 1.0 1.0 1.0 1.0 1.0 1.0 1.0 1.0 1.0 1.0 1.0 1.0 1.0 1.0 1.0 1.0 1.0 1.0 1.0 1.0 1.0 1.0 1.0 1.0 1.0 1.0 1.0 1.0 1.0 1.0 1.0 1.0 1.0 1.0 1.0 1.0 1.0 1.0 1.0 1.0 1.0 1.0 1.0 1.0 1.0 1.0 1.0 1.0 1.0 1.0 1.0 1.0 1.0 1.0 1.0 1.0 1.0 1.0 1.0 1.0 1.0 1.0 1.0 1.0 1.0 1.0 1.0 1.0 1.0 1.0 1.0 1.0 1.0 1.0 1.0 1.0 1.0 1.0 1.0 1.0 1.0 1.0 1.0 1.0 1.0 1.0 1.0 1.0 1.0 1.0 1.0 1.0 1.0 1.0 1.0 1.0 1.0 1.0 1.0 1.0 1.0 1.0 1.0 1.0 1.0 1.0 1.0 1.0 1.172 1.003 0.855 1.073 1.064 0.849 0.919 1.257 0.962 0.798 0.911 1.023 0.926 0.968 0.939 0.817 1.024 1.141 0.88 1.339 0.877 1.15 0.968 1.063 0.985 1.094 1.163 1.145 0.774 1.08 1.022 1.068 1.142 1.344 0.787 0.72 1.101 1.243 1.347 1.174 1.127 0.846 1.237 1.084 1.32 0.88 0.809 0.777 1.135 1.126 1.239 1.167 1.014 1.106 1.287 1.348 1.188 0.985 1.262 1.323 1.206 1.084 0.955 1.002 1.182 1.253 1.206 1.178 1.304 0.942 1.225 1.352 1.04 1.282 1.316 0.956 1.241 1.163 1.317 0.74 1.281 0.633 1.193 0.904 1.224 1.35 1.313 0.911 1.3 0.781 0.634 1.236 1.155 0.761 1.113 1.042 1.214 1.031 0.717 1.289 1.282 0.695 1.191 1.087 1.294 0.964 0.999 1.133 0.735 0.752 1.382 1.299 1.131 0.759 1.229 1.213 0.818 0.987 1.296 0.871 1.205 0.826 1.012 1.317 0.848 0.997 1.347 0.909 0.766 0.764 1.353 0.782 0.904 1.15 1.344 1.163 0.826 0.976 0.935 1.321 0.923 1.384 0.991 0.776 0.707 0.693 1.0 0.967 0.632 1.0 0.672 1.0 0.97 1.0 1.0 0.69 1.0 0.83 1.0 1.0 0.711 1.0 1.009 1.0 1.0 1.246 1.0 1.024 1.0 1.0 1.6 1.0 1.288 1.0 1.0 0.829 1.0 0.981 1.0 1.0 1.614 1.0 0.83 1.0 1.0 0.895 1.0 0.821 1.0 1.0 0.949 1.0 0.82 1.0 1.0 0.774 1.0 0.818 1.0 1.0 1.0 1.0 0.882 1.0 1.0 1.0 1.0 1.312 1.0 1.0 1.0 1.0 1.214 1.0 1.0 1.0 1.0 1.036 1.0 1.0 1.0 1.0 1.043 1.0 1.0 1.0 1.0 1.043 1.0 1.0 1.0 1.0 1.012 1.0 1.0 1.0 1.0 1.056 1.0 1.0 1.0 1.0 1.069 1.0 1.0 1.0 1.0 1.048 1.0 1.0 1.0 1.0 0.864 1.0 1.0 1.0 1.0 0.9 1.0 1.0 1.0 1.0 0.924 1.0 1.0 1.0 1.0 0.938 1.0 1.0 1.0 1.0 0.993 1.0 1.0 1.0 1.0 1.059 1.0 1.0 1.0 1.0 1.043 1.0 1.0 1.0 1.0 1.069 1.0 1.0 1.0 1.0 0.847 1.0 1.0 1.0 1.0 0.991 1.0 1.0 1.0 1.0 1.069 1.0 1.0 1.0 1.0 1.075 1.0 1.0 1.0 1.0 0.854 1.0 1.0 1.0 1.0 0.841 1.0 1.0 1.0 1.0 0.916 1.0 1.0 1.0 1.0 0.847 1.0 1.0 1.0 1.0 1.066 1.0 1.0 1.0 1.0 0.899 1.0 1.0 1.0 1.0 1.027 1.0 1.0 1.0 1.0 0.928 1.0 1.0 1.0 1.0 1.044 1.0 1.0 1.0 1.0 0.839 1.0 1.0 1.0 1.0 0.814 1.0 1.0 1.0 1.0 0.804 1.0 1.0 1.0 1.0 0.649 1.0 1.0 1.0 1.0 0.794 1.0 1.0 0.956 1.178 0.955 1.159 0.973 1.259 0.917 1.259 0.803 1.091 0.834 1.026 0.933 0.778 1.321 0.903 1.131 1.138 0.817 0.954 0.885 1.084 0.745 0.885 1.005 1.103 1.189 0.834 1.163 0.92 1.046 0.777 0.837 1.29 0.962 0.832 1.061 1.093 1.113 1.275 0.838 1.213 1.209 1.232 0.741 1.334 1.164 1.031 1.202 1.327 1.346 0.748 1.172 0.708 1.166 1.165 0.999 1.194 1.18 1.326 1.269 1.22 0.719 1.316 0.731 0.841 1.224 1.239 1.298 1.038 0.958 1.221 0.907 1.036 1.32 0.87 1.211 0.895 1.376 1.172 1.263 1.21 1.19 0.659 1.0 1.005 1.0 1.274 1.285 1.199 0.882 1.0 0.974 1.195 0.767 0.996 1.0 0.958 0.917 0.772 0.896 1.0 0.77 0.711 1.192 1.075 1.0 0.702 1.029 0.804 1.016 1.0 0.945 1.51 1.053 1.099 1.0 1.025 0.721 1.075 0.859 1.0 0.877 0.722 1.183 0.854 1.0 0.953 0.718 0.74 1.246 1.0 0.903 1.281 0.83 0.946 1.0 1.117 1.003 0.838 0.971 1.0 0.74 0.996 1.027 0.976 1.0 0.994 0.716 0.997 1.151 1.0 0.921 0.974 0.715 0.923 1.0 0.949 0.944 1.0 1.129 1.0 0.713 0.937 1.0 0.968 1.0 0.824 0.924 1.0 0.786 1.0 0.988 0.77 1.0 0.781 1.0 1.0 1.206 1.0 0.855 1.0 1.0 0.881 1.0 0.791 1.0 1.0 0.914 1.0 0.866 1.0 1.0 1.382 1.0 1.118 1.0 1.0 1.403 1.0 0.827 1.0 1.0 0.702 1.0 0.678 1.0 1.0 0.796 1.0 0.799 1.0 1.0 0.789 1.0 0.693 1.0 1.0 1.117 1.0 1.0 1.0 1.0 1.133 1.0 1.0 1.0 1.0 1.042 1.0 1.0 1.0 1.0 0.787 1.0 1.0 1.0 1.0 1.0 1.0 1.0 1.0 1.0 1.0 1.0 1.0 1.0 1.0 1.0 1.0 1.0 1.0 1.0 1.0 1.0 1.0 1.0 1.0 1.0 1.0 1.0 1.0 1.0 1.0 1.0 1.0 1.0 1.0 1.0 1.0 1.0 1.0 1.0 1.0 1.0 1.0 1.0 1.0 1.0 1.0 1.0 1.0 1.0 1.0 1.0 1.0 1.0 1.0 1.0 1.0 1.0 1.0 1.0 1.0 1.0 1.0 1.0 1.0 1.0 1.0 1.0 1.0 1.0 1.0 1.0 1.0 1.0 1.0 1.0 1.0 1.0 1.0 1.0 1.0 1.0 1.0 1.0 1.0 1.0 1.0 1.0 1.0 1.0 1.0 1.0 1.0 1.0 1.0 1.0 1.0 1.0 1.0 1.0 1.0 1.0 1.0 1.0 1.0 1.0 1.0 1.0 1.0 1.0 1.0 1.0 1.0 1.0 1.0 1.0 1.0 1.0 1.0 1.0 1.0 1.0 1.0 1.0 1.0 1.0 1.0 1.0 1.0 1.0 1.0 1.0 1.0 1.0 1.0 1.0 1.0 1.0 1.0 1.0 1.0 1.0 1.0 1.0 1.0 1.0 1.0 0.892 1.03 1.176 0.964 0.973 1.025 1.259 1.106 0.968 1.086 0.904 1.293 0.96 1.051 1.316 0.804 1.028 0.755 0.796 0.974 1.324 1.317 1.15 1.068 1.127 0.798 0.802 0.752 0.675 0.803 0.834 1.061 1.152 1.09 0.838 1.089 0.833 0.864 0.697 1.033 0.78 0.76 1.028 1.178 0.795 1.135 1.088 1.316 0.72 1.006 0.971 1.07 1.041 0.985 1.057 0.741 0.838 0.876 0.727 0.879 1.172 0.756 0.969 1.0 1.269 0.794 1.291 0.974 1.0 1.122 1.036 0.793 1.106 1.0 0.706 0.767 1.125 1.085 1.0 1.082 0.883 0.868 0.905 1.0 0.978 1.21 0.853 1.009 1.0 0.896 0.762 1.121 0.868 1.0 0.718 1.142 1.091 0.982 1.0 0.722 1.195 1.009 0.964 1.0 0.876 1.154 1.072 1.04 1.0 0.87 0.737 0.867 0.961 1.0 0.736 0.875 1.135 0.952 1.0 1.361 0.808 0.767 1.044 1.0 1.074 0.859 1.226 0.949 1.0 0.729 0.77 1.0 1.302 1.0 0.831 0.797 0.755 0.947 1.0 1.0 0.775 0.971 1.038 1.0 1.0 0.916 0.964 0.985 1.0 1.0 1.233 1.057 0.986 1.0 1.0 0.88 0.888 0.787 1.0 1.0 0.854 0.994 0.941 1.0 1.0 0.744 0.981 1.323 1.0 1.0 1.0 0.797 1.33 1.0 1.0 1.0 1.269 1.243 1.0 1.0 1.0 0.784 0.852 1.0 1.0 1.0 0.904 0.988 1.0 1.0 1.0 0.897 0.958 1.0 1.0 1.0 0.891 1.033 1.0 1.0 1.0 0.935 0.887 1.0 1.0 1.0 0.906 0.887 1.0 1.0 1.0 0.912 0.649 1.0 1.0 1.0 1.011 0.907 1.0 1.0 1.0 0.937 0.686 1.0 1.0 1.0 0.854 0.638 1.0 1.0 1.0 0.874 0.797 1.0 1.0 1.0 1.0 0.639 1.0 1.0 1.0 0.951 0.827 1.0 1.0 1.0 1.09 1.0 1.0 1.0 1.0 0.727 1.0 1.0 1.0 1.0 0.705 1.0 1.0 1.0 1.0 1.15 1.0 1.0 1.0 1.0 0.656 1.0 1.0 1.0 1.0 0.665 1.0 1.0 1.0 1.0 0.686 1.0 1.0 1.0 1.0 0.828 1.0 1.0 1.0 1.0 0.8 1.0 1.0 1.0 1.0 0.805 1.0 1.0 1.0 1.0 0.772 1.0 1.0 1.0 1.0 1.0 1.0 1.0 1.0 1.0 1.0 1.0 1.0 1.0 1.0 1.0 1.0 1.0 1.0 1.0 1.0 1.0 1.0 1.0 1.0 1.0 1.0 1.0 1.0 1.0 1.0 1.0 1.0 1.0 1.0 1.0 1.0 1.0 1.0 1.0 1.0 1.0 1.0 1.0 1.0 1.0 1.0 1.0 1.0 1.0 1.0 1.0 1.0 1.0 1.0 1.0 1.0 1.0 1.0 1.0 1.0 1.0 1.0 1.0 1.0 1.0 1.0 1.0 1.0 1.0 1.0 1.0 1.0 1.0 1.0 1.0 1.0 1.0 1.0 1.0 1.0 1.0 1.0 1.0 1.172 1.178 0.97 1.073 0.861 0.931 1.266 1.275 1.107 1.252 1.291 1.032 0.951 1.133 1.275 0.825 0.872 0.928 0.752 0.825 1.055 1.039 1.169 0.881 1.064 0.845 1.241 0.89 1.321 0.816 1.176 0.657 0.999 0.746 1.068 0.868 1.136 0.825 1.041 1.043 1.027 1.256 1.125 0.962 1.177 1.119 1.263 1.136 1.272 0.709 0.79 1.105 1.076 1.134 1.215 1.174 0.673 1.043 1.101 1.281 1.041 1.239 1.164 1.329 1.082 1.04 0.676 1.195 1.032 1.185 1.17 1.339 0.706 0.802 0.725 1.191 1.19 0.709 1.243 0.717 1.122 1.003 1.293 1.234 1.0 1.25 0.656 1.315 1.262 1.0 1.242 1.269 1.064 0.676 1.0 1.091 0.937 1.214 1.21 1.0 0.981 0.809 1.242 0.679 1.0 0.935 1.259 0.974 1.067 1.0 0.97 0.944 0.948 1.071 1.0 0.985 1.334 1.411 0.846 1.0 0.999 1.326 0.894 1.156 1.0 1.224 0.997 0.7 1.069 1.0 1.182 1.34 1.28 0.979 1.0 1.163 0.782 0.718 0.712 1.0 0.972 1.358 1.292 0.796 1.0 1.232 0.619 1.264 0.684 1.0 1.215 0.756 1.237 0.787 1.0 0.656 1.067 1.0 1.044 1.0 0.661 1.323 1.308 0.773 1.0 0.665 1.279 0.707 1.0 1.0 0.675 0.647 0.857 1.0 1.0 0.806 0.744 1.0 1.0 1.0 0.804 0.857 1.0 1.0 1.0 0.793 0.877 1.0 1.0 1.0 1.048 0.694 1.0 1.0 1.0 0.861 0.758 1.0 1.0 1.0 1.078 0.8 1.0 1.0 1.0 1.099 1.0 1.0 1.0 1.0 0.819 1.0 1.0 1.0 1.0 1.46 1.0 1.0 1.0 1.0 0.774 1.0 1.0 1.0 1.0 0.935 1.0 1.0 1.0 1.0 1.279 1.0 1.0 1.0 1.0 0.894 1.0 1.0 1.0 1.0 0.858 1.0 1.0 1.0 1.0 1.0 1.0 1.0 1.0 1.0 1.0 1.0 1.0 1.0 1.0 1.0 1.0 1.0 1.0 1.0 1.0 1.0 1.0 1.0 1.0 1.0 1.0 1.0 1.0 1.0 1.0 1.0 1.0 1.0 1.0 1.0 1.0 1.0 1.0 1.0 1.0 1.0 1.0 1.0 1.0 1.0 1.0 1.0 1.0 1.0 1.0 1.0 1.0 1.0 1.0 1.0 1.0 1.0 1.0 1.0 1.0 1.0 1.0 1.0 1.0 1.0 1.0 1.0 1.0 1.0 1.0 1.0 1.0 1.0 1.0 1.0 1.0 1.0 1.0 1.0 1.0 1.0 1.0 1.0 1.0 1.0 1.0 1.0 1.0 1.0 1.0 1.0 1.0 1.0 1.0 1.0 1.0 1.0 1.0 1.0 1.0 1.0 1.0 1.0 1.0 1.0 1.0 1.0 1.0 1.0 1.0 1.0 1.0 1.0 1.0 1.0 1.0 1.0 1.0 1.0 1.0 1.0 1.0 1.0 1.0 1.0 1.0 1.0 1.0 1.0 1.0 1.0 1.0 1.0 1.0 1.0 1.0 1.0 1.0 1.0 0.892 1.003 1.176 1.073 0.861 1.255 0.918 1.109 0.803 1.258 1.0 0.787 0.924 1.263 1.118 0.914 0.778 1.132 0.772 0.927 1.129 1.288 1.135 1.012 0.855 1.12 1.046 0.742 1.069 1.193 1.113 0.819 1.139 1.134 0.928 1.152 0.875 0.741 1.092 1.245 0.888 0.944 0.998 1.316 1.068 0.818 0.903 0.887 1.079 1.067 1.159 1.16 0.906 1.276 1.051 1.127 1.004 0.99 1.043 0.725 0.778 1.138 1.03 1.126 1.107 1.141 0.808 0.845 0.975 1.328 0.785 1.114 0.89 1.037 0.678 1.136 1.143 1.006 1.0 1.209 0.764 1.096 1.079 1.0 1.172 0.775 1.116 0.812 1.0 1.239 1.095 1.083 1.127 1.0 1.345 0.841 0.841 0.968 1.0 0.745 1.045 0.706 1.12 1.0 0.969 1.02 0.708 1.023 1.0 1.09 1.105 0.988 0.759 1.0 1.087 1.277 0.776 1.212 1.0 1.461 0.824 0.849 1.065 1.0 1.123 0.973 1.075 1.277 1.0 0.708 1.277 0.767 0.932 1.0 1.494 0.954 0.887 1.294 1.0 1.086 1.069 1.112 0.779 1.0 0.905 0.843 1.179 0.767 1.0 1.112 1.277 0.945 0.776 1.0 0.744 1.035 1.299 1.056 1.0 0.895 1.0 1.291 1.294 1.0 1.131 1.0 1.337 0.765 1.0 0.924 1.0 0.931 0.891 1.0 0.677 1.0 0.992 0.72 1.0 0.882 1.0 0.764 0.744 1.0 0.946 1.0 0.745 0.698 1.0 1.003 1.0 0.745 1.475 1.0 1.688 1.0 1.0 0.71 1.0 0.813 1.0 1.0 0.7 1.0 0.965 1.0 1.0 1.228 1.0 1.0 1.0 1.0 0.734 1.0 1.0 1.0 1.0 1.011 1.0 1.0 1.0 1.0 1.607 1.0 1.0 1.0 1.0 1.0 1.0 1.0 1.0 1.0 1.0 1.0 1.0 1.0 1.0 1.0 1.0 1.0 1.0 1.0 1.0 1.0 1.0 1.0 1.0 1.0 1.0 1.0 1.0 1.0 1.0 1.0 1.0 1.0 1.0 1.0 1.0 1.0 1.0 1.0 1.0 1.0 1.0 1.0 1.0 1.0 1.0 1.0 1.0 1.0 1.0 1.0 1.0 1.0 1.0 1.0 1.0 1.0 1.0 1.0 1.0 1.0 1.0 1.0 1.0 1.0 1.0 1.0 1.0 1.0 1.0 1.0 1.0 1.0 1.0 1.0 1.0 1.0 1.0 1.0 1.0 1.0 1.0 1.0 1.0 1.0 1.0 1.0 1.0 1.0 1.0 1.0 1.0 1.0 1.0 1.0 1.0 1.0 1.0 1.0 1.0 1.0 1.0 1.0 1.0 1.0 1.0 1.0 1.0 1.0 1.0 1.0 1.0 1.0 1.0 1.0 1.0 1.0 1.0 1.0 1.0 1.0 1.0 1.0 1.0 1.0 1.0 1.0 1.0 1.0 1.0 1.0 1.0 1.0 1.0 1.0 1.0 1.0 1.0 1.0 1.0 1.0 1.0 1.0 1.0 1.0 1.0 1.0 1.0 1.0 1.0 1.0 1.0 1.0 1.0 1.0 1.0 1.0,1.6877723,0.6877723,0.6191271,0.3,0.4977790415287018,0.0003,5,3.0070467
36,0.16745565831661224,0.9966817,1.016 1.03 0.953 0.968 0.954 0.924 1.266 1.116 0.794 0.79 1.034 1.304 0.923 1.128 1.006 1.317 0.756 0.724 0.893 0.897 1.031 1.085 0.898 1.343 1.088 1.023 0.751 1.293 1.033 1.128 1.076 0.752 1.062 0.822 1.18 0.877 0.841 1.232 1.054 1.183 1.103 1.092 1.029 0.718 0.698 0.985 0.752 1.099 1.266 0.963 1.178 0.752 1.106 1.268 0.73 0.889 1.059 1.099 1.05 1.077 0.84 0.857 0.765 1.161 1.0 1.206 1.117 0.712 0.78 1.0 1.052 1.122 1.096 1.146 1.0 1.215 1.382 1.143 1.164 1.0 1.299 0.866 1.357 1.04 1.0 1.256 0.852 1.171 0.673 1.0 1.096 0.725 1.072 1.108 1.0 0.996 0.851 0.738 0.784 1.0 1.285 0.719 0.838 1.15 1.0 0.966 1.088 1.0 0.775 1.0 0.737 0.791 1.0 0.759 1.0 0.73 1.085 1.0 0.777 1.0 0.687 0.968 1.0 0.796 1.0 1.049 0.97 1.0 0.751 1.0 0.741 1.195 1.0 0.734 1.0 1.018 0.935 1.0 1.095 1.0 1.177 0.981 1.0 1.153 1.0 0.644 0.709 1.0 0.963 1.0 0.642 1.184 1.0 0.792 1.0 1.115 1.105 1.0 1.037 1.0 1.562 1.109 1.0 0.947 1.0 1.0 0.927 1.0 1.002 1.0 1.0 0.93 1.0 0.787 1.0 1.0 0.958 1.0 1.145 1.0 1.0 0.84 1.0 0.819 1.0 1.0 0.716 1.0 0.789 1.0 1.0 1.088 1.0 1.0 1.0 1.0 1.602 1.0 1.0 1.0 1.0 0.923 1.0 1.0 1.0 1.0 0.771 1.0 1.0 1.0 1.0 0.777 1.0 1.0 1.0 1.0 0.78 1.0 1.0 1.0 1.0 0.833 1.0 1.0 1.0 1.0 0.781 1.0 1.0 1.0 1.0 1.0 1.0 1.0 1.0 1.0 1.0 1.0 1.0 1.0 1.0 1.0 1.0 1.0 1.0 1.0 1.0 1.0 1.0 1.0 1.0 1.0 1.0 1.0 1.0 1.0 1.0 1.0 1.0 1.0 1.0 1.0 1.0 1.0 1.0 1.0 1.0 1.0 1.0 1.0 1.0 1.0 1.0 1.0 1.0 1.0 1.0 1.0 1.0 1.0 1.0 1.0 1.0 1.0 1.0 1.0 1.0 1.0 1.0 1.0 1.0 1.0 1.0 1.0 1.0 1.0 1.0 1.0 1.0 1.0 1.0 1.0 1.0 1.0 1.0 1.0 1.0 1.0 1.0 1.0 1.0 1.0 1.0 1.0 1.0 1.0 1.0 1.0 1.0 1.0 1.0 1.0 1.0 1.0 1.0 1.0 1.0 1.0 1.0 1.0 1.0 1.0 1.0 1.0 1.0 1.0 1.0 1.0 1.0 1.0 1.0 1.0 1.0 1.0 1.0 1.0 1.0 1.0 1.0 1.0 1.0 1.0 1.0 1.0 1.0 1.0 1.0 1.0 1.0 1.0 1.0 1.0 1.0 1.0 1.0 1.0 1.0 1.0 1.0 1.0 1.0 1.0 1.0 1.0 1.0 1.0 1.0 1.0 1.0 1.0 0.988 0.949 1.077 0.968 0.954 1.27 0.915 0.932 0.804 0.95 1.008 1.037 0.975 0.78 1.153 1.075 0.779 0.897 0.768 1.024 0.995 1.049 0.98 0.856 0.834 1.2 0.833 1.186 1.077 0.747 0.755 1.254 0.872 1.052 0.77 1.224 1.174 1.065 1.27 0.755 0.731 0.791 1.205 0.644 1.211 0.757 1.024 1.038 0.719 1.219 0.742 0.798 0.775 0.772 0.681 1.225 0.804 0.876 1.212 0.684 1.113 0.957 1.127 0.633 0.98 0.998 1.099 1.106 0.692 1.152 0.939 1.05 1.111 1.209 0.702 1.063 0.993 1.037 0.624 1.158 0.962 0.969 0.742 0.638 0.712 1.0 1.119 1.151 1.033 0.767 1.0 1.047 0.732 0.669 1.174 1.0 1.047 1.344 0.941 1.016 1.0 0.875 0.655 0.669 0.7 1.0 0.89 0.975 0.903 1.0 1.0 1.073 0.938 0.952 1.0 1.0 0.872 0.874 0.946 1.0 1.0 1.132 0.744 0.907 1.0 1.0 1.035 0.696 0.67 1.0 1.0 1.175 0.634 1.229 1.0 1.0 0.933 0.84 0.851 1.0 1.0 0.893 1.253 0.753 1.0 1.0 0.932 0.972 1.0 1.0 1.0 1.202 0.722 1.0 1.0 1.0 0.813 0.652 1.0 1.0 1.0 0.775 0.707 1.0 1.0 1.0 0.957 1.601 1.0 1.0 1.0 0.746 1.0 1.0 1.0 1.0 0.741 1.0 1.0 1.0 1.0 0.95 1.0 1.0 1.0 1.0 1.012 1.0 1.0 1.0 1.0 0.918 1.0 1.0 1.0 1.0 0.964 1.0 1.0 1.0 1.0 1.003 1.0 1.0 1.0 1.0 0.692 1.0 1.0 1.0 1.0 0.98 1.0 1.0 1.0 1.0 0.925 1.0 1.0 1.0 1.0 1.24 1.0 1.0 1.0 1.0 0.741 1.0 1.0 1.0 1.0 1.608 1.0 1.0 1.0 1.0 1.504 1.0 1.0 1.0 1.0 0.675 1.0 1.0 1.0 1.0 1.0 1.0 1.0 1.0 1.0 1.0 1.0 1.0 1.0 1.0 1.0 1.0 1.0 1.0 1.0 1.0 1.0 1.0 1.0 1.0 1.0 1.0 1.0 1.0 1.0 1.0 1.0 1.0 1.0 1.0 1.0 1.0 1.0 1.0 1.0 1.0 1.0 1.0 1.0 1.0 1.0 1.0 1.0 1.0 1.0 1.0 1.0 1.0 1.0 1.0 1.0 1.0 1.0 1.0 1.0 1.0 1.0 1.0 1.0 1.0 1.0 1.0 1.0 1.0 1.0 1.0 1.0 1.0 1.0 1.0 1.0 1.0 1.0 1.0 1.0 1.0 1.0 1.0 1.0 1.0 1.0 1.0 1.0 1.0 1.0 1.0 1.0 1.0 1.0 1.0 1.0 1.0 1.0 1.0 1.0 1.0 1.0 1.0 1.0 1.0 1.0 1.0 1.0 1.0 1.0 1.0 1.0 1.0 1.0 1.0 1.0 1.0 1.0 1.0 1.0 1.0 1.0 1.0 1.0 1.0 1.0 1.0 1.0 1.0 1.0 1.0 1.0 1.0 1.0 1.0 1.0 1.0 1.0 1.0 1.178 1.03 0.851 1.075 0.857 0.929 0.915 1.115 0.94 0.796 1.308 1.321 0.915 1.125 1.277 0.91 1.034 1.337 1.137 0.874 1.295 1.089 1.342 0.894 0.859 0.958 0.919 0.895 1.156 1.249 1.22 0.874 1.033 0.726 0.796 0.934 0.875 1.028 0.867 1.264 1.07 1.051 1.123 1.291 0.679 1.054 1.156 1.095 0.845 1.157 0.998 1.183 1.135 1.114 1.155 0.821 0.737 1.095 0.971 0.658 1.031 1.112 1.2 0.755 0.71 1.087 1.075 0.69 1.165 0.965 1.204 1.262 0.915 1.245 0.779 0.992 1.117 0.748 1.147 0.788 1.148 1.135 0.943 1.22 1.131 0.692 0.985 0.934 1.202 0.996 0.78 0.665 0.876 0.706 1.11 1.089 0.668 0.73 0.864 1.323 0.763 0.665 1.421 1.145 0.837 1.086 0.956 1.0 0.964 0.925 0.785 0.666 1.0 0.75 0.794 1.013 0.734 1.0 1.153 1.0 0.725 1.33 1.0 1.413 1.0 0.737 0.739 1.0 0.886 1.0 0.719 1.338 1.0 1.072 1.0 0.774 1.058 1.0 0.907 1.0 0.883 0.874 1.0 1.149 1.0 1.108 1.189 1.0 0.765 1.0 0.974 0.875 1.0 0.869 1.0 0.975 0.774 1.0 1.0 1.0 0.782 0.865 1.0 1.0 1.0 1.022 0.697 1.0 1.0 1.0 1.118 0.726 1.0 1.0 1.0 0.937 0.764 1.0 1.0 1.0 0.864 0.747 1.0 1.0 1.0 1.082 0.993 1.0 1.0 1.0 0.913 1.0 1.0 1.0 1.0 1.018 1.0 1.0 1.0 1.0 0.934 1.0 1.0 1.0 1.0 0.908 1.0 1.0 1.0 1.0 0.857 1.0 1.0 1.0 1.0 0.786 1.0 1.0 1.0 1.0 1.37 1.0 1.0 1.0 1.0 1.351 1.0 1.0 1.0 1.0 1.399 1.0 1.0 1.0 1.0 1.115 1.0 1.0 1.0 1.0 0.76 1.0 1.0 1.0 1.0 0.82 1.0 1.0 1.0 1.0 1.517 1.0 1.0 1.0 1.0 0.708 1.0 1.0 1.0 1.0 1.0 1.0 1.0 1.0 1.0 1.0 1.0 1.0 1.0 1.0 1.0 1.0 1.0 1.0 1.0 1.0 1.0 1.0 1.0 1.0 1.0 1.0 1.0 1.0 1.0 1.0 1.0 1.0 1.0 1.0 1.0 1.0 1.0 1.0 1.0 1.0 1.0 1.0 1.0 1.0 1.0 1.0 1.0 1.0 1.0 1.0 1.0 1.0 1.0 1.0 1.0 1.0 1.0 1.0 1.0 1.0 1.0 1.0 1.0 1.0 1.0 1.0 1.0 1.0 1.0 1.0 1.0 1.0 1.0 1.0 1.0 1.0 1.0 1.0 1.0 1.0 1.0 1.0 1.0 1.0 1.0 1.0 1.0 1.0 1.0 1.0 1.0 1.0 1.0 1.0 1.0 1.0 1.0 1.0 1.0 1.0 1.0 1.0 1.0 1.0 1.0 1.0 1.0 1.0 1.0 1.0 1.0 1.0 1.0 1.0 1.0 1.0 1.0 1.0 1.0 1.0 1.0 1.0 1.0 1.0 1.178 1.003 0.851 1.075 1.066 0.844 0.917 1.266 0.96 0.791 0.91 1.022 0.924 0.967 0.937 0.81 1.023 1.145 0.877 1.35 0.872 1.156 0.966 1.065 0.984 1.096 1.166 1.148 0.769 1.084 1.023 1.071 1.145 1.354 0.782 0.715 1.105 1.252 1.357 1.181 1.132 0.841 1.246 1.089 1.329 0.876 0.804 0.772 1.14 1.132 1.25 1.175 1.015 1.114 1.286 1.341 1.195 0.985 1.262 1.323 1.212 1.088 0.953 1.008 1.191 1.264 1.215 1.185 1.298 0.943 1.232 1.348 1.041 1.283 1.311 0.953 1.247 1.168 1.312 0.74 1.291 0.632 1.197 0.902 1.234 1.342 1.311 0.908 1.3 0.78 0.632 1.244 1.16 0.76 1.119 1.045 1.218 1.031 0.713 1.287 1.292 0.695 1.197 1.092 1.292 0.961 1.001 1.136 0.731 0.753 1.377 1.301 1.133 0.759 1.239 1.218 0.816 0.985 1.299 0.868 1.21 0.824 1.013 1.32 0.845 0.998 1.35 0.912 0.766 0.763 1.365 0.782 0.906 1.15 1.346 1.166 0.824 0.973 0.935 1.317 0.918 1.388 0.99 0.769 0.708 0.69 1.0 0.966 0.634 1.0 0.671 1.0 0.964 1.0 1.0 0.69 1.0 0.821 1.0 1.0 0.711 1.0 1.015 1.0 1.0 1.241 1.0 1.031 1.0 1.0 1.623 1.0 1.301 1.0 1.0 0.823 1.0 0.979 1.0 1.0 1.637 1.0 0.821 1.0 1.0 0.888 1.0 0.812 1.0 1.0 0.94 1.0 0.81 1.0 1.0 0.773 1.0 0.808 1.0 1.0 1.0 1.0 0.873 1.0 1.0 1.0 1.0 1.327 1.0 1.0 1.0 1.0 1.225 1.0 1.0 1.0 1.0 1.043 1.0 1.0 1.0 1.0 1.039 1.0 1.0 1.0 1.0 1.039 1.0 1.0 1.0 1.0 1.008 1.0 1.0 1.0 1.0 1.059 1.0 1.0 1.0 1.0 1.079 1.0 1.0 1.0 1.0 1.061 1.0 1.0 1.0 1.0 0.865 1.0 1.0 1.0 1.0 0.892 1.0 1.0 1.0 1.0 0.914 1.0 1.0 1.0 1.0 0.944 1.0 1.0 1.0 1.0 0.991 1.0 1.0 1.0 1.0 1.054 1.0 1.0 1.0 1.0 1.046 1.0 1.0 1.0 1.0 1.072 1.0 1.0 1.0 1.0 0.833 1.0 1.0 1.0 1.0 0.986 1.0 1.0 1.0 1.0 1.073 1.0 1.0 1.0 1.0 1.084 1.0 1.0 1.0 1.0 0.843 1.0 1.0 1.0 1.0 0.834 1.0 1.0 1.0 1.0 0.906 1.0 1.0 1.0 1.0 0.841 1.0 1.0 1.0 1.0 1.062 1.0 1.0 1.0 1.0 0.885 1.0 1.0 1.0 1.0 1.032 1.0 1.0 1.0 1.0 0.917 1.0 1.0 1.0 1.0 1.055 1.0 1.0 1.0 1.0 0.828 1.0 1.0 1.0 1.0 0.81 1.0 1.0 1.0 1.0 0.797 1.0 1.0 1.0 1.0 0.649 1.0 1.0 1.0 1.0 0.787 1.0 1.0 0.956 1.184 0.953 1.164 0.973 1.269 0.916 1.267 0.797 1.092 0.827 1.026 0.931 0.771 1.331 0.901 1.137 1.141 0.812 0.952 0.88 1.086 0.738 0.881 1.005 1.109 1.188 0.828 1.168 0.917 1.046 0.775 0.831 1.298 0.962 0.831 1.064 1.095 1.114 1.284 0.838 1.212 1.217 1.239 0.735 1.333 1.171 1.031 1.207 1.337 1.346 0.747 1.176 0.702 1.165 1.164 1.003 1.2 1.183 1.337 1.269 1.215 0.714 1.328 0.725 0.842 1.223 1.246 1.309 1.038 0.957 1.23 0.904 1.035 1.331 0.873 1.211 0.891 1.388 1.172 1.262 1.218 1.197 0.655 0.999 1.003 1.0 1.281 1.293 1.206 0.881 1.0 0.972 1.2 0.764 0.996 1.0 0.956 0.914 0.769 0.889 1.0 0.768 0.71 1.191 1.074 1.0 0.702 1.03 0.801 1.016 1.0 0.941 1.512 1.055 1.102 1.0 1.025 0.718 1.078 0.864 1.0 0.873 0.723 1.183 0.849 1.0 0.949 0.715 0.738 1.245 1.0 0.899 1.277 0.825 0.944 1.0 1.11 1.005 0.832 0.97 1.0 0.74 0.997 1.026 0.974 1.0 0.989 0.717 1.0 1.155 1.0 0.921 0.975 0.713 0.921 1.0 0.95 0.945 1.0 1.133 1.0 0.712 0.936 1.0 0.966 1.0 0.82 0.922 1.0 0.782 1.0 0.982 0.774 1.0 0.781 1.0 1.0 1.212 1.0 0.852 1.0 1.0 0.876 1.0 0.786 1.0 1.0 0.913 1.0 0.861 1.0 1.0 1.388 1.0 1.12 1.0 1.0 1.405 1.0 0.821 1.0 1.0 0.707 1.0 0.681 1.0 1.0 0.788 1.0 0.789 1.0 1.0 0.782 1.0 0.697 1.0 1.0 1.12 1.0 1.0 1.0 1.0 1.135 1.0 1.0 1.0 1.0 1.036 1.0 1.0 1.0 1.0 0.778 1.0 1.0 1.0 1.0 1.0 1.0 1.0 1.0 1.0 1.0 1.0 1.0 1.0 1.0 1.0 1.0 1.0 1.0 1.0 1.0 1.0 1.0 1.0 1.0 1.0 1.0 1.0 1.0 1.0 1.0 1.0 1.0 1.0 1.0 1.0 1.0 1.0 1.0 1.0 1.0 1.0 1.0 1.0 1.0 1.0 1.0 1.0 1.0 1.0 1.0 1.0 1.0 1.0 1.0 1.0 1.0 1.0 1.0 1.0 1.0 1.0 1.0 1.0 1.0 1.0 1.0 1.0 1.0 1.0 1.0 1.0 1.0 1.0 1.0 1.0 1.0 1.0 1.0 1.0 1.0 1.0 1.0 1.0 1.0 1.0 1.0 1.0 1.0 1.0 1.0 1.0 1.0 1.0 1.0 1.0 1.0 1.0 1.0 1.0 1.0 1.0 1.0 1.0 1.0 1.0 1.0 1.0 1.0 1.0 1.0 1.0 1.0 1.0 1.0 1.0 1.0 1.0 1.0 1.0 1.0 1.0 1.0 1.0 1.0 1.0 1.0 1.0 1.0 1.0 1.0 1.0 1.0 1.0 1.0 1.0 1.0 1.0 1.0 1.0 1.0 1.0 1.0 1.0 1.0 1.0 1.0 0.887 1.03 1.181 0.963 0.973 1.025 1.269 1.108 0.967 1.088 0.903 1.304 0.958 1.053 1.327 0.798 1.027 0.747 0.792 0.972 1.336 1.329 1.153 1.071 1.129 0.791 0.795 0.745 0.667 0.796 0.831 1.061 1.155 1.086 0.834 1.091 0.826 0.861 0.69 1.035 0.775 0.754 1.028 1.186 0.79 1.139 1.09 1.327 0.714 1.008 0.969 1.071 1.041 0.983 1.061 0.735 0.836 0.872 0.721 0.875 1.178 0.747 0.968 1.0 1.276 0.791 1.302 0.972 1.0 1.126 1.035 0.785 1.109 1.0 0.699 0.762 1.126 1.087 1.0 1.088 0.88 0.868 0.906 1.0 0.98 1.207 0.852 1.008 1.0 0.893 0.756 1.122 0.861 1.0 0.716 1.146 1.092 0.977 1.0 0.725 1.193 1.007 0.969 1.0 0.871 1.159 1.07 1.04 1.0 0.865 0.735 0.869 0.955 1.0 0.739 0.873 1.135 0.946 1.0 1.368 0.814 0.763 1.044 1.0 1.071 0.866 1.228 0.943 1.0 0.724 0.768 0.998 1.315 1.0 0.824 0.791 0.751 0.942 1.0 1.0 0.772 0.969 1.038 1.0 1.0 0.915 0.97 0.989 1.0 1.0 1.23 1.063 0.99 1.0 1.0 0.889 0.88 0.777 1.0 1.0 0.851 0.993 0.935 1.0 1.0 0.738 0.98 1.336 1.0 1.0 1.0 0.787 1.344 1.0 1.0 1.0 1.282 1.255 1.0 1.0 1.0 0.774 0.845 1.0 1.0 1.0 0.896 0.995 1.0 1.0 1.0 0.889 0.953 1.0 1.0 1.0 0.882 1.029 1.0 1.0 1.0 0.927 0.893 1.0 1.0 1.0 0.9 0.88 1.0 1.0 1.0 0.906 0.649 1.0 1.0 1.0 1.015 0.9 1.0 1.0 1.0 0.939 0.68 1.0 1.0 1.0 0.848 0.636 1.0 1.0 1.0 0.879 0.789 1.0 1.0 1.0 0.997 0.64 1.0 1.0 1.0 0.949 0.818 1.0 1.0 1.0 1.082 1.0 1.0 1.0 1.0 0.724 1.0 1.0 1.0 1.0 0.707 1.0 1.0 1.0 1.0 1.142 1.0 1.0 1.0 1.0 0.659 1.0 1.0 1.0 1.0 0.668 1.0 1.0 1.0 1.0 0.69 1.0 1.0 1.0 1.0 0.821 1.0 1.0 1.0 1.0 0.79 1.0 1.0 1.0 1.0 0.798 1.0 1.0 1.0 1.0 0.761 1.0 1.0 1.0 1.0 1.0 1.0 1.0 1.0 1.0 1.0 1.0 1.0 1.0 1.0 1.0 1.0 1.0 1.0 1.0 1.0 1.0 1.0 1.0 1.0 1.0 1.0 1.0 1.0 1.0 1.0 1.0 1.0 1.0 1.0 1.0 1.0 1.0 1.0 1.0 1.0 1.0 1.0 1.0 1.0 1.0 1.0 1.0 1.0 1.0 1.0 1.0 1.0 1.0 1.0 1.0 1.0 1.0 1.0 1.0 1.0 1.0 1.0 1.0 1.0 1.0 1.0 1.0 1.0 1.0 1.0 1.0 1.0 1.0 1.0 1.0 1.0 1.0 1.0 1.0 1.0 1.0 1.0 1.0 1.178 1.184 0.97 1.075 0.857 0.93 1.276 1.284 1.11 1.261 1.303 1.031 0.949 1.136 1.284 0.819 0.867 0.926 0.745 0.82 1.055 1.039 1.175 0.878 1.066 0.839 1.247 0.889 1.331 0.812 1.184 0.649 0.999 0.738 1.069 0.866 1.142 0.82 1.042 1.047 1.027 1.265 1.13 0.962 1.172 1.123 1.259 1.142 1.28 0.704 0.785 1.107 1.082 1.139 1.224 1.178 0.669 1.046 1.096 1.277 1.042 1.247 1.174 1.339 1.081 1.041 0.669 1.206 1.033 1.193 1.174 1.353 0.704 0.797 0.721 1.198 1.196 0.707 1.254 0.713 1.124 1.002 1.287 1.235 1.0 1.258 0.652 1.31 1.274 1.0 1.25 1.266 1.07 0.675 1.0 1.09 0.935 1.223 1.219 1.0 0.98 0.806 1.252 0.678 1.0 0.932 1.256 0.974 1.073 1.0 0.969 0.942 0.945 1.069 1.0 0.983 1.344 1.412 0.841 1.0 0.998 1.336 0.89 1.163 1.0 1.23 0.996 0.702 1.067 1.0 1.187 1.35 1.29 0.98 1.0 1.168 0.776 0.721 0.707 1.0 0.97 1.368 1.289 0.796 1.0 1.238 0.615 1.26 0.685 1.0 1.22 0.75 1.235 0.787 1.0 0.655 1.07 0.997 1.045 1.0 0.66 1.318 1.303 0.768 1.0 0.665 1.284 0.711 1.0 1.0 0.677 0.644 0.852 1.0 1.0 0.802 0.736 1.0 1.0 1.0 0.8 0.85 1.0 1.0 1.0 0.788 0.87 1.0 1.0 1.0 1.047 0.697 1.0 1.0 1.0 0.858 0.756 1.0 1.0 1.0 1.078 0.793 1.0 1.0 1.0 1.1 1.0 1.0 1.0 1.0 0.826 1.0 1.0 1.0 1.0 1.471 1.0 1.0 1.0 1.0 0.773 1.0 1.0 1.0 1.0 0.93 1.0 1.0 1.0 1.0 1.278 1.0 1.0 1.0 1.0 0.887 1.0 1.0 1.0 1.0 0.854 1.0 1.0 1.0 1.0 1.0 1.0 1.0 1.0 1.0 1.0 1.0 1.0 1.0 1.0 1.0 1.0 1.0 1.0 1.0 1.0 1.0 1.0 1.0 1.0 1.0 1.0 1.0 1.0 1.0 1.0 1.0 1.0 1.0 1.0 1.0 1.0 1.0 1.0 1.0 1.0 1.0 1.0 1.0 1.0 1.0 1.0 1.0 1.0 1.0 1.0 1.0 1.0 1.0 1.0 1.0 1.0 1.0 1.0 1.0 1.0 1.0 1.0 1.0 1.0 1.0 1.0 1.0 1.0 1.0 1.0 1.0 1.0 1.0 1.0 1.0 1.0 1.0 1.0 1.0 1.0 1.0 1.0 1.0 1.0 1.0 1.0 1.0 1.0 1.0 1.0 1.0 1.0 1.0 1.0 1.0 1.0 1.0 1.0 1.0 1.0 1.0 1.0 1.0 1.0 1.0 1.0 1.0 1.0 1.0 1.0 1.0 1.0 1.0 1.0 1.0 1.0 1.0 1.0 1.0 1.0 1.0 1.0 1.0 1.0 1.0 1.0 1.0 1.0 1.0 1.0 1.0 1.0 1.0 1.0 1.0 1.0 1.0 1.0 1.0 0.887 1.003 1.181 1.075 0.857 1.265 0.917 1.111 0.797 1.267 0.999 0.78 0.922 1.271 1.121 0.91 0.77 1.134 0.765 0.924 1.132 1.299 1.138 1.012 0.851 1.122 1.045 0.735 1.071 1.196 1.115 0.815 1.142 1.131 0.925 1.157 0.87 0.733 1.098 1.251 0.886 0.941 0.996 1.317 1.071 0.813 0.9 0.886 1.087 1.069 1.163 1.164 0.906 1.277 1.053 1.132 1.005 0.988 1.048 0.717 0.771 1.143 1.028 1.133 1.11 1.145 0.805 0.842 0.972 1.339 0.78 1.117 0.886 1.035 0.674 1.14 1.147 1.005 1.0 1.211 0.763 1.1 1.083 1.0 1.18 0.775 1.12 0.811 1.0 1.247 1.099 1.089 1.132 1.0 1.349 0.836 0.836 0.967 1.0 0.742 1.045 0.702 1.124 1.0 0.966 1.02 0.704 1.025 1.0 1.085 1.108 0.986 0.752 1.0 1.082 1.278 0.777 1.212 1.0 1.472 0.827 0.844 1.063 1.0 1.126 0.97 1.079 1.275 1.0 0.709 1.279 0.769 0.931 1.0 1.507 0.951 0.883 1.293 1.0 1.086 1.07 1.113 0.782 1.0 0.898 0.839 1.181 0.763 1.0 1.105 1.281 0.941 0.775 1.0 0.743 1.032 1.301 1.053 1.0 0.889 1.0 1.296 1.297 1.0 1.124 1.0 1.343 0.769 1.0 0.918 1.0 0.925 0.886 1.0 0.679 1.0 0.987 0.718 1.0 0.876 1.0 0.768 0.748 1.0 0.94 1.0 0.749 0.693 1.0 0.996 1.0 0.744 1.48 1.0 1.713 1.0 1.0 0.704 1.0 0.805 1.0 1.0 0.698 1.0 0.956 1.0 1.0 1.234 1.0 1.0 1.0 1.0 0.723 1.0 1.0 1.0 1.0 1.005 1.0 1.0 1.0 1.0 1.624 1.0 1.0 1.0 1.0 1.0 1.0 1.0 1.0 1.0 1.0 1.0 1.0 1.0 1.0 1.0 1.0 1.0 1.0 1.0 1.0 1.0 1.0 1.0 1.0 1.0 1.0 1.0 1.0 1.0 1.0 1.0 1.0 1.0 1.0 1.0 1.0 1.0 1.0 1.0 1.0 1.0 1.0 1.0 1.0 1.0 1.0 1.0 1.0 1.0 1.0 1.0 1.0 1.0 1.0 1.0 1.0 1.0 1.0 1.0 1.0 1.0 1.0 1.0 1.0 1.0 1.0 1.0 1.0 1.0 1.0 1.0 1.0 1.0 1.0 1.0 1.0 1.0 1.0 1.0 1.0 1.0 1.0 1.0 1.0 1.0 1.0 1.0 1.0 1.0 1.0 1.0 1.0 1.0 1.0 1.0 1.0 1.0 1.0 1.0 1.0 1.0 1.0 1.0 1.0 1.0 1.0 1.0 1.0 1.0 1.0 1.0 1.0 1.0 1.0 1.0 1.0 1.0 1.0 1.0 1.0 1.0 1.0 1.0 1.0 1.0 1.0 1.0 1.0 1.0 1.0 1.0 1.0 1.0 1.0 1.0 1.0 1.0 1.0 1.0 1.0 1.0 1.0 1.0 1.0 1.0 1.0 1.0 1.0 1.0 1.0 1.0 1.0 1.0 1.0 1.0 1.0 1.0,1.7125934,0.71259344,0.6150828,0.3,0.5090643167495728,0.0003,5,3.0935178
37,0.17072635889053345,0.99658203,1.016 1.031 0.952 0.967 0.953 0.923 1.274 1.119 0.789 0.785 1.034 1.313 0.921 1.131 1.006 1.327 0.75 0.718 0.891 0.894 1.03 1.086 0.895 1.351 1.083 1.023 0.744 1.301 1.033 1.124 1.076 0.746 1.064 0.818 1.174 0.874 0.839 1.238 1.058 1.18 1.107 1.093 1.027 0.711 0.697 0.983 0.744 1.104 1.272 0.966 1.185 0.744 1.111 1.273 0.727 0.886 1.057 1.105 1.053 1.079 0.836 0.858 0.76 1.168 1.0 1.201 1.119 0.706 0.774 1.0 1.054 1.123 1.098 1.153 1.0 1.224 1.395 1.138 1.167 1.0 1.304 0.867 1.357 1.04 1.0 1.259 0.853 1.178 0.671 1.0 1.098 0.715 1.068 1.11 1.0 0.995 0.851 0.737 0.781 1.0 1.281 0.709 0.833 1.155 1.0 0.964 1.085 1.0 0.773 1.0 0.731 0.791 1.0 0.761 1.0 0.725 1.089 1.0 0.779 1.0 0.688 0.968 1.0 0.799 1.0 1.049 0.97 1.0 0.748 1.0 0.735 1.191 1.0 0.728 1.0 1.017 0.931 1.0 1.099 1.0 1.179 0.979 1.0 1.149 1.0 0.646 0.708 1.0 0.959 1.0 0.645 1.179 1.0 0.791 1.0 1.114 1.104 1.0 1.038 1.0 1.579 1.102 1.0 0.942 1.0 1.0 0.926 1.0 1.002 1.0 1.0 0.932 1.0 0.787 1.0 1.0 0.955 1.0 1.141 1.0 1.0 0.834 1.0 0.825 1.0 1.0 0.717 1.0 0.784 1.0 1.0 1.08 1.0 1.0 1.0 1.0 1.625 1.0 1.0 1.0 1.0 0.914 1.0 1.0 1.0 1.0 0.766 1.0 1.0 1.0 1.0 0.771 1.0 1.0 1.0 1.0 0.775 1.0 1.0 1.0 1.0 0.824 1.0 1.0 1.0 1.0 0.783 1.0 1.0 1.0 1.0 1.0 1.0 1.0 1.0 1.0 1.0 1.0 1.0 1.0 1.0 1.0 1.0 1.0 1.0 1.0 1.0 1.0 1.0 1.0 1.0 1.0 1.0 1.0 1.0 1.0 1.0 1.0 1.0 1.0 1.0 1.0 1.0 1.0 1.0 1.0 1.0 1.0 1.0 1.0 1.0 1.0 1.0 1.0 1.0 1.0 1.0 1.0 1.0 1.0 1.0 1.0 1.0 1.0 1.0 1.0 1.0 1.0 1.0 1.0 1.0 1.0 1.0 1.0 1.0 1.0 1.0 1.0 1.0 1.0 1.0 1.0 1.0 1.0 1.0 1.0 1.0 1.0 1.0 1.0 1.0 1.0 1.0 1.0 1.0 1.0 1.0 1.0 1.0 1.0 1.0 1.0 1.0 1.0 1.0 1.0 1.0 1.0 1.0 1.0 1.0 1.0 1.0 1.0 1.0 1.0 1.0 1.0 1.0 1.0 1.0 1.0 1.0 1.0 1.0 1.0 1.0 1.0 1.0 1.0 1.0 1.0 1.0 1.0 1.0 1.0 1.0 1.0 1.0 1.0 1.0 1.0 1.0 1.0 1.0 1.0 1.0 1.0 1.0 1.0 1.0 1.0 1.0 1.0 1.0 1.0 1.0 1.0 1.0 1.0 0.987 0.949 1.079 0.967 0.953 1.278 0.914 0.931 0.799 0.949 1.008 1.037 0.974 0.775 1.156 1.077 0.772 0.896 0.762 1.025 0.997 1.049 0.979 0.853 0.829 1.197 0.83 1.19 1.079 0.741 0.753 1.263 0.868 1.054 0.765 1.22 1.179 1.067 1.278 0.749 0.726 0.787 1.211 0.635 1.209 0.756 1.023 1.04 0.713 1.217 0.739 0.793 0.77 0.764 0.675 1.222 0.799 0.87 1.222 0.678 1.111 0.955 1.131 0.626 0.982 0.999 1.103 1.109 0.689 1.155 0.937 1.051 1.105 1.215 0.698 1.065 0.993 1.037 0.619 1.161 0.962 0.969 0.735 0.633 0.709 1.0 1.124 1.155 1.026 0.768 1.0 1.048 0.725 0.666 1.181 1.0 1.047 1.347 0.939 1.008 1.0 0.871 0.648 0.667 0.696 1.0 0.886 0.966 0.9 1.0 1.0 1.074 0.934 0.948 1.0 1.0 0.869 0.869 0.942 1.0 1.0 1.135 0.738 0.903 1.0 1.0 1.034 0.69 0.664 1.0 1.0 1.18 0.632 1.235 1.0 1.0 0.93 0.833 0.846 1.0 1.0 0.889 1.259 0.757 1.0 1.0 0.928 0.961 1.0 1.0 1.0 1.212 0.714 1.0 1.0 1.0 0.803 0.656 1.0 1.0 1.0 0.765 0.699 1.0 1.0 1.0 0.963 1.611 1.0 1.0 1.0 0.735 1.0 1.0 1.0 1.0 0.73 1.0 1.0 1.0 1.0 0.955 1.0 1.0 1.0 1.0 1.005 1.0 1.0 1.0 1.0 0.915 1.0 1.0 1.0 1.0 0.957 1.0 1.0 1.0 1.0 0.999 1.0 1.0 1.0 1.0 0.691 1.0 1.0 1.0 1.0 0.972 1.0 1.0 1.0 1.0 0.915 1.0 1.0 1.0 1.0 1.245 1.0 1.0 1.0 1.0 0.734 1.0 1.0 1.0 1.0 1.629 1.0 1.0 1.0 1.0 1.511 1.0 1.0 1.0 1.0 0.676 1.0 1.0 1.0 1.0 1.0 1.0 1.0 1.0 1.0 1.0 1.0 1.0 1.0 1.0 1.0 1.0 1.0 1.0 1.0 1.0 1.0 1.0 1.0 1.0 1.0 1.0 1.0 1.0 1.0 1.0 1.0 1.0 1.0 1.0 1.0 1.0 1.0 1.0 1.0 1.0 1.0 1.0 1.0 1.0 1.0 1.0 1.0 1.0 1.0 1.0 1.0 1.0 1.0 1.0 1.0 1.0 1.0 1.0 1.0 1.0 1.0 1.0 1.0 1.0 1.0 1.0 1.0 1.0 1.0 1.0 1.0 1.0 1.0 1.0 1.0 1.0 1.0 1.0 1.0 1.0 1.0 1.0 1.0 1.0 1.0 1.0 1.0 1.0 1.0 1.0 1.0 1.0 1.0 1.0 1.0 1.0 1.0 1.0 1.0 1.0 1.0 1.0 1.0 1.0 1.0 1.0 1.0 1.0 1.0 1.0 1.0 1.0 1.0 1.0 1.0 1.0 1.0 1.0 1.0 1.0 1.0 1.0 1.0 1.0 1.0 1.0 1.0 1.0 1.0 1.0 1.0 1.0 1.0 1.0 1.0 1.0 1.0 1.0 1.184 1.031 0.846 1.077 0.853 0.929 0.914 1.118 0.938 0.79 1.318 1.331 0.913 1.128 1.285 0.909 1.033 1.346 1.141 0.872 1.305 1.091 1.351 0.892 0.856 0.96 0.919 0.893 1.159 1.253 1.227 0.873 1.033 0.719 0.79 0.936 0.871 1.029 0.864 1.271 1.07 1.052 1.119 1.299 0.671 1.056 1.16 1.09 0.841 1.152 0.998 1.179 1.142 1.118 1.151 0.818 0.731 1.091 0.973 0.651 1.032 1.117 1.196 0.75 0.703 1.087 1.078 0.685 1.172 0.964 1.213 1.258 0.912 1.253 0.774 0.989 1.117 0.749 1.143 0.783 1.15 1.135 0.941 1.227 1.125 0.683 0.984 0.926 1.21 0.994 0.778 0.659 0.874 0.702 1.104 1.089 0.664 0.732 0.861 1.324 0.755 0.664 1.42 1.152 0.831 1.085 0.954 1.0 0.963 0.924 0.782 0.666 1.0 0.746 0.788 1.011 0.728 1.0 1.158 1.0 0.717 1.327 1.0 1.425 1.0 0.734 0.733 1.0 0.88 1.0 0.71 1.345 1.0 1.07 1.0 0.765 1.059 1.0 0.899 1.0 0.879 0.87 1.0 1.142 1.0 1.113 1.194 1.0 0.77 1.0 0.972 0.87 1.0 0.861 1.0 0.974 0.769 1.0 1.0 1.0 0.783 0.86 1.0 1.0 1.0 1.02 0.7 1.0 1.0 1.0 1.122 0.724 1.0 1.0 1.0 0.933 0.758 1.0 1.0 1.0 0.867 0.746 1.0 1.0 1.0 1.079 0.993 1.0 1.0 1.0 0.919 1.0 1.0 1.0 1.0 1.017 1.0 1.0 1.0 1.0 0.927 1.0 1.0 1.0 1.0 0.9 1.0 1.0 1.0 1.0 0.849 1.0 1.0 1.0 1.0 0.781 1.0 1.0 1.0 1.0 1.371 1.0 1.0 1.0 1.0 1.353 1.0 1.0 1.0 1.0 1.408 1.0 1.0 1.0 1.0 1.109 1.0 1.0 1.0 1.0 0.76 1.0 1.0 1.0 1.0 0.815 1.0 1.0 1.0 1.0 1.532 1.0 1.0 1.0 1.0 0.695 1.0 1.0 1.0 1.0 1.0 1.0 1.0 1.0 1.0 1.0 1.0 1.0 1.0 1.0 1.0 1.0 1.0 1.0 1.0 1.0 1.0 1.0 1.0 1.0 1.0 1.0 1.0 1.0 1.0 1.0 1.0 1.0 1.0 1.0 1.0 1.0 1.0 1.0 1.0 1.0 1.0 1.0 1.0 1.0 1.0 1.0 1.0 1.0 1.0 1.0 1.0 1.0 1.0 1.0 1.0 1.0 1.0 1.0 1.0 1.0 1.0 1.0 1.0 1.0 1.0 1.0 1.0 1.0 1.0 1.0 1.0 1.0 1.0 1.0 1.0 1.0 1.0 1.0 1.0 1.0 1.0 1.0 1.0 1.0 1.0 1.0 1.0 1.0 1.0 1.0 1.0 1.0 1.0 1.0 1.0 1.0 1.0 1.0 1.0 1.0 1.0 1.0 1.0 1.0 1.0 1.0 1.0 1.0 1.0 1.0 1.0 1.0 1.0 1.0 1.0 1.0 1.0 1.0 1.0 1.0 1.0 1.0 1.0 1.0 1.184 1.002 0.846 1.077 1.067 0.838 0.916 1.273 0.959 0.786 0.909 1.022 0.922 0.966 0.936 0.804 1.023 1.148 0.875 1.359 0.868 1.162 0.965 1.068 0.982 1.098 1.169 1.151 0.764 1.088 1.026 1.075 1.147 1.362 0.777 0.709 1.11 1.26 1.365 1.188 1.137 0.837 1.253 1.095 1.337 0.872 0.798 0.767 1.146 1.138 1.26 1.18 1.014 1.122 1.288 1.33 1.203 0.986 1.264 1.326 1.222 1.091 0.951 1.013 1.2 1.274 1.224 1.192 1.293 0.943 1.242 1.339 1.042 1.287 1.306 0.951 1.257 1.172 1.307 0.741 1.304 0.63 1.202 0.9 1.244 1.33 1.304 0.904 1.303 0.779 0.63 1.253 1.165 0.759 1.123 1.047 1.225 1.031 0.71 1.287 1.305 0.695 1.202 1.096 1.292 0.958 1.002 1.139 0.727 0.755 1.368 1.3 1.135 0.76 1.249 1.224 0.813 0.983 1.304 0.865 1.215 0.822 1.014 1.325 0.841 0.998 1.355 0.916 0.767 0.763 1.381 0.783 0.91 1.149 1.35 1.168 0.823 0.97 0.935 1.313 0.913 1.395 0.989 0.762 0.709 0.686 1.0 0.964 0.638 1.0 0.67 1.0 0.957 1.0 1.0 0.69 1.0 0.813 1.0 1.0 0.712 1.0 1.022 1.0 1.0 1.234 1.0 1.04 1.0 1.0 1.647 1.0 1.314 1.0 1.0 0.817 1.0 0.976 1.0 1.0 1.662 1.0 0.812 1.0 1.0 0.881 1.0 0.803 1.0 1.0 0.93 1.0 0.801 1.0 1.0 0.773 1.0 0.798 1.0 1.0 1.0 1.0 0.863 1.0 1.0 1.0 1.0 1.342 1.0 1.0 1.0 1.0 1.236 1.0 1.0 1.0 1.0 1.05 1.0 1.0 1.0 1.0 1.034 1.0 1.0 1.0 1.0 1.034 1.0 1.0 1.0 1.0 1.004 1.0 1.0 1.0 1.0 1.063 1.0 1.0 1.0 1.0 1.089 1.0 1.0 1.0 1.0 1.074 1.0 1.0 1.0 1.0 0.868 1.0 1.0 1.0 1.0 0.884 1.0 1.0 1.0 1.0 0.903 1.0 1.0 1.0 1.0 0.95 1.0 1.0 1.0 1.0 0.988 1.0 1.0 1.0 1.0 1.049 1.0 1.0 1.0 1.0 1.05 1.0 1.0 1.0 1.0 1.076 1.0 1.0 1.0 1.0 0.819 1.0 1.0 1.0 1.0 0.981 1.0 1.0 1.0 1.0 1.076 1.0 1.0 1.0 1.0 1.095 1.0 1.0 1.0 1.0 0.831 1.0 1.0 1.0 1.0 0.826 1.0 1.0 1.0 1.0 0.895 1.0 1.0 1.0 1.0 0.833 1.0 1.0 1.0 1.0 1.056 1.0 1.0 1.0 1.0 0.871 1.0 1.0 1.0 1.0 1.037 1.0 1.0 1.0 1.0 0.906 1.0 1.0 1.0 1.0 1.067 1.0 1.0 1.0 1.0 0.816 1.0 1.0 1.0 1.0 0.807 1.0 1.0 1.0 1.0 0.789 1.0 1.0 1.0 1.0 0.65 1.0 1.0 1.0 1.0 0.779 1.0 1.0 0.955 1.19 0.952 1.169 0.972 1.277 0.914 1.274 0.792 1.094 0.821 1.026 0.929 0.766 1.34 0.9 1.142 1.144 0.807 0.95 0.876 1.088 0.731 0.877 1.005 1.113 1.185 0.824 1.174 0.914 1.047 0.772 0.826 1.304 0.963 0.83 1.068 1.098 1.116 1.29 0.838 1.208 1.224 1.246 0.731 1.331 1.179 1.032 1.21 1.346 1.345 0.746 1.18 0.697 1.166 1.165 1.007 1.204 1.188 1.346 1.268 1.211 0.709 1.34 0.719 0.844 1.22 1.253 1.318 1.038 0.955 1.239 0.901 1.034 1.34 0.877 1.208 0.888 1.398 1.174 1.26 1.227 1.203 0.652 0.997 1.002 1.0 1.291 1.3 1.211 0.881 1.0 0.97 1.204 0.761 0.996 1.0 0.953 0.911 0.766 0.882 1.0 0.766 0.71 1.188 1.074 1.0 0.702 1.03 0.799 1.016 1.0 0.936 1.516 1.056 1.105 1.0 1.025 0.716 1.08 0.869 1.0 0.869 0.724 1.181 0.844 1.0 0.945 0.713 0.737 1.244 1.0 0.896 1.273 0.819 0.942 1.0 1.102 1.005 0.827 0.968 1.0 0.739 0.997 1.024 0.973 1.0 0.984 0.718 1.002 1.159 1.0 0.922 0.974 0.712 0.918 1.0 0.951 0.945 1.0 1.136 1.0 0.712 0.934 1.0 0.965 1.0 0.816 0.919 1.0 0.778 1.0 0.976 0.778 1.0 0.781 1.0 1.0 1.218 1.0 0.848 1.0 1.0 0.872 1.0 0.782 1.0 1.0 0.912 1.0 0.855 1.0 1.0 1.395 1.0 1.122 1.0 1.0 1.407 1.0 0.814 1.0 1.0 0.712 1.0 0.685 1.0 1.0 0.781 1.0 0.779 1.0 1.0 0.774 1.0 0.702 1.0 1.0 1.123 1.0 1.0 1.0 1.0 1.137 1.0 1.0 1.0 1.0 1.029 1.0 1.0 1.0 1.0 0.769 1.0 1.0 1.0 1.0 1.0 1.0 1.0 1.0 1.0 1.0 1.0 1.0 1.0 1.0 1.0 1.0 1.0 1.0 1.0 1.0 1.0 1.0 1.0 1.0 1.0 1.0 1.0 1.0 1.0 1.0 1.0 1.0 1.0 1.0 1.0 1.0 1.0 1.0 1.0 1.0 1.0 1.0 1.0 1.0 1.0 1.0 1.0 1.0 1.0 1.0 1.0 1.0 1.0 1.0 1.0 1.0 1.0 1.0 1.0 1.0 1.0 1.0 1.0 1.0 1.0 1.0 1.0 1.0 1.0 1.0 1.0 1.0 1.0 1.0 1.0 1.0 1.0 1.0 1.0 1.0 1.0 1.0 1.0 1.0 1.0 1.0 1.0 1.0 1.0 1.0 1.0 1.0 1.0 1.0 1.0 1.0 1.0 1.0 1.0 1.0 1.0 1.0 1.0 1.0 1.0 1.0 1.0 1.0 1.0 1.0 1.0 1.0 1.0 1.0 1.0 1.0 1.0 1.0 1.0 1.0 1.0 1.0 1.0 1.0 1.0 1.0 1.0 1.0 1.0 1.0 1.0 1.0 1.0 1.0 1.0 1.0 1.0 1.0 1.0 1.0 1.0 1.0 1.0 1.0 1.0 1.0 0.883 1.031 1.186 0.962 0.972 1.025 1.277 1.111 0.966 1.09 0.901 1.313 0.956 1.055 1.336 0.792 1.026 0.741 0.787 0.971 1.346 1.338 1.157 1.075 1.131 0.785 0.789 0.738 0.66 0.791 0.828 1.061 1.159 1.085 0.83 1.094 0.821 0.858 0.684 1.038 0.77 0.749 1.027 1.192 0.784 1.144 1.091 1.335 0.708 1.01 0.965 1.073 1.041 0.981 1.066 0.729 0.834 0.869 0.715 0.87 1.185 0.739 0.967 1.0 1.281 0.789 1.31 0.971 1.0 1.131 1.034 0.777 1.112 1.0 0.693 0.758 1.127 1.089 1.0 1.093 0.877 0.869 0.908 1.0 0.982 1.203 0.85 1.008 1.0 0.889 0.751 1.123 0.854 1.0 0.713 1.151 1.093 0.972 1.0 0.728 1.19 1.005 0.974 1.0 0.866 1.164 1.068 1.041 1.0 0.859 0.733 0.87 0.949 1.0 0.743 0.87 1.135 0.94 1.0 1.377 0.821 0.76 1.045 1.0 1.066 0.874 1.229 0.937 1.0 0.72 0.765 0.997 1.327 1.0 0.817 0.786 0.748 0.936 1.0 1.0 0.77 0.966 1.039 1.0 1.0 0.912 0.977 0.994 1.0 1.0 1.226 1.069 0.995 1.0 1.0 0.9 0.871 0.768 1.0 1.0 0.848 0.992 0.929 1.0 1.0 0.732 0.979 1.349 1.0 1.0 1.0 0.778 1.356 1.0 1.0 1.0 1.293 1.266 1.0 1.0 1.0 0.765 0.837 1.0 1.0 1.0 0.888 1.002 1.0 1.0 1.0 0.881 0.948 1.0 1.0 1.0 0.874 1.024 1.0 1.0 1.0 0.918 0.901 1.0 1.0 1.0 0.893 0.872 1.0 1.0 1.0 0.899 0.651 1.0 1.0 1.0 1.02 0.892 1.0 1.0 1.0 0.941 0.675 1.0 1.0 1.0 0.842 0.636 1.0 1.0 1.0 0.884 0.78 1.0 1.0 1.0 0.993 0.643 1.0 1.0 1.0 0.949 0.809 1.0 1.0 1.0 1.071 1.0 1.0 1.0 1.0 0.722 1.0 1.0 1.0 1.0 0.709 1.0 1.0 1.0 1.0 1.131 1.0 1.0 1.0 1.0 0.662 1.0 1.0 1.0 1.0 0.672 1.0 1.0 1.0 1.0 0.694 1.0 1.0 1.0 1.0 0.814 1.0 1.0 1.0 1.0 0.779 1.0 1.0 1.0 1.0 0.789 1.0 1.0 1.0 1.0 0.749 1.0 1.0 1.0 1.0 1.0 1.0 1.0 1.0 1.0 1.0 1.0 1.0 1.0 1.0 1.0 1.0 1.0 1.0 1.0 1.0 1.0 1.0 1.0 1.0 1.0 1.0 1.0 1.0 1.0 1.0 1.0 1.0 1.0 1.0 1.0 1.0 1.0 1.0 1.0 1.0 1.0 1.0 1.0 1.0 1.0 1.0 1.0 1.0 1.0 1.0 1.0 1.0 1.0 1.0 1.0 1.0 1.0 1.0 1.0 1.0 1.0 1.0 1.0 1.0 1.0 1.0 1.0 1.0 1.0 1.0 1.0 1.0 1.0 1.0 1.0 1.0 1.0 1.0 1.0 1.0 1.0 1.0 1.0 1.184 1.19 0.969 1.077 0.853 0.929 1.284 1.291 1.113 1.268 1.312 1.031 0.947 1.139 1.292 0.813 0.863 0.924 0.739 0.815 1.056 1.04 1.18 0.875 1.068 0.833 1.252 0.887 1.339 0.809 1.19 0.64 1.0 0.732 1.072 0.865 1.149 0.815 1.043 1.05 1.027 1.272 1.136 0.962 1.168 1.126 1.252 1.148 1.288 0.699 0.78 1.109 1.088 1.145 1.23 1.181 0.665 1.05 1.09 1.272 1.045 1.253 1.183 1.348 1.077 1.043 0.663 1.216 1.035 1.198 1.177 1.367 0.702 0.792 0.718 1.205 1.201 0.706 1.266 0.71 1.126 1.002 1.282 1.24 1.0 1.266 0.648 1.304 1.285 1.0 1.259 1.262 1.076 0.673 1.0 1.091 0.933 1.233 1.227 1.0 0.98 0.803 1.263 0.678 1.0 0.93 1.252 0.975 1.077 1.0 0.968 0.941 0.942 1.065 1.0 0.98 1.354 1.413 0.836 1.0 0.997 1.346 0.886 1.171 1.0 1.236 0.994 0.705 1.063 1.0 1.193 1.359 1.299 0.98 1.0 1.172 0.77 0.724 0.703 1.0 0.968 1.378 1.286 0.797 1.0 1.246 0.612 1.256 0.687 1.0 1.227 0.745 1.235 0.787 1.0 0.655 1.072 0.992 1.044 1.0 0.661 1.31 1.298 0.764 1.0 0.667 1.292 0.715 1.0 1.0 0.679 0.642 0.847 1.0 1.0 0.798 0.73 1.0 1.0 1.0 0.795 0.843 1.0 1.0 1.0 0.784 0.863 1.0 1.0 1.0 1.045 0.7 1.0 1.0 1.0 0.856 0.755 1.0 1.0 1.0 1.079 0.787 1.0 1.0 1.0 1.1 1.0 1.0 1.0 1.0 0.834 1.0 1.0 1.0 1.0 1.483 1.0 1.0 1.0 1.0 0.773 1.0 1.0 1.0 1.0 0.924 1.0 1.0 1.0 1.0 1.274 1.0 1.0 1.0 1.0 0.879 1.0 1.0 1.0 1.0 0.849 1.0 1.0 1.0 1.0 1.0 1.0 1.0 1.0 1.0 1.0 1.0 1.0 1.0 1.0 1.0 1.0 1.0 1.0 1.0 1.0 1.0 1.0 1.0 1.0 1.0 1.0 1.0 1.0 1.0 1.0 1.0 1.0 1.0 1.0 1.0 1.0 1.0 1.0 1.0 1.0 1.0 1.0 1.0 1.0 1.0 1.0 1.0 1.0 1.0 1.0 1.0 1.0 1.0 1.0 1.0 1.0 1.0 1.0 1.0 1.0 1.0 1.0 1.0 1.0 1.0 1.0 1.0 1.0 1.0 1.0 1.0 1.0 1.0 1.0 1.0 1.0 1.0 1.0 1.0 1.0 1.0 1.0 1.0 1.0 1.0 1.0 1.0 1.0 1.0 1.0 1.0 1.0 1.0 1.0 1.0 1.0 1.0 1.0 1.0 1.0 1.0 1.0 1.0 1.0 1.0 1.0 1.0 1.0 1.0 1.0 1.0 1.0 1.0 1.0 1.0 1.0 1.0 1.0 1.0 1.0 1.0 1.0 1.0 1.0 1.0 1.0 1.0 1.0 1.0 1.0 1.0 1.0 1.0 1.0 1.0 1.0 1.0 1.0 1.0 0.883 1.002 1.186 1.077 0.853 1.273 0.916 1.114 0.792 1.274 0.998 0.773 0.92 1.278 1.124 0.906 0.763 1.138 0.76 0.923 1.133 1.309 1.141 1.012 0.847 1.124 1.045 0.728 1.074 1.199 1.116 0.812 1.145 1.126 0.922 1.161 0.865 0.725 1.105 1.255 0.882 0.939 0.994 1.315 1.075 0.807 0.897 0.884 1.094 1.071 1.168 1.167 0.905 1.275 1.056 1.137 1.004 0.986 1.054 0.71 0.763 1.148 1.026 1.139 1.113 1.149 0.802 0.84 0.968 1.348 0.776 1.121 0.884 1.033 0.669 1.144 1.152 1.005 1.0 1.215 0.761 1.105 1.088 1.0 1.187 0.774 1.124 0.81 1.0 1.252 1.103 1.094 1.136 1.0 1.356 0.831 0.831 0.966 1.0 0.739 1.046 0.698 1.128 1.0 0.962 1.02 0.7 1.026 1.0 1.077 1.11 0.983 0.746 1.0 1.074 1.277 0.779 1.214 1.0 1.485 0.831 0.84 1.06 1.0 1.127 0.967 1.083 1.274 1.0 0.711 1.279 0.771 0.93 1.0 1.522 0.947 0.88 1.291 1.0 1.085 1.069 1.114 0.786 1.0 0.892 0.835 1.185 0.759 1.0 1.095 1.287 0.937 0.774 1.0 0.743 1.029 1.3 1.049 1.0 0.882 1.0 1.302 1.301 1.0 1.114 1.0 1.351 0.774 1.0 0.911 1.0 0.919 0.88 1.0 0.681 1.0 0.982 0.718 1.0 0.87 1.0 0.773 0.753 1.0 0.933 1.0 0.753 0.689 1.0 0.988 1.0 0.743 1.485 1.0 1.74 1.0 1.0 0.7 1.0 0.797 1.0 1.0 0.698 1.0 0.946 1.0 1.0 1.24 1.0 1.0 1.0 1.0 0.712 1.0 1.0 1.0 1.0 0.997 1.0 1.0 1.0 1.0 1.642 1.0 1.0 1.0 1.0 1.0 1.0 1.0 1.0 1.0 1.0 1.0 1.0 1.0 1.0 1.0 1.0 1.0 1.0 1.0 1.0 1.0 1.0 1.0 1.0 1.0 1.0 1.0 1.0 1.0 1.0 1.0 1.0 1.0 1.0 1.0 1.0 1.0 1.0 1.0 1.0 1.0 1.0 1.0 1.0 1.0 1.0 1.0 1.0 1.0 1.0 1.0 1.0 1.0 1.0 1.0 1.0 1.0 1.0 1.0 1.0 1.0 1.0 1.0 1.0 1.0 1.0 1.0 1.0 1.0 1.0 1.0 1.0 1.0 1.0 1.0 1.0 1.0 1.0 1.0 1.0 1.0 1.0 1.0 1.0 1.0 1.0 1.0 1.0 1.0 1.0 1.0 1.0 1.0 1.0 1.0 1.0 1.0 1.0 1.0 1.0 1.0 1.0 1.0 1.0 1.0 1.0 1.0 1.0 1.0 1.0 1.0 1.0 1.0 1.0 1.0 1.0 1.0 1.0 1.0 1.0 1.0 1.0 1.0 1.0 1.0 1.0 1.0 1.0 1.0 1.0 1.0 1.0 1.0 1.0 1.0 1.0 1.0 1.0 1.0 1.0 1.0 1.0 1.0 1.0 1.0 1.0 1.0 1.0 1.0 1.0 1.0 1.0 1.0 1.0 1.0 1.0 1.0,1.7399795,0.7399795,0.61169344,0.3,0.5194627046585083,0.0003,5,3.1896603
38,0.17400898039340973,0.99647504,1.016 1.031 0.951 0.967 0.952 0.922 1.28 1.122 0.784 0.78 1.034 1.32 0.92 1.135 1.007 1.334 0.744 0.712 0.89 0.89 1.031 1.088 0.893 1.357 1.078 1.023 0.739 1.306 1.035 1.119 1.077 0.74 1.067 0.815 1.169 0.871 0.838 1.242 1.063 1.174 1.111 1.095 1.025 0.704 0.696 0.979 0.738 1.109 1.276 0.97 1.192 0.738 1.116 1.276 0.725 0.884 1.056 1.111 1.056 1.08 0.832 0.858 0.755 1.175 1.0 1.196 1.121 0.7 0.768 1.0 1.057 1.125 1.099 1.16 1.0 1.233 1.406 1.131 1.169 1.0 1.31 0.869 1.357 1.04 1.0 1.262 0.854 1.184 0.67 1.0 1.099 0.706 1.062 1.111 1.0 0.994 0.852 0.737 0.778 1.0 1.276 0.7 0.827 1.16 1.0 0.962 1.083 1.0 0.77 1.0 0.726 0.791 1.0 0.762 1.0 0.719 1.094 1.0 0.782 1.0 0.69 0.968 1.0 0.803 1.0 1.048 0.971 1.0 0.745 1.0 0.73 1.188 1.0 0.723 1.0 1.015 0.927 1.0 1.102 1.0 1.182 0.977 1.0 1.144 1.0 0.649 0.706 1.0 0.955 1.0 0.648 1.174 1.0 0.791 1.0 1.113 1.103 1.0 1.039 1.0 1.597 1.094 1.0 0.937 1.0 1.0 0.924 1.0 1.001 1.0 1.0 0.934 1.0 0.789 1.0 1.0 0.951 1.0 1.135 1.0 1.0 0.827 1.0 0.832 1.0 1.0 0.719 1.0 0.781 1.0 1.0 1.072 1.0 1.0 1.0 1.0 1.649 1.0 1.0 1.0 1.0 0.904 1.0 1.0 1.0 1.0 0.761 1.0 1.0 1.0 1.0 0.767 1.0 1.0 1.0 1.0 0.771 1.0 1.0 1.0 1.0 0.813 1.0 1.0 1.0 1.0 0.785 1.0 1.0 1.0 1.0 1.0 1.0 1.0 1.0 1.0 1.0 1.0 1.0 1.0 1.0 1.0 1.0 1.0 1.0 1.0 1.0 1.0 1.0 1.0 1.0 1.0 1.0 1.0 1.0 1.0 1.0 1.0 1.0 1.0 1.0 1.0 1.0 1.0 1.0 1.0 1.0 1.0 1.0 1.0 1.0 1.0 1.0 1.0 1.0 1.0 1.0 1.0 1.0 1.0 1.0 1.0 1.0 1.0 1.0 1.0 1.0 1.0 1.0 1.0 1.0 1.0 1.0 1.0 1.0 1.0 1.0 1.0 1.0 1.0 1.0 1.0 1.0 1.0 1.0 1.0 1.0 1.0 1.0 1.0 1.0 1.0 1.0 1.0 1.0 1.0 1.0 1.0 1.0 1.0 1.0 1.0 1.0 1.0 1.0 1.0 1.0 1.0 1.0 1.0 1.0 1.0 1.0 1.0 1.0 1.0 1.0 1.0 1.0 1.0 1.0 1.0 1.0 1.0 1.0 1.0 1.0 1.0 1.0 1.0 1.0 1.0 1.0 1.0 1.0 1.0 1.0 1.0 1.0 1.0 1.0 1.0 1.0 1.0 1.0 1.0 1.0 1.0 1.0 1.0 1.0 1.0 1.0 1.0 1.0 1.0 1.0 1.0 1.0 1.0 0.987 0.948 1.081 0.967 0.952 1.284 0.913 0.93 0.795 0.948 1.008 1.038 0.973 0.77 1.158 1.078 0.766 0.894 0.757 1.025 0.998 1.05 0.978 0.851 0.824 1.192 0.828 1.193 1.082 0.734 0.752 1.269 0.865 1.058 0.762 1.214 1.183 1.069 1.286 0.744 0.723 0.782 1.216 0.626 1.207 0.755 1.021 1.042 0.708 1.215 0.736 0.788 0.765 0.757 0.67 1.217 0.794 0.864 1.231 0.673 1.11 0.955 1.134 0.62 0.984 1.001 1.107 1.113 0.687 1.158 0.936 1.052 1.098 1.222 0.694 1.067 0.994 1.038 0.614 1.166 0.961 0.97 0.729 0.628 0.706 1.0 1.13 1.157 1.016 0.769 1.0 1.048 0.72 0.664 1.187 1.0 1.047 1.35 0.938 0.998 1.0 0.866 0.642 0.665 0.692 1.0 0.882 0.954 0.896 1.0 1.0 1.075 0.929 0.944 1.0 1.0 0.866 0.864 0.938 1.0 1.0 1.138 0.734 0.899 1.0 1.0 1.032 0.685 0.659 1.0 1.0 1.184 0.632 1.24 1.0 1.0 0.926 0.825 0.84 1.0 1.0 0.883 1.264 0.761 1.0 1.0 0.924 0.949 1.0 1.0 1.0 1.221 0.706 1.0 1.0 1.0 0.794 0.66 1.0 1.0 1.0 0.755 0.69 1.0 1.0 1.0 0.969 1.62 1.0 1.0 1.0 0.724 1.0 1.0 1.0 1.0 0.719 1.0 1.0 1.0 1.0 0.961 1.0 1.0 1.0 1.0 0.998 1.0 1.0 1.0 1.0 0.911 1.0 1.0 1.0 1.0 0.949 1.0 1.0 1.0 1.0 0.995 1.0 1.0 1.0 1.0 0.691 1.0 1.0 1.0 1.0 0.963 1.0 1.0 1.0 1.0 0.906 1.0 1.0 1.0 1.0 1.248 1.0 1.0 1.0 1.0 0.727 1.0 1.0 1.0 1.0 1.652 1.0 1.0 1.0 1.0 1.518 1.0 1.0 1.0 1.0 0.678 1.0 1.0 1.0 1.0 1.0 1.0 1.0 1.0 1.0 1.0 1.0 1.0 1.0 1.0 1.0 1.0 1.0 1.0 1.0 1.0 1.0 1.0 1.0 1.0 1.0 1.0 1.0 1.0 1.0 1.0 1.0 1.0 1.0 1.0 1.0 1.0 1.0 1.0 1.0 1.0 1.0 1.0 1.0 1.0 1.0 1.0 1.0 1.0 1.0 1.0 1.0 1.0 1.0 1.0 1.0 1.0 1.0 1.0 1.0 1.0 1.0 1.0 1.0 1.0 1.0 1.0 1.0 1.0 1.0 1.0 1.0 1.0 1.0 1.0 1.0 1.0 1.0 1.0 1.0 1.0 1.0 1.0 1.0 1.0 1.0 1.0 1.0 1.0 1.0 1.0 1.0 1.0 1.0 1.0 1.0 1.0 1.0 1.0 1.0 1.0 1.0 1.0 1.0 1.0 1.0 1.0 1.0 1.0 1.0 1.0 1.0 1.0 1.0 1.0 1.0 1.0 1.0 1.0 1.0 1.0 1.0 1.0 1.0 1.0 1.0 1.0 1.0 1.0 1.0 1.0 1.0 1.0 1.0 1.0 1.0 1.0 1.0 1.0 1.188 1.031 0.843 1.079 0.85 0.929 0.914 1.121 0.938 0.786 1.325 1.338 0.912 1.131 1.29 0.909 1.034 1.352 1.144 0.869 1.312 1.092 1.357 0.89 0.853 0.962 0.919 0.891 1.164 1.257 1.233 0.872 1.034 0.713 0.783 0.937 0.868 1.031 0.862 1.277 1.069 1.053 1.114 1.305 0.663 1.057 1.163 1.083 0.839 1.147 0.997 1.173 1.15 1.122 1.146 0.816 0.725 1.085 0.975 0.645 1.032 1.122 1.191 0.746 0.698 1.087 1.081 0.68 1.18 0.963 1.219 1.253 0.909 1.259 0.769 0.985 1.117 0.749 1.139 0.779 1.153 1.136 0.938 1.233 1.118 0.675 0.984 0.918 1.219 0.992 0.775 0.654 0.872 0.697 1.098 1.09 0.659 0.735 0.858 1.325 0.747 0.664 1.419 1.158 0.826 1.084 0.952 1.0 0.962 0.923 0.78 0.665 1.0 0.742 0.781 1.008 0.722 1.0 1.164 1.0 0.709 1.322 1.0 1.437 1.0 0.731 0.727 1.0 0.873 1.0 0.701 1.354 1.0 1.068 1.0 0.757 1.06 1.0 0.891 1.0 0.874 0.865 1.0 1.134 1.0 1.118 1.198 1.0 0.774 1.0 0.969 0.866 1.0 0.852 1.0 0.972 0.763 1.0 1.0 1.0 0.785 0.854 1.0 1.0 1.0 1.017 0.704 1.0 1.0 1.0 1.127 0.722 1.0 1.0 1.0 0.93 0.752 1.0 1.0 1.0 0.871 0.745 1.0 1.0 1.0 1.076 0.992 1.0 1.0 1.0 0.926 1.0 1.0 1.0 1.0 1.014 1.0 1.0 1.0 1.0 0.919 1.0 1.0 1.0 1.0 0.892 1.0 1.0 1.0 1.0 0.842 1.0 1.0 1.0 1.0 0.777 1.0 1.0 1.0 1.0 1.37 1.0 1.0 1.0 1.0 1.354 1.0 1.0 1.0 1.0 1.417 1.0 1.0 1.0 1.0 1.102 1.0 1.0 1.0 1.0 0.761 1.0 1.0 1.0 1.0 0.81 1.0 1.0 1.0 1.0 1.547 1.0 1.0 1.0 1.0 0.683 1.0 1.0 1.0 1.0 1.0 1.0 1.0 1.0 1.0 1.0 1.0 1.0 1.0 1.0 1.0 1.0 1.0 1.0 1.0 1.0 1.0 1.0 1.0 1.0 1.0 1.0 1.0 1.0 1.0 1.0 1.0 1.0 1.0 1.0 1.0 1.0 1.0 1.0 1.0 1.0 1.0 1.0 1.0 1.0 1.0 1.0 1.0 1.0 1.0 1.0 1.0 1.0 1.0 1.0 1.0 1.0 1.0 1.0 1.0 1.0 1.0 1.0 1.0 1.0 1.0 1.0 1.0 1.0 1.0 1.0 1.0 1.0 1.0 1.0 1.0 1.0 1.0 1.0 1.0 1.0 1.0 1.0 1.0 1.0 1.0 1.0 1.0 1.0 1.0 1.0 1.0 1.0 1.0 1.0 1.0 1.0 1.0 1.0 1.0 1.0 1.0 1.0 1.0 1.0 1.0 1.0 1.0 1.0 1.0 1.0 1.0 1.0 1.0 1.0 1.0 1.0 1.0 1.0 1.0 1.0 1.0 1.0 1.0 1.0 1.188 1.002 0.843 1.079 1.069 0.834 0.915 1.278 0.958 0.781 0.909 1.022 0.921 0.965 0.935 0.798 1.023 1.152 0.872 1.366 0.865 1.165 0.963 1.071 0.979 1.101 1.17 1.154 0.76 1.093 1.029 1.079 1.15 1.368 0.773 0.703 1.115 1.266 1.371 1.197 1.143 0.833 1.259 1.101 1.342 0.868 0.794 0.762 1.151 1.145 1.271 1.185 1.013 1.13 1.292 1.318 1.211 0.988 1.268 1.331 1.232 1.093 0.947 1.019 1.21 1.284 1.233 1.198 1.289 0.943 1.254 1.328 1.044 1.292 1.301 0.949 1.267 1.177 1.302 0.742 1.318 0.629 1.208 0.898 1.254 1.316 1.295 0.9 1.306 0.778 0.628 1.262 1.169 0.759 1.125 1.048 1.232 1.032 0.708 1.289 1.319 0.696 1.207 1.098 1.294 0.955 1.004 1.142 0.725 0.757 1.357 1.297 1.137 0.761 1.259 1.229 0.812 0.982 1.31 0.862 1.221 0.82 1.014 1.332 0.837 0.997 1.362 0.921 0.769 0.764 1.396 0.784 0.913 1.146 1.356 1.17 0.822 0.967 0.933 1.309 0.908 1.403 0.987 0.755 0.711 0.684 1.0 0.962 0.641 1.0 0.67 1.0 0.951 1.0 1.0 0.692 1.0 0.805 1.0 1.0 0.715 1.0 1.03 1.0 1.0 1.225 1.0 1.048 1.0 1.0 1.673 1.0 1.327 1.0 1.0 0.81 1.0 0.974 1.0 1.0 1.688 1.0 0.803 1.0 1.0 0.873 1.0 0.793 1.0 1.0 0.92 1.0 0.791 1.0 1.0 0.774 1.0 0.788 1.0 1.0 1.0 1.0 0.852 1.0 1.0 1.0 1.0 1.357 1.0 1.0 1.0 1.0 1.247 1.0 1.0 1.0 1.0 1.058 1.0 1.0 1.0 1.0 1.029 1.0 1.0 1.0 1.0 1.029 1.0 1.0 1.0 1.0 0.999 1.0 1.0 1.0 1.0 1.067 1.0 1.0 1.0 1.0 1.099 1.0 1.0 1.0 1.0 1.088 1.0 1.0 1.0 1.0 0.871 1.0 1.0 1.0 1.0 0.875 1.0 1.0 1.0 1.0 0.891 1.0 1.0 1.0 1.0 0.958 1.0 1.0 1.0 1.0 0.984 1.0 1.0 1.0 1.0 1.042 1.0 1.0 1.0 1.0 1.054 1.0 1.0 1.0 1.0 1.079 1.0 1.0 1.0 1.0 0.805 1.0 1.0 1.0 1.0 0.976 1.0 1.0 1.0 1.0 1.08 1.0 1.0 1.0 1.0 1.106 1.0 1.0 1.0 1.0 0.818 1.0 1.0 1.0 1.0 0.818 1.0 1.0 1.0 1.0 0.883 1.0 1.0 1.0 1.0 0.825 1.0 1.0 1.0 1.0 1.051 1.0 1.0 1.0 1.0 0.857 1.0 1.0 1.0 1.0 1.043 1.0 1.0 1.0 1.0 0.894 1.0 1.0 1.0 1.0 1.08 1.0 1.0 1.0 1.0 0.804 1.0 1.0 1.0 1.0 0.805 1.0 1.0 1.0 1.0 0.781 1.0 1.0 1.0 1.0 0.652 1.0 1.0 1.0 1.0 0.771 1.0 1.0 0.955 1.194 0.951 1.172 0.972 1.284 0.914 1.279 0.787 1.097 0.816 1.026 0.928 0.761 1.346 0.9 1.145 1.148 0.802 0.949 0.872 1.091 0.725 0.874 1.006 1.117 1.181 0.82 1.18 0.911 1.048 0.77 0.822 1.309 0.965 0.829 1.072 1.1 1.118 1.295 0.839 1.202 1.23 1.254 0.726 1.327 1.187 1.033 1.212 1.352 1.342 0.745 1.185 0.692 1.168 1.166 1.011 1.209 1.193 1.353 1.265 1.207 0.704 1.352 0.714 0.846 1.215 1.26 1.325 1.039 0.953 1.249 0.898 1.034 1.348 0.881 1.204 0.885 1.409 1.177 1.256 1.236 1.209 0.649 0.995 1.001 1.0 1.301 1.307 1.215 0.881 1.0 0.968 1.207 0.758 0.995 1.0 0.95 0.907 0.763 0.874 1.0 0.765 0.71 1.185 1.073 1.0 0.703 1.029 0.797 1.017 1.0 0.932 1.519 1.057 1.108 1.0 1.023 0.715 1.081 0.875 1.0 0.866 0.725 1.179 0.839 1.0 0.942 0.711 0.736 1.243 1.0 0.894 1.269 0.814 0.94 1.0 1.093 1.004 0.822 0.967 1.0 0.74 0.996 1.022 0.972 1.0 0.979 0.72 1.004 1.163 1.0 0.922 0.972 0.71 0.915 1.0 0.952 0.945 1.0 1.14 1.0 0.713 0.932 1.0 0.963 1.0 0.812 0.917 1.0 0.775 1.0 0.97 0.782 1.0 0.783 1.0 1.0 1.224 1.0 0.844 1.0 1.0 0.867 1.0 0.778 1.0 1.0 0.909 1.0 0.848 1.0 1.0 1.403 1.0 1.124 1.0 1.0 1.408 1.0 0.806 1.0 1.0 0.718 1.0 0.689 1.0 1.0 0.772 1.0 0.768 1.0 1.0 0.765 1.0 0.707 1.0 1.0 1.125 1.0 1.0 1.0 1.0 1.138 1.0 1.0 1.0 1.0 1.02 1.0 1.0 1.0 1.0 0.759 1.0 1.0 1.0 1.0 1.0 1.0 1.0 1.0 1.0 1.0 1.0 1.0 1.0 1.0 1.0 1.0 1.0 1.0 1.0 1.0 1.0 1.0 1.0 1.0 1.0 1.0 1.0 1.0 1.0 1.0 1.0 1.0 1.0 1.0 1.0 1.0 1.0 1.0 1.0 1.0 1.0 1.0 1.0 1.0 1.0 1.0 1.0 1.0 1.0 1.0 1.0 1.0 1.0 1.0 1.0 1.0 1.0 1.0 1.0 1.0 1.0 1.0 1.0 1.0 1.0 1.0 1.0 1.0 1.0 1.0 1.0 1.0 1.0 1.0 1.0 1.0 1.0 1.0 1.0 1.0 1.0 1.0 1.0 1.0 1.0 1.0 1.0 1.0 1.0 1.0 1.0 1.0 1.0 1.0 1.0 1.0 1.0 1.0 1.0 1.0 1.0 1.0 1.0 1.0 1.0 1.0 1.0 1.0 1.0 1.0 1.0 1.0 1.0 1.0 1.0 1.0 1.0 1.0 1.0 1.0 1.0 1.0 1.0 1.0 1.0 1.0 1.0 1.0 1.0 1.0 1.0 1.0 1.0 1.0 1.0 1.0 1.0 1.0 1.0 1.0 1.0 1.0 1.0 1.0 1.0 1.0 0.88 1.031 1.19 0.961 0.972 1.025 1.284 1.114 0.965 1.092 0.901 1.32 0.955 1.057 1.343 0.787 1.026 0.736 0.783 0.97 1.354 1.346 1.161 1.079 1.134 0.78 0.784 0.732 0.653 0.787 0.825 1.062 1.163 1.086 0.826 1.096 0.816 0.856 0.678 1.041 0.765 0.744 1.027 1.196 0.78 1.149 1.092 1.342 0.704 1.013 0.959 1.074 1.041 0.98 1.071 0.723 0.832 0.867 0.71 0.865 1.191 0.732 0.968 1.0 1.285 0.786 1.316 0.97 1.0 1.137 1.033 0.77 1.115 1.0 0.687 0.754 1.128 1.091 1.0 1.099 0.873 0.869 0.911 1.0 0.984 1.197 0.847 1.007 1.0 0.885 0.747 1.124 0.847 1.0 0.712 1.155 1.094 0.967 1.0 0.73 1.185 1.004 0.979 1.0 0.86 1.168 1.066 1.042 1.0 0.853 0.732 0.873 0.943 1.0 0.746 0.867 1.135 0.934 1.0 1.387 0.828 0.757 1.046 1.0 1.06 0.882 1.229 0.932 1.0 0.717 0.764 0.994 1.336 1.0 0.809 0.782 0.745 0.93 1.0 1.0 0.769 0.963 1.04 1.0 1.0 0.909 0.985 1.0 1.0 1.0 1.221 1.074 1.001 1.0 1.0 0.911 0.863 0.76 1.0 1.0 0.843 0.991 0.923 1.0 1.0 0.728 0.978 1.36 1.0 1.0 1.0 0.769 1.367 1.0 1.0 1.0 1.303 1.276 1.0 1.0 1.0 0.756 0.83 1.0 1.0 1.0 0.88 1.01 1.0 1.0 1.0 0.873 0.942 1.0 1.0 1.0 0.865 1.019 1.0 1.0 1.0 0.91 0.909 1.0 1.0 1.0 0.887 0.864 1.0 1.0 1.0 0.893 0.653 1.0 1.0 1.0 1.024 0.884 1.0 1.0 1.0 0.943 0.671 1.0 1.0 1.0 0.836 0.637 1.0 1.0 1.0 0.89 0.771 1.0 1.0 1.0 0.989 0.645 1.0 1.0 1.0 0.948 0.799 1.0 1.0 1.0 1.059 1.0 1.0 1.0 1.0 0.72 1.0 1.0 1.0 1.0 0.712 1.0 1.0 1.0 1.0 1.119 1.0 1.0 1.0 1.0 0.666 1.0 1.0 1.0 1.0 0.677 1.0 1.0 1.0 1.0 0.7 1.0 1.0 1.0 1.0 0.806 1.0 1.0 1.0 1.0 0.768 1.0 1.0 1.0 1.0 0.781 1.0 1.0 1.0 1.0 0.737 1.0 1.0 1.0 1.0 1.0 1.0 1.0 1.0 1.0 1.0 1.0 1.0 1.0 1.0 1.0 1.0 1.0 1.0 1.0 1.0 1.0 1.0 1.0 1.0 1.0 1.0 1.0 1.0 1.0 1.0 1.0 1.0 1.0 1.0 1.0 1.0 1.0 1.0 1.0 1.0 1.0 1.0 1.0 1.0 1.0 1.0 1.0 1.0 1.0 1.0 1.0 1.0 1.0 1.0 1.0 1.0 1.0 1.0 1.0 1.0 1.0 1.0 1.0 1.0 1.0 1.0 1.0 1.0 1.0 1.0 1.0 1.0 1.0 1.0 1.0 1.0 1.0 1.0 1.0 1.0 1.0 1.0 1.0 1.188 1.194 0.969 1.079 0.85 0.929 1.29 1.296 1.116 1.273 1.32 1.032 0.946 1.143 1.297 0.807 0.86 0.923 0.734 0.811 1.056 1.042 1.184 0.873 1.069 0.828 1.255 0.886 1.343 0.805 1.195 0.632 1.001 0.727 1.075 0.864 1.156 0.811 1.045 1.054 1.028 1.278 1.143 0.963 1.164 1.127 1.244 1.155 1.295 0.694 0.776 1.113 1.094 1.151 1.235 1.183 0.661 1.054 1.083 1.268 1.048 1.258 1.193 1.354 1.072 1.046 0.656 1.227 1.036 1.202 1.179 1.382 0.7 0.788 0.715 1.212 1.205 0.705 1.278 0.707 1.127 1.001 1.276 1.245 1.0 1.275 0.645 1.299 1.297 1.0 1.268 1.257 1.083 0.672 1.0 1.093 0.932 1.243 1.236 1.0 0.98 0.799 1.274 0.677 1.0 0.929 1.247 0.975 1.082 1.0 0.966 0.94 0.939 1.059 1.0 0.978 1.364 1.413 0.831 1.0 0.996 1.355 0.882 1.178 1.0 1.241 0.993 0.709 1.058 1.0 1.198 1.369 1.309 0.978 1.0 1.176 0.765 0.728 0.7 1.0 0.966 1.387 1.283 0.799 1.0 1.254 0.609 1.251 0.689 1.0 1.235 0.74 1.237 0.788 1.0 0.655 1.073 0.986 1.041 1.0 0.662 1.3 1.292 0.76 1.0 0.669 1.3 0.719 1.0 1.0 0.682 0.64 0.843 1.0 1.0 0.794 0.724 1.0 1.0 1.0 0.791 0.836 1.0 1.0 1.0 0.779 0.856 1.0 1.0 1.0 1.043 0.704 1.0 1.0 1.0 0.853 0.755 1.0 1.0 1.0 1.079 0.782 1.0 1.0 1.0 1.101 1.0 1.0 1.0 1.0 0.842 1.0 1.0 1.0 1.0 1.496 1.0 1.0 1.0 1.0 0.773 1.0 1.0 1.0 1.0 0.919 1.0 1.0 1.0 1.0 1.269 1.0 1.0 1.0 1.0 0.871 1.0 1.0 1.0 1.0 0.843 1.0 1.0 1.0 1.0 1.0 1.0 1.0 1.0 1.0 1.0 1.0 1.0 1.0 1.0 1.0 1.0 1.0 1.0 1.0 1.0 1.0 1.0 1.0 1.0 1.0 1.0 1.0 1.0 1.0 1.0 1.0 1.0 1.0 1.0 1.0 1.0 1.0 1.0 1.0 1.0 1.0 1.0 1.0 1.0 1.0 1.0 1.0 1.0 1.0 1.0 1.0 1.0 1.0 1.0 1.0 1.0 1.0 1.0 1.0 1.0 1.0 1.0 1.0 1.0 1.0 1.0 1.0 1.0 1.0 1.0 1.0 1.0 1.0 1.0 1.0 1.0 1.0 1.0 1.0 1.0 1.0 1.0 1.0 1.0 1.0 1.0 1.0 1.0 1.0 1.0 1.0 1.0 1.0 1.0 1.0 1.0 1.0 1.0 1.0 1.0 1.0 1.0 1.0 1.0 1.0 1.0 1.0 1.0 1.0 1.0 1.0 1.0 1.0 1.0 1.0 1.0 1.0 1.0 1.0 1.0 1.0 1.0 1.0 1.0 1.0 1.0 1.0 1.0 1.0 1.0 1.0 1.0 1.0 1.0 1.0 1.0 1.0 1.0 1.0 0.88 1.002 1.19 1.079 0.85 1.279 0.915 1.117 0.787 1.279 0.997 0.768 0.919 1.282 1.127 0.904 0.757 1.142 0.755 0.921 1.134 1.316 1.144 1.013 0.845 1.124 1.044 0.722 1.077 1.201 1.116 0.809 1.149 1.12 0.92 1.166 0.862 0.719 1.112 1.259 0.879 0.937 0.992 1.311 1.078 0.801 0.893 0.884 1.101 1.074 1.173 1.168 0.905 1.272 1.059 1.14 1.002 0.984 1.059 0.704 0.756 1.153 1.025 1.143 1.117 1.154 0.799 0.838 0.964 1.354 0.772 1.126 0.882 1.031 0.665 1.148 1.157 1.006 1.0 1.22 0.76 1.11 1.093 1.0 1.195 0.774 1.129 0.809 1.0 1.257 1.107 1.098 1.14 1.0 1.364 0.827 0.827 0.965 1.0 0.736 1.048 0.694 1.133 1.0 0.959 1.02 0.697 1.027 1.0 1.069 1.112 0.981 0.741 1.0 1.066 1.275 0.781 1.217 1.0 1.5 0.834 0.836 1.056 1.0 1.128 0.965 1.086 1.272 1.0 0.713 1.278 0.774 0.928 1.0 1.539 0.944 0.877 1.289 1.0 1.083 1.069 1.114 0.789 1.0 0.885 0.832 1.189 0.757 1.0 1.085 1.293 0.933 0.774 1.0 0.743 1.026 1.299 1.044 1.0 0.875 1.0 1.308 1.306 1.0 1.103 1.0 1.359 0.779 1.0 0.904 1.0 0.913 0.875 1.0 0.684 1.0 0.976 0.718 1.0 0.862 1.0 0.778 0.759 1.0 0.926 1.0 0.758 0.686 1.0 0.979 1.0 0.743 1.489 1.0 1.768 1.0 1.0 0.696 1.0 0.787 1.0 1.0 0.698 1.0 0.935 1.0 1.0 1.245 1.0 1.0 1.0 1.0 0.701 1.0 1.0 1.0 1.0 0.988 1.0 1.0 1.0 1.0 1.662 1.0 1.0 1.0 1.0 1.0 1.0 1.0 1.0 1.0 1.0 1.0 1.0 1.0 1.0 1.0 1.0 1.0 1.0 1.0 1.0 1.0 1.0 1.0 1.0 1.0 1.0 1.0 1.0 1.0 1.0 1.0 1.0 1.0 1.0 1.0 1.0 1.0 1.0 1.0 1.0 1.0 1.0 1.0 1.0 1.0 1.0 1.0 1.0 1.0 1.0 1.0 1.0 1.0 1.0 1.0 1.0 1.0 1.0 1.0 1.0 1.0 1.0 1.0 1.0 1.0 1.0 1.0 1.0 1.0 1.0 1.0 1.0 1.0 1.0 1.0 1.0 1.0 1.0 1.0 1.0 1.0 1.0 1.0 1.0 1.0 1.0 1.0 1.0 1.0 1.0 1.0 1.0 1.0 1.0 1.0 1.0 1.0 1.0 1.0 1.0 1.0 1.0 1.0 1.0 1.0 1.0 1.0 1.0 1.0 1.0 1.0 1.0 1.0 1.0 1.0 1.0 1.0 1.0 1.0 1.0 1.0 1.0 1.0 1.0 1.0 1.0 1.0 1.0 1.0 1.0 1.0 1.0 1.0 1.0 1.0 1.0 1.0 1.0 1.0 1.0 1.0 1.0 1.0 1.0 1.0 1.0 1.0 1.0 1.0 1.0 1.0 1.0 1.0 1.0 1.0 1.0 1.0,1.7683314,0.7683314,0.60888404,0.3,0.5290938019752502,0.0003,5,3.28901
39,0.17801415920257568,0.9963663,1.016 1.032 0.95 0.967 0.951 0.922 1.284 1.126 0.781 0.777 1.035 1.324 0.919 1.138 1.008 1.339 0.74 0.707 0.889 0.885 1.031 1.09 0.892 1.36 1.073 1.023 0.734 1.309 1.036 1.114 1.078 0.735 1.07 0.812 1.164 0.869 0.837 1.247 1.068 1.168 1.116 1.097 1.02 0.697 0.694 0.975 0.732 1.115 1.279 0.973 1.2 0.732 1.122 1.277 0.723 0.881 1.055 1.118 1.06 1.08 0.83 0.86 0.751 1.183 1.0 1.19 1.123 0.695 0.762 1.0 1.06 1.126 1.098 1.168 1.0 1.243 1.415 1.124 1.169 1.0 1.316 0.871 1.357 1.04 1.0 1.266 0.855 1.19 0.669 1.0 1.099 0.697 1.055 1.111 1.0 0.993 0.853 0.738 0.775 1.0 1.271 0.691 0.822 1.166 1.0 0.96 1.08 1.0 0.768 1.0 0.722 0.792 1.0 0.764 1.0 0.715 1.097 1.0 0.784 1.0 0.692 0.969 1.0 0.806 1.0 1.047 0.972 1.0 0.743 1.0 0.725 1.183 1.0 0.719 1.0 1.012 0.923 1.0 1.105 1.0 1.183 0.976 1.0 1.138 1.0 0.651 0.705 1.0 0.951 1.0 0.651 1.168 1.0 0.791 1.0 1.112 1.102 1.0 1.04 1.0 1.615 1.085 1.0 0.932 1.0 1.0 0.923 1.0 1.0 1.0 1.0 0.937 1.0 0.791 1.0 1.0 0.948 1.0 1.129 1.0 1.0 0.82 1.0 0.839 1.0 1.0 0.721 1.0 0.779 1.0 1.0 1.062 1.0 1.0 1.0 1.0 1.673 1.0 1.0 1.0 1.0 0.894 1.0 1.0 1.0 1.0 0.758 1.0 1.0 1.0 1.0 0.763 1.0 1.0 1.0 1.0 0.767 1.0 1.0 1.0 1.0 0.802 1.0 1.0 1.0 1.0 0.789 1.0 1.0 1.0 1.0 1.0 1.0 1.0 1.0 1.0 1.0 1.0 1.0 1.0 1.0 1.0 1.0 1.0 1.0 1.0 1.0 1.0 1.0 1.0 1.0 1.0 1.0 1.0 1.0 1.0 1.0 1.0 1.0 1.0 1.0 1.0 1.0 1.0 1.0 1.0 1.0 1.0 1.0 1.0 1.0 1.0 1.0 1.0 1.0 1.0 1.0 1.0 1.0 1.0 1.0 1.0 1.0 1.0 1.0 1.0 1.0 1.0 1.0 1.0 1.0 1.0 1.0 1.0 1.0 1.0 1.0 1.0 1.0 1.0 1.0 1.0 1.0 1.0 1.0 1.0 1.0 1.0 1.0 1.0 1.0 1.0 1.0 1.0 1.0 1.0 1.0 1.0 1.0 1.0 1.0 1.0 1.0 1.0 1.0 1.0 1.0 1.0 1.0 1.0 1.0 1.0 1.0 1.0 1.0 1.0 1.0 1.0 1.0 1.0 1.0 1.0 1.0 1.0 1.0 1.0 1.0 1.0 1.0 1.0 1.0 1.0 1.0 1.0 1.0 1.0 1.0 1.0 1.0 1.0 1.0 1.0 1.0 1.0 1.0 1.0 1.0 1.0 1.0 1.0 1.0 1.0 1.0 1.0 1.0 1.0 1.0 1.0 1.0 1.0 0.986 0.949 1.084 0.967 0.951 1.288 0.913 0.929 0.791 0.947 1.008 1.038 0.973 0.766 1.16 1.08 0.761 0.893 0.753 1.023 1.0 1.051 0.978 0.849 0.818 1.187 0.826 1.196 1.085 0.728 0.75 1.273 0.863 1.061 0.758 1.208 1.184 1.072 1.292 0.74 0.719 0.778 1.221 0.618 1.206 0.755 1.018 1.045 0.702 1.214 0.733 0.784 0.76 0.751 0.665 1.212 0.79 0.857 1.241 0.668 1.109 0.954 1.138 0.614 0.986 1.002 1.111 1.117 0.684 1.162 0.934 1.052 1.09 1.23 0.691 1.067 0.995 1.039 0.61 1.17 0.961 0.971 0.723 0.625 0.703 1.0 1.136 1.159 1.007 0.77 1.0 1.047 0.715 0.662 1.192 1.0 1.047 1.354 0.937 0.988 1.0 0.86 0.637 0.664 0.689 1.0 0.877 0.943 0.893 1.0 1.0 1.076 0.924 0.94 1.0 1.0 0.861 0.857 0.933 1.0 1.0 1.141 0.73 0.896 1.0 1.0 1.031 0.681 0.656 1.0 1.0 1.189 0.632 1.244 1.0 1.0 0.922 0.817 0.833 1.0 1.0 0.878 1.268 0.765 1.0 1.0 0.919 0.937 1.0 1.0 1.0 1.229 0.698 1.0 1.0 1.0 0.785 0.665 1.0 1.0 1.0 0.745 0.682 1.0 1.0 1.0 0.975 1.63 1.0 1.0 1.0 0.714 1.0 1.0 1.0 1.0 0.708 1.0 1.0 1.0 1.0 0.968 1.0 1.0 1.0 1.0 0.99 1.0 1.0 1.0 1.0 0.907 1.0 1.0 1.0 1.0 0.942 1.0 1.0 1.0 1.0 0.991 1.0 1.0 1.0 1.0 0.692 1.0 1.0 1.0 1.0 0.954 1.0 1.0 1.0 1.0 0.896 1.0 1.0 1.0 1.0 1.251 1.0 1.0 1.0 1.0 0.719 1.0 1.0 1.0 1.0 1.675 1.0 1.0 1.0 1.0 1.526 1.0 1.0 1.0 1.0 0.681 1.0 1.0 1.0 1.0 1.0 1.0 1.0 1.0 1.0 1.0 1.0 1.0 1.0 1.0 1.0 1.0 1.0 1.0 1.0 1.0 1.0 1.0 1.0 1.0 1.0 1.0 1.0 1.0 1.0 1.0 1.0 1.0 1.0 1.0 1.0 1.0 1.0 1.0 1.0 1.0 1.0 1.0 1.0 1.0 1.0 1.0 1.0 1.0 1.0 1.0 1.0 1.0 1.0 1.0 1.0 1.0 1.0 1.0 1.0 1.0 1.0 1.0 1.0 1.0 1.0 1.0 1.0 1.0 1.0 1.0 1.0 1.0 1.0 1.0 1.0 1.0 1.0 1.0 1.0 1.0 1.0 1.0 1.0 1.0 1.0 1.0 1.0 1.0 1.0 1.0 1.0 1.0 1.0 1.0 1.0 1.0 1.0 1.0 1.0 1.0 1.0 1.0 1.0 1.0 1.0 1.0 1.0 1.0 1.0 1.0 1.0 1.0 1.0 1.0 1.0 1.0 1.0 1.0 1.0 1.0 1.0 1.0 1.0 1.0 1.0 1.0 1.0 1.0 1.0 1.0 1.0 1.0 1.0 1.0 1.0 1.0 1.0 1.0 1.191 1.032 0.84 1.082 0.847 0.929 0.914 1.124 0.937 0.782 1.33 1.343 0.911 1.135 1.292 0.909 1.035 1.355 1.149 0.867 1.317 1.093 1.36 0.889 0.851 0.964 0.92 0.89 1.168 1.259 1.237 0.871 1.036 0.708 0.775 0.939 0.866 1.033 0.86 1.281 1.068 1.055 1.109 1.308 0.655 1.059 1.165 1.077 0.837 1.141 0.994 1.167 1.158 1.127 1.14 0.813 0.719 1.079 0.978 0.639 1.03 1.128 1.186 0.741 0.693 1.087 1.085 0.676 1.188 0.962 1.224 1.247 0.906 1.264 0.766 0.982 1.118 0.75 1.134 0.776 1.156 1.137 0.935 1.239 1.111 0.667 0.983 0.909 1.228 0.99 0.773 0.649 0.87 0.693 1.091 1.092 0.655 0.737 0.855 1.326 0.741 0.664 1.418 1.165 0.821 1.082 0.95 1.0 0.961 0.922 0.777 0.665 1.0 0.738 0.774 1.005 0.717 1.0 1.17 1.0 0.701 1.317 1.0 1.45 1.0 0.729 0.722 1.0 0.867 1.0 0.694 1.363 1.0 1.067 1.0 0.75 1.06 1.0 0.883 1.0 0.87 0.861 1.0 1.126 1.0 1.122 1.203 1.0 0.779 1.0 0.966 0.862 1.0 0.844 1.0 0.972 0.759 1.0 1.0 1.0 0.786 0.849 1.0 1.0 1.0 1.014 0.708 1.0 1.0 1.0 1.13 0.721 1.0 1.0 1.0 0.926 0.747 1.0 1.0 1.0 0.875 0.745 1.0 1.0 1.0 1.074 0.991 1.0 1.0 1.0 0.934 1.0 1.0 1.0 1.0 1.011 1.0 1.0 1.0 1.0 0.912 1.0 1.0 1.0 1.0 0.884 1.0 1.0 1.0 1.0 0.834 1.0 1.0 1.0 1.0 0.774 1.0 1.0 1.0 1.0 1.369 1.0 1.0 1.0 1.0 1.355 1.0 1.0 1.0 1.0 1.425 1.0 1.0 1.0 1.0 1.096 1.0 1.0 1.0 1.0 0.762 1.0 1.0 1.0 1.0 0.805 1.0 1.0 1.0 1.0 1.563 1.0 1.0 1.0 1.0 0.671 1.0 1.0 1.0 1.0 1.0 1.0 1.0 1.0 1.0 1.0 1.0 1.0 1.0 1.0 1.0 1.0 1.0 1.0 1.0 1.0 1.0 1.0 1.0 1.0 1.0 1.0 1.0 1.0 1.0 1.0 1.0 1.0 1.0 1.0 1.0 1.0 1.0 1.0 1.0 1.0 1.0 1.0 1.0 1.0 1.0 1.0 1.0 1.0 1.0 1.0 1.0 1.0 1.0 1.0 1.0 1.0 1.0 1.0 1.0 1.0 1.0 1.0 1.0 1.0 1.0 1.0 1.0 1.0 1.0 1.0 1.0 1.0 1.0 1.0 1.0 1.0 1.0 1.0 1.0 1.0 1.0 1.0 1.0 1.0 1.0 1.0 1.0 1.0 1.0 1.0 1.0 1.0 1.0 1.0 1.0 1.0 1.0 1.0 1.0 1.0 1.0 1.0 1.0 1.0 1.0 1.0 1.0 1.0 1.0 1.0 1.0 1.0 1.0 1.0 1.0 1.0 1.0 1.0 1.0 1.0 1.0 1.0 1.0 1.0 1.191 1.002 0.84 1.082 1.072 0.83 0.915 1.281 0.957 0.777 0.909 1.022 0.92 0.964 0.934 0.794 1.023 1.157 0.87 1.369 0.862 1.167 0.963 1.076 0.975 1.104 1.171 1.158 0.755 1.099 1.034 1.085 1.154 1.372 0.769 0.698 1.122 1.269 1.375 1.207 1.15 0.83 1.262 1.108 1.346 0.866 0.789 0.758 1.158 1.151 1.282 1.187 1.009 1.139 1.297 1.304 1.22 0.991 1.273 1.337 1.243 1.094 0.943 1.024 1.219 1.295 1.242 1.204 1.284 0.943 1.266 1.316 1.046 1.298 1.296 0.947 1.279 1.183 1.297 0.742 1.333 0.629 1.214 0.896 1.264 1.301 1.286 0.895 1.311 0.778 0.627 1.27 1.172 0.759 1.127 1.049 1.24 1.033 0.705 1.292 1.333 0.697 1.212 1.099 1.298 0.951 1.005 1.144 0.723 0.759 1.345 1.293 1.14 0.763 1.268 1.235 0.811 0.981 1.317 0.859 1.226 0.82 1.014 1.339 0.832 0.995 1.369 0.925 0.771 0.765 1.413 0.786 0.917 1.142 1.363 1.172 0.822 0.964 0.931 1.305 0.902 1.411 0.986 0.748 0.713 0.682 1.0 0.96 0.645 1.0 0.671 1.0 0.944 1.0 1.0 0.694 1.0 0.797 1.0 1.0 0.718 1.0 1.038 1.0 1.0 1.216 1.0 1.058 1.0 1.0 1.699 1.0 1.339 1.0 1.0 0.803 1.0 0.972 1.0 1.0 1.713 1.0 0.795 1.0 1.0 0.865 1.0 0.784 1.0 1.0 0.909 1.0 0.781 1.0 1.0 0.775 1.0 0.778 1.0 1.0 1.0 1.0 0.842 1.0 1.0 1.0 1.0 1.371 1.0 1.0 1.0 1.0 1.258 1.0 1.0 1.0 1.0 1.066 1.0 1.0 1.0 1.0 1.024 1.0 1.0 1.0 1.0 1.023 1.0 1.0 1.0 1.0 0.994 1.0 1.0 1.0 1.0 1.07 1.0 1.0 1.0 1.0 1.11 1.0 1.0 1.0 1.0 1.102 1.0 1.0 1.0 1.0 0.874 1.0 1.0 1.0 1.0 0.866 1.0 1.0 1.0 1.0 0.879 1.0 1.0 1.0 1.0 0.966 1.0 1.0 1.0 1.0 0.979 1.0 1.0 1.0 1.0 1.036 1.0 1.0 1.0 1.0 1.058 1.0 1.0 1.0 1.0 1.083 1.0 1.0 1.0 1.0 0.79 1.0 1.0 1.0 1.0 0.969 1.0 1.0 1.0 1.0 1.084 1.0 1.0 1.0 1.0 1.117 1.0 1.0 1.0 1.0 0.806 1.0 1.0 1.0 1.0 0.809 1.0 1.0 1.0 1.0 0.871 1.0 1.0 1.0 1.0 0.817 1.0 1.0 1.0 1.0 1.044 1.0 1.0 1.0 1.0 0.842 1.0 1.0 1.0 1.0 1.05 1.0 1.0 1.0 1.0 0.882 1.0 1.0 1.0 1.0 1.093 1.0 1.0 1.0 1.0 0.792 1.0 1.0 1.0 1.0 0.804 1.0 1.0 1.0 1.0 0.772 1.0 1.0 1.0 1.0 0.655 1.0 1.0 1.0 1.0 0.762 1.0 1.0 0.956 1.197 0.95 1.173 0.972 1.288 0.913 1.282 0.784 1.1 0.812 1.027 0.928 0.757 1.35 0.9 1.147 1.153 0.799 0.948 0.869 1.094 0.72 0.872 1.007 1.119 1.177 0.817 1.186 0.907 1.05 0.768 0.819 1.313 0.967 0.829 1.077 1.103 1.121 1.298 0.84 1.196 1.236 1.262 0.722 1.322 1.195 1.036 1.213 1.357 1.338 0.744 1.19 0.687 1.172 1.168 1.016 1.212 1.199 1.358 1.262 1.202 0.7 1.365 0.709 0.848 1.209 1.265 1.33 1.039 0.952 1.259 0.895 1.033 1.354 0.886 1.199 0.882 1.419 1.182 1.252 1.245 1.215 0.646 0.994 1.0 1.0 1.312 1.313 1.218 0.881 1.0 0.966 1.209 0.755 0.993 1.0 0.946 0.904 0.76 0.867 1.0 0.765 0.71 1.181 1.073 1.0 0.703 1.029 0.795 1.017 1.0 0.927 1.523 1.058 1.112 1.0 1.021 0.714 1.08 0.882 1.0 0.863 0.727 1.175 0.835 1.0 0.938 0.709 0.735 1.241 1.0 0.892 1.265 0.809 0.938 1.0 1.082 1.002 0.817 0.966 1.0 0.74 0.994 1.02 0.971 1.0 0.973 0.722 1.005 1.167 1.0 0.921 0.97 0.709 0.911 1.0 0.953 0.945 1.0 1.143 1.0 0.713 0.931 1.0 0.961 1.0 0.809 0.914 1.0 0.774 1.0 0.963 0.787 1.0 0.785 1.0 1.0 1.23 1.0 0.839 1.0 1.0 0.863 1.0 0.774 1.0 1.0 0.907 1.0 0.841 1.0 1.0 1.412 1.0 1.125 1.0 1.0 1.409 1.0 0.798 1.0 1.0 0.724 1.0 0.694 1.0 1.0 0.764 1.0 0.758 1.0 1.0 0.756 1.0 0.712 1.0 1.0 1.126 1.0 1.0 1.0 1.0 1.139 1.0 1.0 1.0 1.0 1.011 1.0 1.0 1.0 1.0 0.749 1.0 1.0 1.0 1.0 1.0 1.0 1.0 1.0 1.0 1.0 1.0 1.0 1.0 1.0 1.0 1.0 1.0 1.0 1.0 1.0 1.0 1.0 1.0 1.0 1.0 1.0 1.0 1.0 1.0 1.0 1.0 1.0 1.0 1.0 1.0 1.0 1.0 1.0 1.0 1.0 1.0 1.0 1.0 1.0 1.0 1.0 1.0 1.0 1.0 1.0 1.0 1.0 1.0 1.0 1.0 1.0 1.0 1.0 1.0 1.0 1.0 1.0 1.0 1.0 1.0 1.0 1.0 1.0 1.0 1.0 1.0 1.0 1.0 1.0 1.0 1.0 1.0 1.0 1.0 1.0 1.0 1.0 1.0 1.0 1.0 1.0 1.0 1.0 1.0 1.0 1.0 1.0 1.0 1.0 1.0 1.0 1.0 1.0 1.0 1.0 1.0 1.0 1.0 1.0 1.0 1.0 1.0 1.0 1.0 1.0 1.0 1.0 1.0 1.0 1.0 1.0 1.0 1.0 1.0 1.0 1.0 1.0 1.0 1.0 1.0 1.0 1.0 1.0 1.0 1.0 1.0 1.0 1.0 1.0 1.0 1.0 1.0 1.0 1.0 1.0 1.0 1.0 1.0 1.0 1.0 1.0 0.877 1.032 1.192 0.96 0.972 1.026 1.288 1.117 0.965 1.095 0.901 1.325 0.954 1.06 1.348 0.783 1.027 0.731 0.778 0.969 1.359 1.35 1.166 1.084 1.137 0.775 0.78 0.728 0.646 0.783 0.823 1.062 1.168 1.087 0.822 1.1 0.813 0.854 0.673 1.044 0.761 0.74 1.027 1.199 0.775 1.154 1.094 1.345 0.7 1.018 0.952 1.076 1.041 0.978 1.078 0.717 0.831 0.866 0.706 0.859 1.198 0.726 0.969 1.0 1.287 0.783 1.319 0.97 1.0 1.144 1.032 0.764 1.118 1.0 0.682 0.749 1.129 1.093 1.0 1.105 0.87 0.87 0.913 1.0 0.987 1.191 0.843 1.006 1.0 0.881 0.743 1.125 0.841 1.0 0.71 1.16 1.096 0.962 1.0 0.733 1.179 1.003 0.986 1.0 0.854 1.173 1.065 1.043 1.0 0.846 0.731 0.875 0.937 1.0 0.75 0.863 1.135 0.928 1.0 1.397 0.836 0.753 1.047 1.0 1.054 0.891 1.23 0.926 1.0 0.715 0.762 0.991 1.345 1.0 0.801 0.778 0.743 0.924 1.0 1.0 0.768 0.959 1.041 1.0 1.0 0.906 0.993 1.006 1.0 1.0 1.215 1.078 1.007 1.0 1.0 0.922 0.856 0.751 1.0 1.0 0.839 0.991 0.917 1.0 1.0 0.724 0.978 1.369 1.0 1.0 1.0 0.761 1.377 1.0 1.0 1.0 1.311 1.285 1.0 1.0 1.0 0.748 0.822 1.0 1.0 1.0 0.873 1.019 1.0 1.0 1.0 0.865 0.936 1.0 1.0 1.0 0.857 1.013 1.0 1.0 1.0 0.902 0.917 1.0 1.0 1.0 0.881 0.857 1.0 1.0 1.0 0.886 0.656 1.0 1.0 1.0 1.028 0.875 1.0 1.0 1.0 0.944 0.668 1.0 1.0 1.0 0.829 0.638 1.0 1.0 1.0 0.897 0.762 1.0 1.0 1.0 0.984 0.648 1.0 1.0 1.0 0.949 0.789 1.0 1.0 1.0 1.047 1.0 1.0 1.0 1.0 0.719 1.0 1.0 1.0 1.0 0.714 1.0 1.0 1.0 1.0 1.107 1.0 1.0 1.0 1.0 0.671 1.0 1.0 1.0 1.0 0.682 1.0 1.0 1.0 1.0 0.705 1.0 1.0 1.0 1.0 0.798 1.0 1.0 1.0 1.0 0.758 1.0 1.0 1.0 1.0 0.772 1.0 1.0 1.0 1.0 0.725 1.0 1.0 1.0 1.0 1.0 1.0 1.0 1.0 1.0 1.0 1.0 1.0 1.0 1.0 1.0 1.0 1.0 1.0 1.0 1.0 1.0 1.0 1.0 1.0 1.0 1.0 1.0 1.0 1.0 1.0 1.0 1.0 1.0 1.0 1.0 1.0 1.0 1.0 1.0 1.0 1.0 1.0 1.0 1.0 1.0 1.0 1.0 1.0 1.0 1.0 1.0 1.0 1.0 1.0 1.0 1.0 1.0 1.0 1.0 1.0 1.0 1.0 1.0 1.0 1.0 1.0 1.0 1.0 1.0 1.0 1.0 1.0 1.0 1.0 1.0 1.0 1.0 1.0 1.0 1.0 1.0 1.0 1.0 1.191 1.197 0.968 1.082 0.847 0.929 1.294 1.3 1.119 1.275 1.324 1.032 0.945 1.147 1.3 0.803 0.857 0.922 0.729 0.808 1.056 1.045 1.186 0.871 1.069 0.824 1.257 0.885 1.346 0.802 1.198 0.623 1.002 0.722 1.079 0.863 1.163 0.806 1.047 1.059 1.03 1.283 1.15 0.965 1.16 1.128 1.235 1.162 1.301 0.69 0.771 1.116 1.1 1.157 1.238 1.185 0.658 1.058 1.075 1.264 1.052 1.262 1.203 1.359 1.067 1.05 0.65 1.239 1.039 1.205 1.181 1.397 0.698 0.784 0.713 1.22 1.207 0.703 1.29 0.704 1.127 1.001 1.271 1.252 1.0 1.285 0.642 1.294 1.31 1.0 1.277 1.251 1.089 0.67 1.0 1.094 0.931 1.253 1.245 1.0 0.981 0.795 1.285 0.677 1.0 0.927 1.241 0.976 1.087 1.0 0.964 0.939 0.936 1.053 1.0 0.977 1.374 1.414 0.825 1.0 0.996 1.365 0.877 1.185 1.0 1.247 0.991 0.713 1.053 1.0 1.204 1.378 1.318 0.976 1.0 1.18 0.76 0.732 0.697 1.0 0.964 1.397 1.28 0.8 1.0 1.262 0.606 1.247 0.691 1.0 1.242 0.736 1.238 0.79 1.0 0.656 1.073 0.98 1.038 1.0 0.663 1.29 1.286 0.758 1.0 0.671 1.309 0.723 1.0 1.0 0.685 0.639 0.838 1.0 1.0 0.791 0.718 1.0 1.0 1.0 0.787 0.828 1.0 1.0 1.0 0.775 0.848 1.0 1.0 1.0 1.041 0.707 1.0 1.0 1.0 0.852 0.754 1.0 1.0 1.0 1.079 0.776 1.0 1.0 1.0 1.101 1.0 1.0 1.0 1.0 0.851 1.0 1.0 1.0 1.0 1.508 1.0 1.0 1.0 1.0 0.774 1.0 1.0 1.0 1.0 0.912 1.0 1.0 1.0 1.0 1.263 1.0 1.0 1.0 1.0 0.862 1.0 1.0 1.0 1.0 0.837 1.0 1.0 1.0 1.0 1.0 1.0 1.0 1.0 1.0 1.0 1.0 1.0 1.0 1.0 1.0 1.0 1.0 1.0 1.0 1.0 1.0 1.0 1.0 1.0 1.0 1.0 1.0 1.0 1.0 1.0 1.0 1.0 1.0 1.0 1.0 1.0 1.0 1.0 1.0 1.0 1.0 1.0 1.0 1.0 1.0 1.0 1.0 1.0 1.0 1.0 1.0 1.0 1.0 1.0 1.0 1.0 1.0 1.0 1.0 1.0 1.0 1.0 1.0 1.0 1.0 1.0 1.0 1.0 1.0 1.0 1.0 1.0 1.0 1.0 1.0 1.0 1.0 1.0 1.0 1.0 1.0 1.0 1.0 1.0 1.0 1.0 1.0 1.0 1.0 1.0 1.0 1.0 1.0 1.0 1.0 1.0 1.0 1.0 1.0 1.0 1.0 1.0 1.0 1.0 1.0 1.0 1.0 1.0 1.0 1.0 1.0 1.0 1.0 1.0 1.0 1.0 1.0 1.0 1.0 1.0 1.0 1.0 1.0 1.0 1.0 1.0 1.0 1.0 1.0 1.0 1.0 1.0 1.0 1.0 1.0 1.0 1.0 1.0 1.0 0.877 1.002 1.192 1.082 0.847 1.284 0.915 1.121 0.784 1.282 0.997 0.763 0.918 1.284 1.131 0.902 0.752 1.146 0.751 0.921 1.133 1.32 1.148 1.014 0.842 1.124 1.044 0.717 1.08 1.203 1.116 0.806 1.153 1.114 0.919 1.172 0.859 0.713 1.119 1.261 0.874 0.937 0.991 1.307 1.082 0.794 0.888 0.884 1.109 1.078 1.179 1.169 0.906 1.267 1.062 1.143 0.999 0.982 1.065 0.697 0.747 1.159 1.024 1.147 1.121 1.159 0.796 0.836 0.96 1.359 0.768 1.131 0.881 1.029 0.661 1.153 1.163 1.006 1.0 1.226 0.76 1.116 1.099 1.0 1.202 0.775 1.134 0.809 1.0 1.259 1.111 1.102 1.142 1.0 1.373 0.823 0.824 0.965 1.0 0.733 1.049 0.69 1.138 1.0 0.955 1.02 0.694 1.029 1.0 1.06 1.115 0.978 0.736 1.0 1.057 1.272 0.784 1.22 1.0 1.515 0.838 0.833 1.051 1.0 1.129 0.962 1.088 1.27 1.0 0.715 1.277 0.778 0.927 1.0 1.556 0.94 0.875 1.286 1.0 1.081 1.069 1.114 0.793 1.0 0.877 0.83 1.193 0.755 1.0 1.073 1.299 0.928 0.774 1.0 0.744 1.023 1.297 1.038 1.0 0.867 1.0 1.314 1.311 1.0 1.092 1.0 1.366 0.785 1.0 0.896 1.0 0.906 0.869 1.0 0.688 1.0 0.971 0.719 1.0 0.853 1.0 0.784 0.764 1.0 0.918 1.0 0.764 0.684 1.0 0.97 1.0 0.744 1.492 1.0 1.797 1.0 1.0 0.694 1.0 0.777 1.0 1.0 0.699 1.0 0.924 1.0 1.0 1.249 1.0 1.0 1.0 1.0 0.69 1.0 1.0 1.0 1.0 0.979 1.0 1.0 1.0 1.0 1.682 1.0 1.0 1.0 1.0 1.0 1.0 1.0 1.0 1.0 1.0 1.0 1.0 1.0 1.0 1.0 1.0 1.0 1.0 1.0 1.0 1.0 1.0 1.0 1.0 1.0 1.0 1.0 1.0 1.0 1.0 1.0 1.0 1.0 1.0 1.0 1.0 1.0 1.0 1.0 1.0 1.0 1.0 1.0 1.0 1.0 1.0 1.0 1.0 1.0 1.0 1.0 1.0 1.0 1.0 1.0 1.0 1.0 1.0 1.0 1.0 1.0 1.0 1.0 1.0 1.0 1.0 1.0 1.0 1.0 1.0 1.0 1.0 1.0 1.0 1.0 1.0 1.0 1.0 1.0 1.0 1.0 1.0 1.0 1.0 1.0 1.0 1.0 1.0 1.0 1.0 1.0 1.0 1.0 1.0 1.0 1.0 1.0 1.0 1.0 1.0 1.0 1.0 1.0 1.0 1.0 1.0 1.0 1.0 1.0 1.0 1.0 1.0 1.0 1.0 1.0 1.0 1.0 1.0 1.0 1.0 1.0 1.0 1.0 1.0 1.0 1.0 1.0 1.0 1.0 1.0 1.0 1.0 1.0 1.0 1.0 1.0 1.0 1.0 1.0 1.0 1.0 1.0 1.0 1.0 1.0 1.0 1.0 1.0 1.0 1.0 1.0 1.0 1.0 1.0 1.0 1.0 1.0,1.7973099,0.7973099,0.60647225,0.3,0.5380917191505432,0.0003,5,3.3902345
40,0.1819910854101181,0.99625325,1.017 1.032 0.95 0.967 0.951 0.923 1.285 1.13 0.778 0.774 1.036 1.326 0.918 1.142 1.009 1.341 0.736 0.704 0.888 0.88 1.032 1.092 0.891 1.36 1.067 1.024 0.73 1.31 1.038 1.11 1.078 0.732 1.073 0.809 1.159 0.868 0.836 1.25 1.075 1.161 1.121 1.099 1.015 0.691 0.693 0.969 0.728 1.121 1.28 0.977 1.207 0.727 1.129 1.278 0.722 0.88 1.054 1.126 1.064 1.078 0.827 0.861 0.747 1.19 1.0 1.184 1.124 0.69 0.757 1.0 1.063 1.127 1.096 1.176 1.0 1.252 1.422 1.116 1.168 1.0 1.323 0.873 1.358 1.04 1.0 1.271 0.857 1.196 0.667 1.0 1.098 0.69 1.048 1.109 1.0 0.993 0.855 0.739 0.772 1.0 1.265 0.683 0.815 1.171 1.0 0.958 1.078 1.0 0.765 1.0 0.717 0.792 1.0 0.765 1.0 0.71 1.099 1.0 0.787 1.0 0.694 0.97 1.0 0.81 1.0 1.044 0.973 1.0 0.741 1.0 0.721 1.179 1.0 0.715 1.0 1.008 0.918 1.0 1.107 1.0 1.185 0.974 1.0 1.132 1.0 0.654 0.704 1.0 0.947 1.0 0.654 1.161 1.0 0.791 1.0 1.111 1.1 1.0 1.04 1.0 1.635 1.076 1.0 0.927 1.0 1.0 0.923 1.0 0.999 1.0 1.0 0.939 1.0 0.793 1.0 1.0 0.944 1.0 1.122 1.0 1.0 0.812 1.0 0.846 1.0 1.0 0.724 1.0 0.777 1.0 1.0 1.052 1.0 1.0 1.0 1.0 1.697 1.0 1.0 1.0 1.0 0.884 1.0 1.0 1.0 1.0 0.754 1.0 1.0 1.0 1.0 0.76 1.0 1.0 1.0 1.0 0.764 1.0 1.0 1.0 1.0 0.791 1.0 1.0 1.0 1.0 0.793 1.0 1.0 1.0 1.0 1.0 1.0 1.0 1.0 1.0 1.0 1.0 1.0 1.0 1.0 1.0 1.0 1.0 1.0 1.0 1.0 1.0 1.0 1.0 1.0 1.0 1.0 1.0 1.0 1.0 1.0 1.0 1.0 1.0 1.0 1.0 1.0 1.0 1.0 1.0 1.0 1.0 1.0 1.0 1.0 1.0 1.0 1.0 1.0 1.0 1.0 1.0 1.0 1.0 1.0 1.0 1.0 1.0 1.0 1.0 1.0 1.0 1.0 1.0 1.0 1.0 1.0 1.0 1.0 1.0 1.0 1.0 1.0 1.0 1.0 1.0 1.0 1.0 1.0 1.0 1.0 1.0 1.0 1.0 1.0 1.0 1.0 1.0 1.0 1.0 1.0 1.0 1.0 1.0 1.0 1.0 1.0 1.0 1.0 1.0 1.0 1.0 1.0 1.0 1.0 1.0 1.0 1.0 1.0 1.0 1.0 1.0 1.0 1.0 1.0 1.0 1.0 1.0 1.0 1.0 1.0 1.0 1.0 1.0 1.0 1.0 1.0 1.0 1.0 1.0 1.0 1.0 1.0 1.0 1.0 1.0 1.0 1.0 1.0 1.0 1.0 1.0 1.0 1.0 1.0 1.0 1.0 1.0 1.0 1.0 1.0 1.0 1.0 1.0 0.986 0.949 1.086 0.967 0.951 1.291 0.913 0.928 0.788 0.946 1.008 1.039 0.972 0.763 1.162 1.082 0.757 0.893 0.75 1.022 1.002 1.052 0.977 0.847 0.813 1.181 0.824 1.198 1.088 0.722 0.749 1.276 0.862 1.066 0.754 1.2 1.184 1.075 1.296 0.736 0.716 0.773 1.224 0.609 1.204 0.754 1.013 1.048 0.697 1.213 0.731 0.78 0.755 0.745 0.661 1.206 0.786 0.849 1.251 0.664 1.11 0.955 1.143 0.609 0.988 1.003 1.115 1.122 0.682 1.167 0.933 1.052 1.082 1.238 0.688 1.067 0.998 1.04 0.606 1.175 0.961 0.973 0.718 0.621 0.701 1.0 1.143 1.159 0.996 0.771 1.0 1.045 0.71 0.66 1.198 1.0 1.046 1.358 0.935 0.978 1.0 0.854 0.632 0.663 0.687 1.0 0.871 0.93 0.889 1.0 1.0 1.078 0.918 0.936 1.0 1.0 0.857 0.85 0.928 1.0 1.0 1.144 0.727 0.891 1.0 1.0 1.03 0.677 0.653 1.0 1.0 1.193 0.632 1.248 1.0 1.0 0.917 0.809 0.826 1.0 1.0 0.871 1.272 0.769 1.0 1.0 0.914 0.924 1.0 1.0 1.0 1.237 0.689 1.0 1.0 1.0 0.776 0.67 1.0 1.0 1.0 0.736 0.673 1.0 1.0 1.0 0.983 1.64 1.0 1.0 1.0 0.704 1.0 1.0 1.0 1.0 0.698 1.0 1.0 1.0 1.0 0.974 1.0 1.0 1.0 1.0 0.983 1.0 1.0 1.0 1.0 0.903 1.0 1.0 1.0 1.0 0.934 1.0 1.0 1.0 1.0 0.986 1.0 1.0 1.0 1.0 0.694 1.0 1.0 1.0 1.0 0.944 1.0 1.0 1.0 1.0 0.886 1.0 1.0 1.0 1.0 1.252 1.0 1.0 1.0 1.0 0.712 1.0 1.0 1.0 1.0 1.698 1.0 1.0 1.0 1.0 1.534 1.0 1.0 1.0 1.0 0.684 1.0 1.0 1.0 1.0 1.0 1.0 1.0 1.0 1.0 1.0 1.0 1.0 1.0 1.0 1.0 1.0 1.0 1.0 1.0 1.0 1.0 1.0 1.0 1.0 1.0 1.0 1.0 1.0 1.0 1.0 1.0 1.0 1.0 1.0 1.0 1.0 1.0 1.0 1.0 1.0 1.0 1.0 1.0 1.0 1.0 1.0 1.0 1.0 1.0 1.0 1.0 1.0 1.0 1.0 1.0 1.0 1.0 1.0 1.0 1.0 1.0 1.0 1.0 1.0 1.0 1.0 1.0 1.0 1.0 1.0 1.0 1.0 1.0 1.0 1.0 1.0 1.0 1.0 1.0 1.0 1.0 1.0 1.0 1.0 1.0 1.0 1.0 1.0 1.0 1.0 1.0 1.0 1.0 1.0 1.0 1.0 1.0 1.0 1.0 1.0 1.0 1.0 1.0 1.0 1.0 1.0 1.0 1.0 1.0 1.0 1.0 1.0 1.0 1.0 1.0 1.0 1.0 1.0 1.0 1.0 1.0 1.0 1.0 1.0 1.0 1.0 1.0 1.0 1.0 1.0 1.0 1.0 1.0 1.0 1.0 1.0 1.0 1.0 1.193 1.032 0.837 1.084 0.845 0.93 0.914 1.128 0.937 0.779 1.333 1.346 0.911 1.139 1.293 0.91 1.036 1.356 1.153 0.866 1.32 1.094 1.36 0.888 0.849 0.967 0.921 0.888 1.173 1.261 1.239 0.87 1.038 0.704 0.768 0.941 0.864 1.035 0.859 1.284 1.067 1.057 1.103 1.309 0.648 1.061 1.166 1.07 0.836 1.135 0.991 1.161 1.166 1.132 1.133 0.81 0.712 1.072 0.982 0.633 1.027 1.135 1.183 0.737 0.689 1.087 1.09 0.672 1.196 0.96 1.227 1.241 0.903 1.268 0.763 0.978 1.12 0.751 1.129 0.773 1.159 1.14 0.932 1.243 1.103 0.66 0.983 0.9 1.238 0.988 0.771 0.643 0.868 0.689 1.083 1.093 0.651 0.74 0.853 1.329 0.735 0.665 1.418 1.172 0.815 1.08 0.948 1.0 0.961 0.921 0.775 0.665 1.0 0.734 0.767 1.002 0.712 1.0 1.176 1.0 0.695 1.311 1.0 1.463 1.0 0.726 0.717 1.0 0.86 1.0 0.687 1.372 1.0 1.065 1.0 0.743 1.058 1.0 0.874 1.0 0.867 0.857 1.0 1.117 1.0 1.125 1.208 1.0 0.784 1.0 0.963 0.857 1.0 0.834 1.0 0.972 0.754 1.0 1.0 1.0 0.788 0.844 1.0 1.0 1.0 1.011 0.712 1.0 1.0 1.0 1.133 0.72 1.0 1.0 1.0 0.923 0.742 1.0 1.0 1.0 0.88 0.745 1.0 1.0 1.0 1.071 0.989 1.0 1.0 1.0 0.941 1.0 1.0 1.0 1.0 1.007 1.0 1.0 1.0 1.0 0.905 1.0 1.0 1.0 1.0 0.876 1.0 1.0 1.0 1.0 0.827 1.0 1.0 1.0 1.0 0.771 1.0 1.0 1.0 1.0 1.368 1.0 1.0 1.0 1.0 1.355 1.0 1.0 1.0 1.0 1.434 1.0 1.0 1.0 1.0 1.089 1.0 1.0 1.0 1.0 0.764 1.0 1.0 1.0 1.0 0.799 1.0 1.0 1.0 1.0 1.578 1.0 1.0 1.0 1.0 0.659 1.0 1.0 1.0 1.0 1.0 1.0 1.0 1.0 1.0 1.0 1.0 1.0 1.0 1.0 1.0 1.0 1.0 1.0 1.0 1.0 1.0 1.0 1.0 1.0 1.0 1.0 1.0 1.0 1.0 1.0 1.0 1.0 1.0 1.0 1.0 1.0 1.0 1.0 1.0 1.0 1.0 1.0 1.0 1.0 1.0 1.0 1.0 1.0 1.0 1.0 1.0 1.0 1.0 1.0 1.0 1.0 1.0 1.0 1.0 1.0 1.0 1.0 1.0 1.0 1.0 1.0 1.0 1.0 1.0 1.0 1.0 1.0 1.0 1.0 1.0 1.0 1.0 1.0 1.0 1.0 1.0 1.0 1.0 1.0 1.0 1.0 1.0 1.0 1.0 1.0 1.0 1.0 1.0 1.0 1.0 1.0 1.0 1.0 1.0 1.0 1.0 1.0 1.0 1.0 1.0 1.0 1.0 1.0 1.0 1.0 1.0 1.0 1.0 1.0 1.0 1.0 1.0 1.0 1.0 1.0 1.0 1.0 1.0 1.0 1.193 1.003 0.837 1.084 1.074 0.827 0.915 1.282 0.957 0.774 0.91 1.023 0.919 0.964 0.934 0.791 1.024 1.162 0.868 1.371 0.861 1.168 0.963 1.081 0.97 1.107 1.17 1.162 0.751 1.106 1.039 1.092 1.157 1.375 0.765 0.692 1.129 1.271 1.378 1.217 1.158 0.827 1.264 1.115 1.347 0.863 0.785 0.754 1.164 1.158 1.293 1.189 1.005 1.147 1.304 1.289 1.229 0.995 1.28 1.345 1.255 1.094 0.938 1.029 1.229 1.306 1.251 1.21 1.281 0.943 1.278 1.304 1.049 1.306 1.292 0.944 1.291 1.188 1.294 0.742 1.348 0.628 1.221 0.894 1.274 1.285 1.275 0.889 1.317 0.777 0.626 1.278 1.175 0.758 1.127 1.048 1.249 1.035 0.704 1.296 1.348 0.697 1.216 1.099 1.302 0.948 1.006 1.145 0.721 0.76 1.333 1.288 1.142 0.765 1.277 1.24 0.81 0.98 1.325 0.855 1.231 0.82 1.014 1.348 0.828 0.993 1.376 0.93 0.774 0.766 1.429 0.788 0.921 1.138 1.371 1.173 0.823 0.962 0.928 1.303 0.896 1.42 0.984 0.74 0.715 0.68 1.0 0.958 0.648 1.0 0.673 1.0 0.937 1.0 1.0 0.697 1.0 0.789 1.0 1.0 0.722 1.0 1.047 1.0 1.0 1.206 1.0 1.067 1.0 1.0 1.725 1.0 1.35 1.0 1.0 0.795 1.0 0.97 1.0 1.0 1.739 1.0 0.786 1.0 1.0 0.856 1.0 0.775 1.0 1.0 0.898 1.0 0.772 1.0 1.0 0.777 1.0 0.769 1.0 1.0 1.0 1.0 0.831 1.0 1.0 1.0 1.0 1.384 1.0 1.0 1.0 1.0 1.269 1.0 1.0 1.0 1.0 1.075 1.0 1.0 1.0 1.0 1.019 1.0 1.0 1.0 1.0 1.018 1.0 1.0 1.0 1.0 0.988 1.0 1.0 1.0 1.0 1.074 1.0 1.0 1.0 1.0 1.12 1.0 1.0 1.0 1.0 1.117 1.0 1.0 1.0 1.0 0.877 1.0 1.0 1.0 1.0 0.857 1.0 1.0 1.0 1.0 0.867 1.0 1.0 1.0 1.0 0.975 1.0 1.0 1.0 1.0 0.974 1.0 1.0 1.0 1.0 1.028 1.0 1.0 1.0 1.0 1.062 1.0 1.0 1.0 1.0 1.087 1.0 1.0 1.0 1.0 0.775 1.0 1.0 1.0 1.0 0.963 1.0 1.0 1.0 1.0 1.087 1.0 1.0 1.0 1.0 1.128 1.0 1.0 1.0 1.0 0.793 1.0 1.0 1.0 1.0 0.801 1.0 1.0 1.0 1.0 0.859 1.0 1.0 1.0 1.0 0.809 1.0 1.0 1.0 1.0 1.037 1.0 1.0 1.0 1.0 0.827 1.0 1.0 1.0 1.0 1.056 1.0 1.0 1.0 1.0 0.87 1.0 1.0 1.0 1.0 1.107 1.0 1.0 1.0 1.0 0.78 1.0 1.0 1.0 1.0 0.804 1.0 1.0 1.0 1.0 0.763 1.0 1.0 1.0 1.0 0.659 1.0 1.0 1.0 1.0 0.752 1.0 1.0 0.956 1.199 0.95 1.174 0.972 1.291 0.913 1.284 0.781 1.103 0.809 1.028 0.927 0.753 1.352 0.901 1.148 1.157 0.797 0.948 0.866 1.097 0.717 0.871 1.008 1.12 1.172 0.815 1.192 0.902 1.051 0.766 0.816 1.315 0.969 0.829 1.082 1.106 1.124 1.3 0.841 1.189 1.241 1.27 0.719 1.317 1.204 1.039 1.213 1.36 1.333 0.743 1.196 0.683 1.176 1.17 1.02 1.214 1.205 1.362 1.258 1.199 0.695 1.377 0.705 0.85 1.202 1.269 1.334 1.04 0.951 1.27 0.893 1.032 1.359 0.891 1.194 0.88 1.429 1.187 1.248 1.255 1.221 0.643 0.992 0.999 1.0 1.324 1.318 1.22 0.88 1.0 0.965 1.212 0.753 0.991 1.0 0.943 0.9 0.758 0.86 1.0 0.764 0.711 1.177 1.072 1.0 0.704 1.027 0.794 1.018 1.0 0.922 1.528 1.059 1.115 1.0 1.018 0.713 1.079 0.888 1.0 0.86 0.728 1.172 0.83 1.0 0.934 0.708 0.734 1.24 1.0 0.89 1.262 0.804 0.936 1.0 1.072 1.0 0.812 0.965 1.0 0.74 0.992 1.017 0.969 1.0 0.967 0.723 1.005 1.171 1.0 0.921 0.967 0.708 0.907 1.0 0.953 0.945 1.0 1.146 1.0 0.714 0.93 1.0 0.959 1.0 0.806 0.911 1.0 0.772 1.0 0.956 0.791 1.0 0.787 1.0 1.0 1.236 1.0 0.834 1.0 1.0 0.858 1.0 0.772 1.0 1.0 0.904 1.0 0.834 1.0 1.0 1.421 1.0 1.125 1.0 1.0 1.411 1.0 0.79 1.0 1.0 0.729 1.0 0.698 1.0 1.0 0.755 1.0 0.747 1.0 1.0 0.747 1.0 0.717 1.0 1.0 1.126 1.0 1.0 1.0 1.0 1.138 1.0 1.0 1.0 1.0 1.001 1.0 1.0 1.0 1.0 0.738 1.0 1.0 1.0 1.0 1.0 1.0 1.0 1.0 1.0 1.0 1.0 1.0 1.0 1.0 1.0 1.0 1.0 1.0 1.0 1.0 1.0 1.0 1.0 1.0 1.0 1.0 1.0 1.0 1.0 1.0 1.0 1.0 1.0 1.0 1.0 1.0 1.0 1.0 1.0 1.0 1.0 1.0 1.0 1.0 1.0 1.0 1.0 1.0 1.0 1.0 1.0 1.0 1.0 1.0 1.0 1.0 1.0 1.0 1.0 1.0 1.0 1.0 1.0 1.0 1.0 1.0 1.0 1.0 1.0 1.0 1.0 1.0 1.0 1.0 1.0 1.0 1.0 1.0 1.0 1.0 1.0 1.0 1.0 1.0 1.0 1.0 1.0 1.0 1.0 1.0 1.0 1.0 1.0 1.0 1.0 1.0 1.0 1.0 1.0 1.0 1.0 1.0 1.0 1.0 1.0 1.0 1.0 1.0 1.0 1.0 1.0 1.0 1.0 1.0 1.0 1.0 1.0 1.0 1.0 1.0 1.0 1.0 1.0 1.0 1.0 1.0 1.0 1.0 1.0 1.0 1.0 1.0 1.0 1.0 1.0 1.0 1.0 1.0 1.0 1.0 1.0 1.0 1.0 1.0 1.0 1.0 0.875 1.032 1.193 0.96 0.972 1.026 1.29 1.121 0.965 1.098 0.901 1.327 0.953 1.063 1.35 0.78 1.028 0.728 0.773 0.969 1.361 1.352 1.171 1.09 1.14 0.772 0.777 0.724 0.639 0.781 0.821 1.063 1.174 1.089 0.819 1.104 0.81 0.852 0.669 1.047 0.757 0.736 1.028 1.201 0.77 1.16 1.094 1.346 0.696 1.023 0.944 1.077 1.042 0.975 1.086 0.711 0.83 0.866 0.703 0.853 1.206 0.72 0.971 1.0 1.288 0.781 1.319 0.971 1.0 1.151 1.032 0.759 1.12 1.0 0.677 0.745 1.13 1.094 1.0 1.111 0.867 0.871 0.916 1.0 0.989 1.184 0.839 1.005 1.0 0.877 0.74 1.126 0.835 1.0 0.709 1.163 1.097 0.957 1.0 0.736 1.173 1.003 0.992 1.0 0.848 1.177 1.063 1.044 1.0 0.84 0.73 0.878 0.931 1.0 0.754 0.859 1.135 0.923 1.0 1.408 0.843 0.75 1.049 1.0 1.047 0.899 1.23 0.92 1.0 0.713 0.761 0.988 1.351 1.0 0.793 0.775 0.74 0.918 1.0 1.0 0.767 0.955 1.043 1.0 1.0 0.902 1.001 1.013 1.0 1.0 1.208 1.082 1.014 1.0 1.0 0.934 0.848 0.744 1.0 1.0 0.833 0.99 0.911 1.0 1.0 0.72 0.977 1.376 1.0 1.0 1.0 0.754 1.384 1.0 1.0 1.0 1.317 1.292 1.0 1.0 1.0 0.74 0.815 1.0 1.0 1.0 0.865 1.027 1.0 1.0 1.0 0.857 0.93 1.0 1.0 1.0 0.85 1.008 1.0 1.0 1.0 0.894 0.926 1.0 1.0 1.0 0.874 0.849 1.0 1.0 1.0 0.879 0.659 1.0 1.0 1.0 1.032 0.865 1.0 1.0 1.0 0.946 0.666 1.0 1.0 1.0 0.822 0.64 1.0 1.0 1.0 0.904 0.753 1.0 1.0 1.0 0.98 0.651 1.0 1.0 1.0 0.95 0.778 1.0 1.0 1.0 1.035 1.0 1.0 1.0 1.0 0.719 1.0 1.0 1.0 1.0 0.717 1.0 1.0 1.0 1.0 1.094 1.0 1.0 1.0 1.0 0.675 1.0 1.0 1.0 1.0 0.687 1.0 1.0 1.0 1.0 0.711 1.0 1.0 1.0 1.0 0.789 1.0 1.0 1.0 1.0 0.747 1.0 1.0 1.0 1.0 0.762 1.0 1.0 1.0 1.0 0.714 1.0 1.0 1.0 1.0 1.0 1.0 1.0 1.0 1.0 1.0 1.0 1.0 1.0 1.0 1.0 1.0 1.0 1.0 1.0 1.0 1.0 1.0 1.0 1.0 1.0 1.0 1.0 1.0 1.0 1.0 1.0 1.0 1.0 1.0 1.0 1.0 1.0 1.0 1.0 1.0 1.0 1.0 1.0 1.0 1.0 1.0 1.0 1.0 1.0 1.0 1.0 1.0 1.0 1.0 1.0 1.0 1.0 1.0 1.0 1.0 1.0 1.0 1.0 1.0 1.0 1.0 1.0 1.0 1.0 1.0 1.0 1.0 1.0 1.0 1.0 1.0 1.0 1.0 1.0 1.0 1.0 1.0 1.0 1.193 1.199 0.968 1.084 0.845 0.93 1.297 1.302 1.123 1.276 1.327 1.033 0.944 1.152 1.3 0.8 0.856 0.922 0.726 0.806 1.056 1.049 1.186 0.87 1.068 0.821 1.257 0.885 1.345 0.799 1.199 0.615 1.005 0.719 1.083 0.863 1.171 0.8 1.049 1.064 1.033 1.285 1.159 0.968 1.157 1.128 1.225 1.17 1.306 0.686 0.767 1.12 1.107 1.163 1.239 1.186 0.654 1.062 1.067 1.261 1.057 1.264 1.214 1.362 1.061 1.055 0.643 1.25 1.041 1.206 1.182 1.412 0.696 0.78 0.711 1.229 1.209 0.701 1.302 0.702 1.127 1.002 1.267 1.259 1.0 1.295 0.639 1.291 1.322 1.0 1.287 1.245 1.095 0.669 1.0 1.096 0.931 1.263 1.254 1.0 0.982 0.79 1.296 0.676 1.0 0.926 1.235 0.976 1.091 1.0 0.961 0.938 0.932 1.046 1.0 0.976 1.384 1.416 0.819 1.0 0.996 1.375 0.872 1.192 1.0 1.253 0.99 0.717 1.047 1.0 1.211 1.387 1.326 0.973 1.0 1.184 0.756 0.736 0.695 1.0 0.963 1.406 1.278 0.803 1.0 1.271 0.604 1.244 0.693 1.0 1.25 0.732 1.241 0.792 1.0 0.656 1.073 0.974 1.034 1.0 0.664 1.279 1.282 0.755 1.0 0.673 1.318 0.727 1.0 1.0 0.688 0.639 0.834 1.0 1.0 0.788 0.714 1.0 1.0 1.0 0.783 0.82 1.0 1.0 1.0 0.772 0.84 1.0 1.0 1.0 1.04 0.711 1.0 1.0 1.0 0.85 0.754 1.0 1.0 1.0 1.08 0.772 1.0 1.0 1.0 1.101 1.0 1.0 1.0 1.0 0.859 1.0 1.0 1.0 1.0 1.521 1.0 1.0 1.0 1.0 0.776 1.0 1.0 1.0 1.0 0.906 1.0 1.0 1.0 1.0 1.257 1.0 1.0 1.0 1.0 0.853 1.0 1.0 1.0 1.0 0.831 1.0 1.0 1.0 1.0 1.0 1.0 1.0 1.0 1.0 1.0 1.0 1.0 1.0 1.0 1.0 1.0 1.0 1.0 1.0 1.0 1.0 1.0 1.0 1.0 1.0 1.0 1.0 1.0 1.0 1.0 1.0 1.0 1.0 1.0 1.0 1.0 1.0 1.0 1.0 1.0 1.0 1.0 1.0 1.0 1.0 1.0 1.0 1.0 1.0 1.0 1.0 1.0 1.0 1.0 1.0 1.0 1.0 1.0 1.0 1.0 1.0 1.0 1.0 1.0 1.0 1.0 1.0 1.0 1.0 1.0 1.0 1.0 1.0 1.0 1.0 1.0 1.0 1.0 1.0 1.0 1.0 1.0 1.0 1.0 1.0 1.0 1.0 1.0 1.0 1.0 1.0 1.0 1.0 1.0 1.0 1.0 1.0 1.0 1.0 1.0 1.0 1.0 1.0 1.0 1.0 1.0 1.0 1.0 1.0 1.0 1.0 1.0 1.0 1.0 1.0 1.0 1.0 1.0 1.0 1.0 1.0 1.0 1.0 1.0 1.0 1.0 1.0 1.0 1.0 1.0 1.0 1.0 1.0 1.0 1.0 1.0 1.0 1.0 1.0 0.875 1.003 1.193 1.084 0.845 1.286 0.915 1.125 0.781 1.283 0.997 0.759 0.917 1.283 1.135 0.901 0.748 1.151 0.748 0.92 1.132 1.322 1.153 1.015 0.841 1.122 1.043 0.713 1.084 1.204 1.115 0.804 1.158 1.108 0.919 1.177 0.858 0.708 1.126 1.262 0.869 0.938 0.99 1.301 1.086 0.787 0.882 0.884 1.116 1.082 1.186 1.168 0.907 1.261 1.066 1.144 0.995 0.981 1.071 0.69 0.739 1.165 1.023 1.15 1.126 1.165 0.793 0.834 0.956 1.361 0.764 1.137 0.881 1.026 0.657 1.159 1.17 1.007 1.0 1.233 0.759 1.122 1.106 1.0 1.21 0.775 1.139 0.808 1.0 1.26 1.115 1.104 1.143 1.0 1.383 0.82 0.821 0.965 1.0 0.731 1.05 0.687 1.143 1.0 0.951 1.02 0.691 1.03 1.0 1.05 1.118 0.975 0.732 1.0 1.047 1.269 0.787 1.223 1.0 1.532 0.843 0.83 1.046 1.0 1.13 0.959 1.09 1.269 1.0 0.717 1.275 0.781 0.926 1.0 1.575 0.936 0.873 1.285 1.0 1.078 1.068 1.115 0.797 1.0 0.869 0.828 1.196 0.754 1.0 1.062 1.305 0.924 0.774 1.0 0.746 1.02 1.295 1.032 1.0 0.858 1.0 1.32 1.316 1.0 1.08 1.0 1.374 0.79 1.0 0.888 1.0 0.9 0.862 1.0 0.691 1.0 0.965 0.72 1.0 0.843 1.0 0.789 0.77 1.0 0.91 1.0 0.769 0.684 1.0 0.96 1.0 0.745 1.496 1.0 1.827 1.0 1.0 0.693 1.0 0.766 1.0 1.0 0.701 1.0 0.912 1.0 1.0 1.251 1.0 1.0 1.0 1.0 0.679 1.0 1.0 1.0 1.0 0.97 1.0 1.0 1.0 1.0 1.702 1.0 1.0 1.0 1.0 1.0 1.0 1.0 1.0 1.0 1.0 1.0 1.0 1.0 1.0 1.0 1.0 1.0 1.0 1.0 1.0 1.0 1.0 1.0 1.0 1.0 1.0 1.0 1.0 1.0 1.0 1.0 1.0 1.0 1.0 1.0 1.0 1.0 1.0 1.0 1.0 1.0 1.0 1.0 1.0 1.0 1.0 1.0 1.0 1.0 1.0 1.0 1.0 1.0 1.0 1.0 1.0 1.0 1.0 1.0 1.0 1.0 1.0 1.0 1.0 1.0 1.0 1.0 1.0 1.0 1.0 1.0 1.0 1.0 1.0 1.0 1.0 1.0 1.0 1.0 1.0 1.0 1.0 1.0 1.0 1.0 1.0 1.0 1.0 1.0 1.0 1.0 1.0 1.0 1.0 1.0 1.0 1.0 1.0 1.0 1.0 1.0 1.0 1.0 1.0 1.0 1.0 1.0 1.0 1.0 1.0 1.0 1.0 1.0 1.0 1.0 1.0 1.0 1.0 1.0 1.0 1.0 1.0 1.0 1.0 1.0 1.0 1.0 1.0 1.0 1.0 1.0 1.0 1.0 1.0 1.0 1.0 1.0 1.0 1.0 1.0 1.0 1.0 1.0 1.0 1.0 1.0 1.0 1.0 1.0 1.0 1.0 1.0 1.0 1.0 1.0 1.0 1.0,1.8270905,0.8270905,0.6043952,0.3,0.546782374382019,0.0003,5,3.4947388
41,0.18586045503616333,0.9961402,1.017 1.033 0.95 0.968 0.95 0.924 1.285 1.135 0.776 0.772 1.037 1.325 0.918 1.147 1.01 1.341 0.734 0.701 0.888 0.874 1.034 1.094 0.89 1.357 1.063 1.025 0.728 1.308 1.041 1.107 1.079 0.73 1.077 0.807 1.156 0.868 0.836 1.254 1.082 1.154 1.125 1.102 1.007 0.683 0.691 0.962 0.725 1.127 1.28 0.98 1.215 0.724 1.135 1.277 0.721 0.878 1.054 1.133 1.07 1.076 0.825 0.864 0.744 1.198 1.0 1.178 1.126 0.686 0.75 1.0 1.067 1.129 1.093 1.183 1.0 1.261 1.426 1.11 1.165 1.0 1.329 0.876 1.36 1.04 1.0 1.275 0.86 1.201 0.666 1.0 1.095 0.684 1.042 1.107 1.0 0.993 0.857 0.74 0.768 1.0 1.26 0.677 0.809 1.175 1.0 0.957 1.075 1.0 0.762 1.0 0.714 0.793 1.0 0.767 1.0 0.706 1.101 1.0 0.79 1.0 0.696 0.972 1.0 0.813 1.0 1.04 0.975 1.0 0.738 1.0 0.717 1.175 1.0 0.711 1.0 1.004 0.912 1.0 1.109 1.0 1.186 0.974 1.0 1.127 1.0 0.657 0.703 1.0 0.943 1.0 0.658 1.155 1.0 0.79 1.0 1.108 1.098 1.0 1.04 1.0 1.653 1.068 1.0 0.921 1.0 1.0 0.922 1.0 0.997 1.0 1.0 0.94 1.0 0.795 1.0 1.0 0.94 1.0 1.117 1.0 1.0 0.803 1.0 0.853 1.0 1.0 0.726 1.0 0.776 1.0 1.0 1.043 1.0 1.0 1.0 1.0 1.721 1.0 1.0 1.0 1.0 0.873 1.0 1.0 1.0 1.0 0.751 1.0 1.0 1.0 1.0 0.757 1.0 1.0 1.0 1.0 0.761 1.0 1.0 1.0 1.0 0.78 1.0 1.0 1.0 1.0 0.798 1.0 1.0 1.0 1.0 1.0 1.0 1.0 1.0 1.0 1.0 1.0 1.0 1.0 1.0 1.0 1.0 1.0 1.0 1.0 1.0 1.0 1.0 1.0 1.0 1.0 1.0 1.0 1.0 1.0 1.0 1.0 1.0 1.0 1.0 1.0 1.0 1.0 1.0 1.0 1.0 1.0 1.0 1.0 1.0 1.0 1.0 1.0 1.0 1.0 1.0 1.0 1.0 1.0 1.0 1.0 1.0 1.0 1.0 1.0 1.0 1.0 1.0 1.0 1.0 1.0 1.0 1.0 1.0 1.0 1.0 1.0 1.0 1.0 1.0 1.0 1.0 1.0 1.0 1.0 1.0 1.0 1.0 1.0 1.0 1.0 1.0 1.0 1.0 1.0 1.0 1.0 1.0 1.0 1.0 1.0 1.0 1.0 1.0 1.0 1.0 1.0 1.0 1.0 1.0 1.0 1.0 1.0 1.0 1.0 1.0 1.0 1.0 1.0 1.0 1.0 1.0 1.0 1.0 1.0 1.0 1.0 1.0 1.0 1.0 1.0 1.0 1.0 1.0 1.0 1.0 1.0 1.0 1.0 1.0 1.0 1.0 1.0 1.0 1.0 1.0 1.0 1.0 1.0 1.0 1.0 1.0 1.0 1.0 1.0 1.0 1.0 1.0 1.0 0.986 0.95 1.089 0.968 0.95 1.291 0.914 0.928 0.786 0.946 1.008 1.04 0.972 0.762 1.164 1.084 0.755 0.893 0.748 1.018 1.003 1.054 0.977 0.846 0.807 1.176 0.823 1.2 1.091 0.715 0.747 1.275 0.862 1.071 0.751 1.194 1.182 1.077 1.3 0.732 0.714 0.769 1.227 0.601 1.204 0.753 1.007 1.053 0.693 1.212 0.73 0.776 0.75 0.739 0.657 1.2 0.782 0.841 1.26 0.66 1.109 0.957 1.147 0.604 0.99 1.005 1.12 1.126 0.68 1.171 0.931 1.051 1.075 1.246 0.685 1.066 1.002 1.041 0.602 1.18 0.961 0.977 0.713 0.617 0.698 1.0 1.149 1.159 0.987 0.772 1.0 1.043 0.707 0.659 1.202 1.0 1.044 1.363 0.933 0.967 1.0 0.848 0.628 0.662 0.686 1.0 0.865 0.919 0.885 1.0 1.0 1.081 0.912 0.931 1.0 1.0 0.851 0.842 0.923 1.0 1.0 1.147 0.725 0.886 1.0 1.0 1.031 0.674 0.65 1.0 1.0 1.198 0.633 1.25 1.0 1.0 0.912 0.8 0.818 1.0 1.0 0.865 1.274 0.773 1.0 1.0 0.909 0.912 1.0 1.0 1.0 1.243 0.68 1.0 1.0 1.0 0.769 0.674 1.0 1.0 1.0 0.728 0.664 1.0 1.0 1.0 0.99 1.651 1.0 1.0 1.0 0.696 1.0 1.0 1.0 1.0 0.69 1.0 1.0 1.0 1.0 0.982 1.0 1.0 1.0 1.0 0.975 1.0 1.0 1.0 1.0 0.897 1.0 1.0 1.0 1.0 0.926 1.0 1.0 1.0 1.0 0.981 1.0 1.0 1.0 1.0 0.696 1.0 1.0 1.0 1.0 0.934 1.0 1.0 1.0 1.0 0.875 1.0 1.0 1.0 1.0 1.252 1.0 1.0 1.0 1.0 0.703 1.0 1.0 1.0 1.0 1.721 1.0 1.0 1.0 1.0 1.542 1.0 1.0 1.0 1.0 0.688 1.0 1.0 1.0 1.0 1.0 1.0 1.0 1.0 1.0 1.0 1.0 1.0 1.0 1.0 1.0 1.0 1.0 1.0 1.0 1.0 1.0 1.0 1.0 1.0 1.0 1.0 1.0 1.0 1.0 1.0 1.0 1.0 1.0 1.0 1.0 1.0 1.0 1.0 1.0 1.0 1.0 1.0 1.0 1.0 1.0 1.0 1.0 1.0 1.0 1.0 1.0 1.0 1.0 1.0 1.0 1.0 1.0 1.0 1.0 1.0 1.0 1.0 1.0 1.0 1.0 1.0 1.0 1.0 1.0 1.0 1.0 1.0 1.0 1.0 1.0 1.0 1.0 1.0 1.0 1.0 1.0 1.0 1.0 1.0 1.0 1.0 1.0 1.0 1.0 1.0 1.0 1.0 1.0 1.0 1.0 1.0 1.0 1.0 1.0 1.0 1.0 1.0 1.0 1.0 1.0 1.0 1.0 1.0 1.0 1.0 1.0 1.0 1.0 1.0 1.0 1.0 1.0 1.0 1.0 1.0 1.0 1.0 1.0 1.0 1.0 1.0 1.0 1.0 1.0 1.0 1.0 1.0 1.0 1.0 1.0 1.0 1.0 1.0 1.194 1.033 0.836 1.087 0.843 0.931 0.914 1.132 0.938 0.777 1.333 1.346 0.911 1.144 1.291 0.911 1.037 1.354 1.159 0.864 1.32 1.095 1.357 0.888 0.847 0.97 0.923 0.888 1.179 1.261 1.239 0.87 1.04 0.701 0.76 0.943 0.865 1.038 0.858 1.286 1.065 1.059 1.098 1.307 0.64 1.063 1.166 1.063 0.836 1.13 0.986 1.156 1.174 1.137 1.128 0.808 0.706 1.066 0.987 0.627 1.023 1.142 1.18 0.733 0.685 1.086 1.095 0.669 1.204 0.959 1.229 1.236 0.9 1.271 0.76 0.973 1.121 0.751 1.124 0.771 1.163 1.141 0.928 1.246 1.096 0.654 0.983 0.891 1.247 0.985 0.769 0.638 0.866 0.685 1.076 1.095 0.647 0.742 0.851 1.332 0.731 0.666 1.419 1.179 0.809 1.077 0.947 1.0 0.961 0.919 0.772 0.665 1.0 0.73 0.76 0.998 0.707 1.0 1.181 1.0 0.69 1.306 1.0 1.476 1.0 0.724 0.713 1.0 0.854 1.0 0.682 1.381 1.0 1.063 1.0 0.737 1.056 1.0 0.865 1.0 0.865 0.853 1.0 1.108 1.0 1.126 1.213 1.0 0.789 1.0 0.959 0.854 1.0 0.825 1.0 0.973 0.75 1.0 1.0 1.0 0.789 0.839 1.0 1.0 1.0 1.007 0.717 1.0 1.0 1.0 1.134 0.72 1.0 1.0 1.0 0.921 0.737 1.0 1.0 1.0 0.884 0.745 1.0 1.0 1.0 1.069 0.986 1.0 1.0 1.0 0.949 1.0 1.0 1.0 1.0 1.003 1.0 1.0 1.0 1.0 0.898 1.0 1.0 1.0 1.0 0.869 1.0 1.0 1.0 1.0 0.82 1.0 1.0 1.0 1.0 0.769 1.0 1.0 1.0 1.0 1.366 1.0 1.0 1.0 1.0 1.356 1.0 1.0 1.0 1.0 1.442 1.0 1.0 1.0 1.0 1.082 1.0 1.0 1.0 1.0 0.766 1.0 1.0 1.0 1.0 0.793 1.0 1.0 1.0 1.0 1.592 1.0 1.0 1.0 1.0 0.647 1.0 1.0 1.0 1.0 1.0 1.0 1.0 1.0 1.0 1.0 1.0 1.0 1.0 1.0 1.0 1.0 1.0 1.0 1.0 1.0 1.0 1.0 1.0 1.0 1.0 1.0 1.0 1.0 1.0 1.0 1.0 1.0 1.0 1.0 1.0 1.0 1.0 1.0 1.0 1.0 1.0 1.0 1.0 1.0 1.0 1.0 1.0 1.0 1.0 1.0 1.0 1.0 1.0 1.0 1.0 1.0 1.0 1.0 1.0 1.0 1.0 1.0 1.0 1.0 1.0 1.0 1.0 1.0 1.0 1.0 1.0 1.0 1.0 1.0 1.0 1.0 1.0 1.0 1.0 1.0 1.0 1.0 1.0 1.0 1.0 1.0 1.0 1.0 1.0 1.0 1.0 1.0 1.0 1.0 1.0 1.0 1.0 1.0 1.0 1.0 1.0 1.0 1.0 1.0 1.0 1.0 1.0 1.0 1.0 1.0 1.0 1.0 1.0 1.0 1.0 1.0 1.0 1.0 1.0 1.0 1.0 1.0 1.0 1.0 1.194 1.003 0.836 1.087 1.076 0.825 0.916 1.281 0.956 0.772 0.911 1.024 0.919 0.964 0.934 0.789 1.025 1.168 0.867 1.369 0.861 1.166 0.963 1.087 0.964 1.11 1.169 1.166 0.747 1.114 1.045 1.099 1.161 1.375 0.761 0.685 1.137 1.27 1.379 1.228 1.166 0.825 1.263 1.122 1.347 0.862 0.782 0.75 1.171 1.166 1.303 1.189 0.999 1.154 1.31 1.276 1.238 0.999 1.286 1.353 1.266 1.093 0.931 1.033 1.238 1.315 1.259 1.215 1.28 0.942 1.29 1.292 1.054 1.312 1.29 0.943 1.303 1.193 1.292 0.742 1.363 0.627 1.227 0.892 1.284 1.271 1.266 0.883 1.322 0.776 0.626 1.286 1.177 0.758 1.127 1.047 1.257 1.038 0.703 1.299 1.361 0.698 1.219 1.098 1.306 0.944 1.007 1.146 0.721 0.762 1.322 1.285 1.145 0.767 1.286 1.244 0.81 0.981 1.332 0.851 1.236 0.821 1.012 1.355 0.823 0.99 1.383 0.935 0.777 0.767 1.445 0.79 0.925 1.134 1.378 1.174 0.824 0.961 0.925 1.301 0.89 1.427 0.982 0.732 0.717 0.679 1.0 0.956 0.651 1.0 0.674 1.0 0.931 1.0 1.0 0.7 1.0 0.783 1.0 1.0 0.727 1.0 1.055 1.0 1.0 1.196 1.0 1.077 1.0 1.0 1.751 1.0 1.359 1.0 1.0 0.787 1.0 0.968 1.0 1.0 1.765 1.0 0.779 1.0 1.0 0.847 1.0 0.767 1.0 1.0 0.887 1.0 0.764 1.0 1.0 0.779 1.0 0.761 1.0 1.0 1.0 1.0 0.821 1.0 1.0 1.0 1.0 1.396 1.0 1.0 1.0 1.0 1.278 1.0 1.0 1.0 1.0 1.083 1.0 1.0 1.0 1.0 1.014 1.0 1.0 1.0 1.0 1.013 1.0 1.0 1.0 1.0 0.982 1.0 1.0 1.0 1.0 1.077 1.0 1.0 1.0 1.0 1.131 1.0 1.0 1.0 1.0 1.131 1.0 1.0 1.0 1.0 0.88 1.0 1.0 1.0 1.0 0.847 1.0 1.0 1.0 1.0 0.854 1.0 1.0 1.0 1.0 0.985 1.0 1.0 1.0 1.0 0.968 1.0 1.0 1.0 1.0 1.021 1.0 1.0 1.0 1.0 1.066 1.0 1.0 1.0 1.0 1.09 1.0 1.0 1.0 1.0 0.76 1.0 1.0 1.0 1.0 0.956 1.0 1.0 1.0 1.0 1.091 1.0 1.0 1.0 1.0 1.14 1.0 1.0 1.0 1.0 0.78 1.0 1.0 1.0 1.0 0.791 1.0 1.0 1.0 1.0 0.846 1.0 1.0 1.0 1.0 0.799 1.0 1.0 1.0 1.0 1.031 1.0 1.0 1.0 1.0 0.812 1.0 1.0 1.0 1.0 1.063 1.0 1.0 1.0 1.0 0.857 1.0 1.0 1.0 1.0 1.121 1.0 1.0 1.0 1.0 0.768 1.0 1.0 1.0 1.0 0.804 1.0 1.0 1.0 1.0 0.753 1.0 1.0 1.0 1.0 0.663 1.0 1.0 1.0 1.0 0.742 1.0 1.0 0.957 1.199 0.95 1.173 0.972 1.291 0.914 1.282 0.779 1.107 0.807 1.03 0.927 0.751 1.351 0.902 1.146 1.162 0.796 0.948 0.865 1.1 0.714 0.871 1.009 1.119 1.168 0.814 1.198 0.896 1.053 0.764 0.815 1.316 0.971 0.829 1.088 1.11 1.129 1.3 0.842 1.183 1.245 1.278 0.716 1.312 1.213 1.044 1.211 1.361 1.329 0.742 1.201 0.679 1.18 1.171 1.023 1.216 1.211 1.365 1.255 1.196 0.691 1.388 0.701 0.852 1.196 1.273 1.336 1.041 0.95 1.28 0.891 1.032 1.363 0.895 1.189 0.878 1.438 1.191 1.244 1.264 1.227 0.641 0.991 0.999 1.0 1.335 1.323 1.22 0.879 1.0 0.963 1.213 0.751 0.988 1.0 0.939 0.896 0.756 0.853 1.0 0.764 0.711 1.173 1.073 1.0 0.705 1.025 0.793 1.02 1.0 0.917 1.534 1.06 1.118 1.0 1.015 0.713 1.077 0.895 1.0 0.858 0.729 1.169 0.825 1.0 0.931 0.706 0.733 1.239 1.0 0.889 1.26 0.8 0.936 1.0 1.062 0.997 0.808 0.964 1.0 0.741 0.988 1.015 0.969 1.0 0.961 0.725 1.005 1.174 1.0 0.919 0.963 0.707 0.903 1.0 0.953 0.945 1.0 1.149 1.0 0.715 0.928 1.0 0.957 1.0 0.803 0.909 1.0 0.771 1.0 0.949 0.795 1.0 0.79 1.0 1.0 1.242 1.0 0.829 1.0 1.0 0.854 1.0 0.769 1.0 1.0 0.9 1.0 0.827 1.0 1.0 1.429 1.0 1.124 1.0 1.0 1.414 1.0 0.781 1.0 1.0 0.735 1.0 0.702 1.0 1.0 0.747 1.0 0.737 1.0 1.0 0.738 1.0 0.722 1.0 1.0 1.126 1.0 1.0 1.0 1.0 1.137 1.0 1.0 1.0 1.0 0.992 1.0 1.0 1.0 1.0 0.727 1.0 1.0 1.0 1.0 1.0 1.0 1.0 1.0 1.0 1.0 1.0 1.0 1.0 1.0 1.0 1.0 1.0 1.0 1.0 1.0 1.0 1.0 1.0 1.0 1.0 1.0 1.0 1.0 1.0 1.0 1.0 1.0 1.0 1.0 1.0 1.0 1.0 1.0 1.0 1.0 1.0 1.0 1.0 1.0 1.0 1.0 1.0 1.0 1.0 1.0 1.0 1.0 1.0 1.0 1.0 1.0 1.0 1.0 1.0 1.0 1.0 1.0 1.0 1.0 1.0 1.0 1.0 1.0 1.0 1.0 1.0 1.0 1.0 1.0 1.0 1.0 1.0 1.0 1.0 1.0 1.0 1.0 1.0 1.0 1.0 1.0 1.0 1.0 1.0 1.0 1.0 1.0 1.0 1.0 1.0 1.0 1.0 1.0 1.0 1.0 1.0 1.0 1.0 1.0 1.0 1.0 1.0 1.0 1.0 1.0 1.0 1.0 1.0 1.0 1.0 1.0 1.0 1.0 1.0 1.0 1.0 1.0 1.0 1.0 1.0 1.0 1.0 1.0 1.0 1.0 1.0 1.0 1.0 1.0 1.0 1.0 1.0 1.0 1.0 1.0 1.0 1.0 1.0 1.0 1.0 1.0 0.873 1.033 1.192 0.96 0.972 1.027 1.29 1.125 0.965 1.101 0.902 1.327 0.953 1.065 1.349 0.778 1.029 0.726 0.767 0.968 1.36 1.351 1.177 1.097 1.143 0.77 0.776 0.722 0.632 0.78 0.82 1.063 1.18 1.091 0.815 1.107 0.809 0.851 0.665 1.051 0.753 0.733 1.029 1.201 0.766 1.166 1.095 1.344 0.693 1.03 0.934 1.079 1.044 0.974 1.095 0.706 0.83 0.867 0.7 0.846 1.213 0.716 0.975 1.0 1.288 0.779 1.317 0.973 1.0 1.158 1.031 0.755 1.122 1.0 0.673 0.74 1.132 1.096 1.0 1.117 0.864 0.873 0.919 1.0 0.991 1.178 0.834 1.004 1.0 0.872 0.738 1.127 0.83 1.0 0.708 1.167 1.098 0.952 1.0 0.739 1.168 1.003 0.999 1.0 0.841 1.18 1.062 1.046 1.0 0.833 0.73 0.882 0.926 1.0 0.758 0.854 1.136 0.917 1.0 1.418 0.85 0.747 1.05 1.0 1.041 0.907 1.229 0.915 1.0 0.712 0.76 0.984 1.355 1.0 0.784 0.773 0.737 0.913 1.0 1.0 0.767 0.95 1.045 1.0 1.0 0.897 1.01 1.02 1.0 1.0 1.202 1.084 1.021 1.0 1.0 0.945 0.841 0.738 1.0 1.0 0.827 0.989 0.905 1.0 1.0 0.718 0.977 1.381 1.0 1.0 1.0 0.747 1.39 1.0 1.0 1.0 1.321 1.298 1.0 1.0 1.0 0.733 0.809 1.0 1.0 1.0 0.859 1.036 1.0 1.0 1.0 0.85 0.925 1.0 1.0 1.0 0.842 1.002 1.0 1.0 1.0 0.886 0.935 1.0 1.0 1.0 0.869 0.84 1.0 1.0 1.0 0.872 0.662 1.0 1.0 1.0 1.034 0.856 1.0 1.0 1.0 0.947 0.665 1.0 1.0 1.0 0.815 0.643 1.0 1.0 1.0 0.911 0.743 1.0 1.0 1.0 0.975 0.654 1.0 1.0 1.0 0.952 0.766 1.0 1.0 1.0 1.023 1.0 1.0 1.0 1.0 0.718 1.0 1.0 1.0 1.0 0.719 1.0 1.0 1.0 1.0 1.082 1.0 1.0 1.0 1.0 0.68 1.0 1.0 1.0 1.0 0.693 1.0 1.0 1.0 1.0 0.717 1.0 1.0 1.0 1.0 0.78 1.0 1.0 1.0 1.0 0.736 1.0 1.0 1.0 1.0 0.753 1.0 1.0 1.0 1.0 0.702 1.0 1.0 1.0 1.0 1.0 1.0 1.0 1.0 1.0 1.0 1.0 1.0 1.0 1.0 1.0 1.0 1.0 1.0 1.0 1.0 1.0 1.0 1.0 1.0 1.0 1.0 1.0 1.0 1.0 1.0 1.0 1.0 1.0 1.0 1.0 1.0 1.0 1.0 1.0 1.0 1.0 1.0 1.0 1.0 1.0 1.0 1.0 1.0 1.0 1.0 1.0 1.0 1.0 1.0 1.0 1.0 1.0 1.0 1.0 1.0 1.0 1.0 1.0 1.0 1.0 1.0 1.0 1.0 1.0 1.0 1.0 1.0 1.0 1.0 1.0 1.0 1.0 1.0 1.0 1.0 1.0 1.0 1.0 1.194 1.199 0.969 1.087 0.843 0.931 1.297 1.301 1.127 1.275 1.327 1.035 0.944 1.157 1.298 0.798 0.855 0.922 0.724 0.805 1.056 1.053 1.185 0.869 1.065 0.819 1.256 0.884 1.341 0.796 1.198 0.606 1.008 0.717 1.089 0.863 1.178 0.794 1.052 1.069 1.036 1.286 1.168 0.973 1.155 1.127 1.217 1.179 1.309 0.683 0.762 1.124 1.113 1.17 1.239 1.186 0.651 1.067 1.061 1.259 1.064 1.265 1.223 1.364 1.055 1.062 0.636 1.261 1.044 1.206 1.182 1.426 0.694 0.777 0.71 1.237 1.209 0.7 1.314 0.701 1.126 1.003 1.265 1.266 1.0 1.304 0.637 1.288 1.333 1.0 1.296 1.239 1.1 0.667 1.0 1.098 0.931 1.273 1.262 1.0 0.983 0.785 1.307 0.676 1.0 0.926 1.23 0.975 1.095 1.0 0.958 0.938 0.929 1.04 1.0 0.976 1.394 1.418 0.813 1.0 0.996 1.384 0.866 1.198 1.0 1.259 0.989 0.721 1.042 1.0 1.216 1.396 1.334 0.97 1.0 1.188 0.752 0.74 0.693 1.0 0.961 1.415 1.277 0.805 1.0 1.279 0.602 1.241 0.695 1.0 1.257 0.729 1.242 0.794 1.0 0.658 1.071 0.968 1.029 1.0 0.666 1.27 1.278 0.753 1.0 0.676 1.326 0.731 1.0 1.0 0.692 0.638 0.829 1.0 1.0 0.784 0.709 1.0 1.0 1.0 0.779 0.813 1.0 1.0 1.0 0.767 0.832 1.0 1.0 1.0 1.038 0.715 1.0 1.0 1.0 0.848 0.754 1.0 1.0 1.0 1.081 0.768 1.0 1.0 1.0 1.103 1.0 1.0 1.0 1.0 0.868 1.0 1.0 1.0 1.0 1.533 1.0 1.0 1.0 1.0 0.777 1.0 1.0 1.0 1.0 0.899 1.0 1.0 1.0 1.0 1.251 1.0 1.0 1.0 1.0 0.844 1.0 1.0 1.0 1.0 0.824 1.0 1.0 1.0 1.0 1.0 1.0 1.0 1.0 1.0 1.0 1.0 1.0 1.0 1.0 1.0 1.0 1.0 1.0 1.0 1.0 1.0 1.0 1.0 1.0 1.0 1.0 1.0 1.0 1.0 1.0 1.0 1.0 1.0 1.0 1.0 1.0 1.0 1.0 1.0 1.0 1.0 1.0 1.0 1.0 1.0 1.0 1.0 1.0 1.0 1.0 1.0 1.0 1.0 1.0 1.0 1.0 1.0 1.0 1.0 1.0 1.0 1.0 1.0 1.0 1.0 1.0 1.0 1.0 1.0 1.0 1.0 1.0 1.0 1.0 1.0 1.0 1.0 1.0 1.0 1.0 1.0 1.0 1.0 1.0 1.0 1.0 1.0 1.0 1.0 1.0 1.0 1.0 1.0 1.0 1.0 1.0 1.0 1.0 1.0 1.0 1.0 1.0 1.0 1.0 1.0 1.0 1.0 1.0 1.0 1.0 1.0 1.0 1.0 1.0 1.0 1.0 1.0 1.0 1.0 1.0 1.0 1.0 1.0 1.0 1.0 1.0 1.0 1.0 1.0 1.0 1.0 1.0 1.0 1.0 1.0 1.0 1.0 1.0 1.0 0.873 1.003 1.192 1.087 0.843 1.287 0.916 1.129 0.779 1.282 0.997 0.757 0.917 1.28 1.14 0.901 0.746 1.156 0.747 0.92 1.13 1.321 1.158 1.017 0.841 1.12 1.043 0.71 1.087 1.204 1.112 0.803 1.164 1.103 0.919 1.182 0.858 0.705 1.132 1.262 0.863 0.94 0.99 1.297 1.09 0.779 0.875 0.885 1.123 1.087 1.194 1.166 0.909 1.257 1.069 1.144 0.989 0.98 1.077 0.684 0.73 1.171 1.023 1.151 1.131 1.173 0.791 0.833 0.952 1.363 0.76 1.145 0.882 1.024 0.653 1.166 1.178 1.008 1.0 1.239 0.759 1.13 1.113 1.0 1.217 0.775 1.143 0.807 1.0 1.26 1.119 1.106 1.144 1.0 1.393 0.817 0.818 0.965 1.0 0.729 1.052 0.683 1.149 1.0 0.947 1.02 0.688 1.032 1.0 1.042 1.12 0.973 0.728 1.0 1.039 1.267 0.79 1.226 1.0 1.549 0.847 0.827 1.041 1.0 1.129 0.956 1.091 1.268 1.0 0.72 1.274 0.785 0.924 1.0 1.593 0.933 0.872 1.283 1.0 1.075 1.068 1.115 0.801 1.0 0.861 0.827 1.199 0.754 1.0 1.051 1.31 0.92 0.774 1.0 0.747 1.016 1.294 1.026 1.0 0.85 1.0 1.325 1.32 1.0 1.07 1.0 1.38 0.795 1.0 0.879 1.0 0.893 0.855 1.0 0.695 1.0 0.959 0.722 1.0 0.833 1.0 0.795 0.776 1.0 0.901 1.0 0.775 0.683 1.0 0.95 1.0 0.746 1.5 1.0 1.856 1.0 1.0 0.692 1.0 0.755 1.0 1.0 0.703 1.0 0.9 1.0 1.0 1.253 1.0 1.0 1.0 1.0 0.669 1.0 1.0 1.0 1.0 0.961 1.0 1.0 1.0 1.0 1.722 1.0 1.0 1.0 1.0 1.0 1.0 1.0 1.0 1.0 1.0 1.0 1.0 1.0 1.0 1.0 1.0 1.0 1.0 1.0 1.0 1.0 1.0 1.0 1.0 1.0 1.0 1.0 1.0 1.0 1.0 1.0 1.0 1.0 1.0 1.0 1.0 1.0 1.0 1.0 1.0 1.0 1.0 1.0 1.0 1.0 1.0 1.0 1.0 1.0 1.0 1.0 1.0 1.0 1.0 1.0 1.0 1.0 1.0 1.0 1.0 1.0 1.0 1.0 1.0 1.0 1.0 1.0 1.0 1.0 1.0 1.0 1.0 1.0 1.0 1.0 1.0 1.0 1.0 1.0 1.0 1.0 1.0 1.0 1.0 1.0 1.0 1.0 1.0 1.0 1.0 1.0 1.0 1.0 1.0 1.0 1.0 1.0 1.0 1.0 1.0 1.0 1.0 1.0 1.0 1.0 1.0 1.0 1.0 1.0 1.0 1.0 1.0 1.0 1.0 1.0 1.0 1.0 1.0 1.0 1.0 1.0 1.0 1.0 1.0 1.0 1.0 1.0 1.0 1.0 1.0 1.0 1.0 1.0 1.0 1.0 1.0 1.0 1.0 1.0 1.0 1.0 1.0 1.0 1.0 1.0 1.0 1.0 1.0 1.0 1.0 1.0 1.0 1.0 1.0 1.0 1.0 1.0,1.8563454,0.8563454,0.60055494,0.3,0.555203378200531,0.0003,5,3.5981967
42,0.18954087793827057,0.9960316,1.018 1.034 0.95 0.968 0.95 0.925 1.283 1.139 0.775 0.771 1.039 1.322 0.918 1.152 1.011 1.338 0.733 0.7 0.888 0.867 1.035 1.097 0.89 1.352 1.059 1.026 0.727 1.304 1.043 1.105 1.079 0.729 1.08 0.804 1.154 0.87 0.837 1.257 1.091 1.15 1.129 1.104 0.999 0.676 0.69 0.954 0.723 1.132 1.278 0.982 1.221 0.722 1.141 1.276 0.721 0.877 1.053 1.139 1.077 1.073 0.823 0.866 0.741 1.205 1.0 1.174 1.128 0.682 0.744 1.0 1.071 1.13 1.089 1.189 1.0 1.268 1.428 1.105 1.162 1.0 1.335 0.88 1.363 1.04 1.0 1.278 0.863 1.206 0.666 1.0 1.092 0.679 1.038 1.103 1.0 0.993 0.859 0.741 0.765 1.0 1.257 0.673 0.803 1.179 1.0 0.956 1.072 1.0 0.76 1.0 0.711 0.794 1.0 0.77 1.0 0.703 1.101 1.0 0.793 1.0 0.698 0.973 1.0 0.817 1.0 1.036 0.977 1.0 0.736 1.0 0.713 1.172 1.0 0.708 1.0 0.999 0.906 1.0 1.11 1.0 1.186 0.974 1.0 1.123 1.0 0.66 0.702 1.0 0.939 1.0 0.661 1.149 1.0 0.79 1.0 1.105 1.095 1.0 1.039 1.0 1.671 1.06 1.0 0.916 1.0 1.0 0.922 1.0 0.995 1.0 1.0 0.941 1.0 0.797 1.0 1.0 0.937 1.0 1.112 1.0 1.0 0.795 1.0 0.859 1.0 1.0 0.728 1.0 0.775 1.0 1.0 1.034 1.0 1.0 1.0 1.0 1.745 1.0 1.0 1.0 1.0 0.862 1.0 1.0 1.0 1.0 0.749 1.0 1.0 1.0 1.0 0.754 1.0 1.0 1.0 1.0 0.759 1.0 1.0 1.0 1.0 0.769 1.0 1.0 1.0 1.0 0.802 1.0 1.0 1.0 1.0 1.0 1.0 1.0 1.0 1.0 1.0 1.0 1.0 1.0 1.0 1.0 1.0 1.0 1.0 1.0 1.0 1.0 1.0 1.0 1.0 1.0 1.0 1.0 1.0 1.0 1.0 1.0 1.0 1.0 1.0 1.0 1.0 1.0 1.0 1.0 1.0 1.0 1.0 1.0 1.0 1.0 1.0 1.0 1.0 1.0 1.0 1.0 1.0 1.0 1.0 1.0 1.0 1.0 1.0 1.0 1.0 1.0 1.0 1.0 1.0 1.0 1.0 1.0 1.0 1.0 1.0 1.0 1.0 1.0 1.0 1.0 1.0 1.0 1.0 1.0 1.0 1.0 1.0 1.0 1.0 1.0 1.0 1.0 1.0 1.0 1.0 1.0 1.0 1.0 1.0 1.0 1.0 1.0 1.0 1.0 1.0 1.0 1.0 1.0 1.0 1.0 1.0 1.0 1.0 1.0 1.0 1.0 1.0 1.0 1.0 1.0 1.0 1.0 1.0 1.0 1.0 1.0 1.0 1.0 1.0 1.0 1.0 1.0 1.0 1.0 1.0 1.0 1.0 1.0 1.0 1.0 1.0 1.0 1.0 1.0 1.0 1.0 1.0 1.0 1.0 1.0 1.0 1.0 1.0 1.0 1.0 1.0 1.0 1.0 0.986 0.951 1.092 0.968 0.95 1.289 0.916 0.929 0.786 0.945 1.009 1.042 0.972 0.761 1.165 1.086 0.754 0.893 0.748 1.015 1.003 1.055 0.978 0.845 0.8 1.172 0.822 1.201 1.093 0.708 0.746 1.273 0.863 1.077 0.748 1.189 1.178 1.08 1.301 0.73 0.712 0.766 1.228 0.592 1.204 0.753 1.0 1.059 0.689 1.212 0.729 0.772 0.746 0.735 0.654 1.197 0.778 0.832 1.268 0.657 1.107 0.961 1.151 0.599 0.991 1.007 1.123 1.129 0.679 1.173 0.93 1.05 1.069 1.252 0.682 1.064 1.007 1.042 0.598 1.183 0.961 0.982 0.709 0.614 0.696 1.0 1.155 1.157 0.979 0.773 1.0 1.039 0.703 0.658 1.207 1.0 1.041 1.368 0.93 0.959 1.0 0.84 0.625 0.662 0.685 1.0 0.859 0.909 0.88 1.0 1.0 1.085 0.906 0.925 1.0 1.0 0.845 0.833 0.917 1.0 1.0 1.149 0.723 0.881 1.0 1.0 1.032 0.672 0.648 1.0 1.0 1.202 0.635 1.252 1.0 1.0 0.907 0.79 0.81 1.0 1.0 0.858 1.275 0.777 1.0 1.0 0.904 0.901 1.0 1.0 1.0 1.248 0.672 1.0 1.0 1.0 0.764 0.679 1.0 1.0 1.0 0.722 0.655 1.0 1.0 1.0 0.998 1.663 1.0 1.0 1.0 0.689 1.0 1.0 1.0 1.0 0.684 1.0 1.0 1.0 1.0 0.989 1.0 1.0 1.0 1.0 0.967 1.0 1.0 1.0 1.0 0.892 1.0 1.0 1.0 1.0 0.917 1.0 1.0 1.0 1.0 0.977 1.0 1.0 1.0 1.0 0.698 1.0 1.0 1.0 1.0 0.923 1.0 1.0 1.0 1.0 0.864 1.0 1.0 1.0 1.0 1.252 1.0 1.0 1.0 1.0 0.695 1.0 1.0 1.0 1.0 1.742 1.0 1.0 1.0 1.0 1.552 1.0 1.0 1.0 1.0 0.693 1.0 1.0 1.0 1.0 1.0 1.0 1.0 1.0 1.0 1.0 1.0 1.0 1.0 1.0 1.0 1.0 1.0 1.0 1.0 1.0 1.0 1.0 1.0 1.0 1.0 1.0 1.0 1.0 1.0 1.0 1.0 1.0 1.0 1.0 1.0 1.0 1.0 1.0 1.0 1.0 1.0 1.0 1.0 1.0 1.0 1.0 1.0 1.0 1.0 1.0 1.0 1.0 1.0 1.0 1.0 1.0 1.0 1.0 1.0 1.0 1.0 1.0 1.0 1.0 1.0 1.0 1.0 1.0 1.0 1.0 1.0 1.0 1.0 1.0 1.0 1.0 1.0 1.0 1.0 1.0 1.0 1.0 1.0 1.0 1.0 1.0 1.0 1.0 1.0 1.0 1.0 1.0 1.0 1.0 1.0 1.0 1.0 1.0 1.0 1.0 1.0 1.0 1.0 1.0 1.0 1.0 1.0 1.0 1.0 1.0 1.0 1.0 1.0 1.0 1.0 1.0 1.0 1.0 1.0 1.0 1.0 1.0 1.0 1.0 1.0 1.0 1.0 1.0 1.0 1.0 1.0 1.0 1.0 1.0 1.0 1.0 1.0 1.0 1.193 1.034 0.834 1.09 0.842 0.933 0.916 1.137 0.938 0.776 1.33 1.343 0.911 1.149 1.287 0.913 1.038 1.349 1.164 0.864 1.317 1.096 1.352 0.888 0.845 0.974 0.925 0.888 1.185 1.26 1.236 0.87 1.042 0.7 0.752 0.946 0.866 1.039 0.858 1.286 1.063 1.06 1.095 1.303 0.632 1.065 1.165 1.058 0.838 1.126 0.98 1.152 1.183 1.141 1.124 0.806 0.699 1.061 0.993 0.621 1.017 1.15 1.178 0.73 0.681 1.084 1.1 0.667 1.211 0.957 1.228 1.233 0.896 1.274 0.758 0.969 1.12 0.752 1.121 0.769 1.166 1.141 0.925 1.249 1.09 0.65 0.983 0.884 1.255 0.982 0.768 0.633 0.863 0.682 1.072 1.096 0.644 0.744 0.849 1.335 0.728 0.667 1.421 1.185 0.803 1.073 0.945 1.0 0.961 0.918 0.77 0.665 1.0 0.726 0.753 0.994 0.703 1.0 1.186 1.0 0.687 1.305 1.0 1.488 1.0 0.723 0.71 1.0 0.847 1.0 0.678 1.388 1.0 1.059 1.0 0.733 1.053 1.0 0.856 1.0 0.864 0.85 1.0 1.102 1.0 1.126 1.216 1.0 0.795 1.0 0.955 0.85 1.0 0.815 1.0 0.975 0.747 1.0 1.0 1.0 0.791 0.834 1.0 1.0 1.0 1.002 0.721 1.0 1.0 1.0 1.134 0.719 1.0 1.0 1.0 0.921 0.733 1.0 1.0 1.0 0.888 0.746 1.0 1.0 1.0 1.066 0.983 1.0 1.0 1.0 0.956 1.0 1.0 1.0 1.0 0.998 1.0 1.0 1.0 1.0 0.891 1.0 1.0 1.0 1.0 0.861 1.0 1.0 1.0 1.0 0.812 1.0 1.0 1.0 1.0 0.767 1.0 1.0 1.0 1.0 1.365 1.0 1.0 1.0 1.0 1.356 1.0 1.0 1.0 1.0 1.449 1.0 1.0 1.0 1.0 1.076 1.0 1.0 1.0 1.0 0.767 1.0 1.0 1.0 1.0 0.787 1.0 1.0 1.0 1.0 1.605 1.0 1.0 1.0 1.0 0.636 1.0 1.0 1.0 1.0 1.0 1.0 1.0 1.0 1.0 1.0 1.0 1.0 1.0 1.0 1.0 1.0 1.0 1.0 1.0 1.0 1.0 1.0 1.0 1.0 1.0 1.0 1.0 1.0 1.0 1.0 1.0 1.0 1.0 1.0 1.0 1.0 1.0 1.0 1.0 1.0 1.0 1.0 1.0 1.0 1.0 1.0 1.0 1.0 1.0 1.0 1.0 1.0 1.0 1.0 1.0 1.0 1.0 1.0 1.0 1.0 1.0 1.0 1.0 1.0 1.0 1.0 1.0 1.0 1.0 1.0 1.0 1.0 1.0 1.0 1.0 1.0 1.0 1.0 1.0 1.0 1.0 1.0 1.0 1.0 1.0 1.0 1.0 1.0 1.0 1.0 1.0 1.0 1.0 1.0 1.0 1.0 1.0 1.0 1.0 1.0 1.0 1.0 1.0 1.0 1.0 1.0 1.0 1.0 1.0 1.0 1.0 1.0 1.0 1.0 1.0 1.0 1.0 1.0 1.0 1.0 1.0 1.0 1.0 1.0 1.193 1.003 0.834 1.09 1.079 0.825 0.917 1.278 0.956 0.771 0.913 1.025 0.919 0.964 0.935 0.789 1.026 1.174 0.865 1.365 0.863 1.163 0.963 1.094 0.956 1.112 1.166 1.17 0.743 1.123 1.053 1.108 1.165 1.375 0.757 0.679 1.145 1.267 1.378 1.24 1.175 0.823 1.26 1.127 1.346 0.861 0.78 0.746 1.179 1.175 1.311 1.188 0.992 1.161 1.315 1.267 1.247 1.006 1.291 1.359 1.275 1.092 0.923 1.036 1.248 1.323 1.266 1.219 1.28 0.942 1.299 1.285 1.059 1.317 1.289 0.941 1.312 1.198 1.291 0.743 1.375 0.627 1.233 0.89 1.294 1.262 1.26 0.876 1.326 0.775 0.625 1.294 1.179 0.757 1.126 1.045 1.262 1.042 0.702 1.302 1.373 0.699 1.222 1.097 1.308 0.941 1.007 1.146 0.72 0.763 1.315 1.284 1.147 0.77 1.294 1.247 0.811 0.982 1.338 0.848 1.239 0.822 1.009 1.362 0.818 0.987 1.388 0.94 0.78 0.768 1.458 0.792 0.929 1.132 1.384 1.173 0.826 0.961 0.921 1.301 0.884 1.434 0.979 0.724 0.719 0.677 1.0 0.954 0.654 1.0 0.676 1.0 0.924 1.0 1.0 0.704 1.0 0.778 1.0 1.0 0.731 1.0 1.064 1.0 1.0 1.189 1.0 1.086 1.0 1.0 1.776 1.0 1.367 1.0 1.0 0.779 1.0 0.966 1.0 1.0 1.789 1.0 0.772 1.0 1.0 0.838 1.0 0.76 1.0 1.0 0.875 1.0 0.757 1.0 1.0 0.78 1.0 0.753 1.0 1.0 1.0 1.0 0.81 1.0 1.0 1.0 1.0 1.407 1.0 1.0 1.0 1.0 1.287 1.0 1.0 1.0 1.0 1.091 1.0 1.0 1.0 1.0 1.011 1.0 1.0 1.0 1.0 1.008 1.0 1.0 1.0 1.0 0.976 1.0 1.0 1.0 1.0 1.08 1.0 1.0 1.0 1.0 1.141 1.0 1.0 1.0 1.0 1.146 1.0 1.0 1.0 1.0 0.883 1.0 1.0 1.0 1.0 0.838 1.0 1.0 1.0 1.0 0.841 1.0 1.0 1.0 1.0 0.994 1.0 1.0 1.0 1.0 0.962 1.0 1.0 1.0 1.0 1.015 1.0 1.0 1.0 1.0 1.07 1.0 1.0 1.0 1.0 1.093 1.0 1.0 1.0 1.0 0.745 1.0 1.0 1.0 1.0 0.949 1.0 1.0 1.0 1.0 1.094 1.0 1.0 1.0 1.0 1.152 1.0 1.0 1.0 1.0 0.767 1.0 1.0 1.0 1.0 0.782 1.0 1.0 1.0 1.0 0.833 1.0 1.0 1.0 1.0 0.79 1.0 1.0 1.0 1.0 1.025 1.0 1.0 1.0 1.0 0.797 1.0 1.0 1.0 1.0 1.07 1.0 1.0 1.0 1.0 0.844 1.0 1.0 1.0 1.0 1.135 1.0 1.0 1.0 1.0 0.755 1.0 1.0 1.0 1.0 0.805 1.0 1.0 1.0 1.0 0.743 1.0 1.0 1.0 1.0 0.668 1.0 1.0 1.0 1.0 0.732 1.0 1.0 0.959 1.198 0.95 1.171 0.973 1.29 0.915 1.279 0.778 1.11 0.806 1.031 0.928 0.751 1.348 0.904 1.143 1.168 0.796 0.947 0.865 1.102 0.714 0.872 1.01 1.117 1.166 0.814 1.203 0.89 1.053 0.762 0.816 1.316 0.972 0.829 1.094 1.112 1.134 1.298 0.844 1.179 1.248 1.285 0.713 1.309 1.222 1.049 1.209 1.362 1.326 0.741 1.206 0.676 1.183 1.171 1.026 1.217 1.216 1.367 1.253 1.194 0.688 1.398 0.697 0.855 1.192 1.276 1.337 1.043 0.949 1.291 0.89 1.032 1.366 0.9 1.186 0.876 1.446 1.195 1.241 1.274 1.232 0.639 0.989 1.0 1.0 1.346 1.327 1.221 0.878 1.0 0.962 1.214 0.749 0.985 1.0 0.936 0.892 0.754 0.846 1.0 0.764 0.712 1.172 1.075 1.0 0.706 1.023 0.792 1.022 1.0 0.912 1.541 1.059 1.122 1.0 1.011 0.712 1.075 0.901 1.0 0.856 0.731 1.168 0.82 1.0 0.928 0.705 0.732 1.238 1.0 0.888 1.258 0.796 0.935 1.0 1.053 0.993 0.804 0.965 1.0 0.742 0.985 1.012 0.969 1.0 0.954 0.727 1.004 1.178 1.0 0.918 0.96 0.706 0.898 1.0 0.952 0.944 1.0 1.152 1.0 0.715 0.926 1.0 0.955 1.0 0.801 0.906 1.0 0.771 1.0 0.94 0.8 1.0 0.792 1.0 1.0 1.246 1.0 0.824 1.0 1.0 0.85 1.0 0.767 1.0 1.0 0.897 1.0 0.819 1.0 1.0 1.436 1.0 1.122 1.0 1.0 1.416 1.0 0.772 1.0 1.0 0.74 1.0 0.706 1.0 1.0 0.738 1.0 0.726 1.0 1.0 0.729 1.0 0.726 1.0 1.0 1.124 1.0 1.0 1.0 1.0 1.134 1.0 1.0 1.0 1.0 0.985 1.0 1.0 1.0 1.0 0.717 1.0 1.0 1.0 1.0 1.0 1.0 1.0 1.0 1.0 1.0 1.0 1.0 1.0 1.0 1.0 1.0 1.0 1.0 1.0 1.0 1.0 1.0 1.0 1.0 1.0 1.0 1.0 1.0 1.0 1.0 1.0 1.0 1.0 1.0 1.0 1.0 1.0 1.0 1.0 1.0 1.0 1.0 1.0 1.0 1.0 1.0 1.0 1.0 1.0 1.0 1.0 1.0 1.0 1.0 1.0 1.0 1.0 1.0 1.0 1.0 1.0 1.0 1.0 1.0 1.0 1.0 1.0 1.0 1.0 1.0 1.0 1.0 1.0 1.0 1.0 1.0 1.0 1.0 1.0 1.0 1.0 1.0 1.0 1.0 1.0 1.0 1.0 1.0 1.0 1.0 1.0 1.0 1.0 1.0 1.0 1.0 1.0 1.0 1.0 1.0 1.0 1.0 1.0 1.0 1.0 1.0 1.0 1.0 1.0 1.0 1.0 1.0 1.0 1.0 1.0 1.0 1.0 1.0 1.0 1.0 1.0 1.0 1.0 1.0 1.0 1.0 1.0 1.0 1.0 1.0 1.0 1.0 1.0 1.0 1.0 1.0 1.0 1.0 1.0 1.0 1.0 1.0 1.0 1.0 1.0 1.0 0.872 1.034 1.191 0.959 0.973 1.028 1.288 1.129 0.965 1.105 0.903 1.324 0.953 1.068 1.346 0.778 1.03 0.725 0.761 0.968 1.357 1.347 1.184 1.104 1.146 0.77 0.776 0.721 0.624 0.781 0.819 1.064 1.186 1.091 0.812 1.111 0.81 0.85 0.661 1.054 0.749 0.73 1.03 1.2 0.761 1.171 1.095 1.339 0.691 1.039 0.923 1.08 1.045 0.972 1.105 0.701 0.83 0.87 0.697 0.838 1.219 0.714 0.98 1.0 1.287 0.776 1.311 0.976 1.0 1.167 1.029 0.753 1.124 1.0 0.67 0.734 1.132 1.097 1.0 1.121 0.861 0.875 0.923 1.0 0.991 1.172 0.828 1.003 1.0 0.868 0.736 1.127 0.827 1.0 0.706 1.17 1.097 0.947 1.0 0.742 1.163 1.004 1.007 1.0 0.835 1.184 1.062 1.047 1.0 0.826 0.729 0.885 0.92 1.0 0.762 0.85 1.138 0.911 1.0 1.427 0.857 0.743 1.052 1.0 1.036 0.916 1.228 0.909 1.0 0.712 0.759 0.98 1.357 1.0 0.776 0.771 0.734 0.908 1.0 1.0 0.766 0.945 1.047 1.0 1.0 0.892 1.02 1.027 1.0 1.0 1.197 1.086 1.028 1.0 1.0 0.956 0.835 0.733 1.0 1.0 0.821 0.989 0.9 1.0 1.0 0.715 0.976 1.384 1.0 1.0 1.0 0.742 1.393 1.0 1.0 1.0 1.323 1.302 1.0 1.0 1.0 0.728 0.803 1.0 1.0 1.0 0.852 1.045 1.0 1.0 1.0 0.844 0.92 1.0 1.0 1.0 0.835 0.995 1.0 1.0 1.0 0.879 0.945 1.0 1.0 1.0 0.863 0.831 1.0 1.0 1.0 0.866 0.665 1.0 1.0 1.0 1.037 0.845 1.0 1.0 1.0 0.948 0.665 1.0 1.0 1.0 0.808 0.646 1.0 1.0 1.0 0.919 0.733 1.0 1.0 1.0 0.971 0.657 1.0 1.0 1.0 0.954 0.755 1.0 1.0 1.0 1.012 1.0 1.0 1.0 1.0 0.717 1.0 1.0 1.0 1.0 0.722 1.0 1.0 1.0 1.0 1.072 1.0 1.0 1.0 1.0 0.684 1.0 1.0 1.0 1.0 0.698 1.0 1.0 1.0 1.0 0.723 1.0 1.0 1.0 1.0 0.772 1.0 1.0 1.0 1.0 0.725 1.0 1.0 1.0 1.0 0.743 1.0 1.0 1.0 1.0 0.69 1.0 1.0 1.0 1.0 1.0 1.0 1.0 1.0 1.0 1.0 1.0 1.0 1.0 1.0 1.0 1.0 1.0 1.0 1.0 1.0 1.0 1.0 1.0 1.0 1.0 1.0 1.0 1.0 1.0 1.0 1.0 1.0 1.0 1.0 1.0 1.0 1.0 1.0 1.0 1.0 1.0 1.0 1.0 1.0 1.0 1.0 1.0 1.0 1.0 1.0 1.0 1.0 1.0 1.0 1.0 1.0 1.0 1.0 1.0 1.0 1.0 1.0 1.0 1.0 1.0 1.0 1.0 1.0 1.0 1.0 1.0 1.0 1.0 1.0 1.0 1.0 1.0 1.0 1.0 1.0 1.0 1.0 1.0 1.193 1.198 0.969 1.09 0.842 0.933 1.295 1.298 1.132 1.272 1.325 1.036 0.944 1.162 1.294 0.798 0.855 0.922 0.723 0.805 1.056 1.059 1.181 0.869 1.062 0.818 1.254 0.884 1.335 0.794 1.195 0.597 1.013 0.717 1.096 0.862 1.184 0.788 1.054 1.072 1.042 1.286 1.178 0.978 1.153 1.125 1.212 1.188 1.312 0.68 0.759 1.129 1.118 1.175 1.238 1.185 0.649 1.072 1.056 1.258 1.072 1.265 1.232 1.364 1.051 1.069 0.629 1.271 1.048 1.206 1.181 1.439 0.692 0.774 0.709 1.244 1.208 0.698 1.323 0.7 1.125 1.004 1.263 1.272 1.0 1.312 0.635 1.287 1.343 1.0 1.304 1.236 1.104 0.666 1.0 1.1 0.932 1.282 1.268 1.0 0.986 0.779 1.317 0.675 1.0 0.925 1.226 0.974 1.097 1.0 0.955 0.938 0.924 1.036 1.0 0.977 1.402 1.422 0.806 1.0 0.997 1.391 0.861 1.204 1.0 1.264 0.989 0.725 1.038 1.0 1.221 1.402 1.341 0.966 1.0 1.191 0.749 0.744 0.692 1.0 0.961 1.421 1.276 0.808 1.0 1.286 0.6 1.239 0.697 1.0 1.263 0.726 1.243 0.796 1.0 0.659 1.069 0.964 1.023 1.0 0.668 1.264 1.275 0.752 1.0 0.679 1.332 0.735 1.0 1.0 0.696 0.638 0.825 1.0 1.0 0.78 0.705 1.0 1.0 1.0 0.775 0.805 1.0 1.0 1.0 0.763 0.824 1.0 1.0 1.0 1.038 0.719 1.0 1.0 1.0 0.845 0.754 1.0 1.0 1.0 1.083 0.764 1.0 1.0 1.0 1.105 1.0 1.0 1.0 1.0 0.876 1.0 1.0 1.0 1.0 1.544 1.0 1.0 1.0 1.0 0.779 1.0 1.0 1.0 1.0 0.893 1.0 1.0 1.0 1.0 1.247 1.0 1.0 1.0 1.0 0.836 1.0 1.0 1.0 1.0 0.817 1.0 1.0 1.0 1.0 1.0 1.0 1.0 1.0 1.0 1.0 1.0 1.0 1.0 1.0 1.0 1.0 1.0 1.0 1.0 1.0 1.0 1.0 1.0 1.0 1.0 1.0 1.0 1.0 1.0 1.0 1.0 1.0 1.0 1.0 1.0 1.0 1.0 1.0 1.0 1.0 1.0 1.0 1.0 1.0 1.0 1.0 1.0 1.0 1.0 1.0 1.0 1.0 1.0 1.0 1.0 1.0 1.0 1.0 1.0 1.0 1.0 1.0 1.0 1.0 1.0 1.0 1.0 1.0 1.0 1.0 1.0 1.0 1.0 1.0 1.0 1.0 1.0 1.0 1.0 1.0 1.0 1.0 1.0 1.0 1.0 1.0 1.0 1.0 1.0 1.0 1.0 1.0 1.0 1.0 1.0 1.0 1.0 1.0 1.0 1.0 1.0 1.0 1.0 1.0 1.0 1.0 1.0 1.0 1.0 1.0 1.0 1.0 1.0 1.0 1.0 1.0 1.0 1.0 1.0 1.0 1.0 1.0 1.0 1.0 1.0 1.0 1.0 1.0 1.0 1.0 1.0 1.0 1.0 1.0 1.0 1.0 1.0 1.0 1.0 0.872 1.003 1.191 1.09 0.842 1.285 0.917 1.133 0.778 1.279 0.997 0.756 0.918 1.275 1.145 0.902 0.745 1.161 0.746 0.921 1.127 1.319 1.163 1.018 0.842 1.117 1.042 0.709 1.09 1.204 1.11 0.801 1.17 1.099 0.921 1.187 0.86 0.703 1.138 1.261 0.857 0.944 0.989 1.295 1.093 0.772 0.868 0.886 1.129 1.094 1.203 1.163 0.911 1.255 1.072 1.143 0.982 0.98 1.082 0.677 0.721 1.177 1.022 1.153 1.136 1.182 0.789 0.832 0.948 1.363 0.757 1.153 0.885 1.022 0.65 1.174 1.187 1.008 1.0 1.245 0.758 1.137 1.122 1.0 1.222 0.776 1.147 0.807 1.0 1.259 1.122 1.107 1.144 1.0 1.402 0.815 0.815 0.964 1.0 0.727 1.054 0.679 1.156 1.0 0.944 1.021 0.685 1.032 1.0 1.035 1.121 0.97 0.725 1.0 1.032 1.266 0.793 1.228 1.0 1.564 0.852 0.825 1.038 1.0 1.128 0.953 1.092 1.267 1.0 0.722 1.275 0.789 0.923 1.0 1.61 0.929 0.871 1.282 1.0 1.071 1.066 1.114 0.804 1.0 0.853 0.826 1.2 0.754 1.0 1.043 1.313 0.915 0.774 1.0 0.749 1.012 1.294 1.022 1.0 0.841 1.0 1.328 1.323 1.0 1.061 1.0 1.384 0.801 1.0 0.87 1.0 0.886 0.849 1.0 0.699 1.0 0.953 0.723 1.0 0.822 1.0 0.801 0.781 1.0 0.892 1.0 0.78 0.684 1.0 0.938 1.0 0.747 1.504 1.0 1.885 1.0 1.0 0.693 1.0 0.743 1.0 1.0 0.705 1.0 0.887 1.0 1.0 1.254 1.0 1.0 1.0 1.0 0.658 1.0 1.0 1.0 1.0 0.954 1.0 1.0 1.0 1.0 1.741 1.0 1.0 1.0 1.0 1.0 1.0 1.0 1.0 1.0 1.0 1.0 1.0 1.0 1.0 1.0 1.0 1.0 1.0 1.0 1.0 1.0 1.0 1.0 1.0 1.0 1.0 1.0 1.0 1.0 1.0 1.0 1.0 1.0 1.0 1.0 1.0 1.0 1.0 1.0 1.0 1.0 1.0 1.0 1.0 1.0 1.0 1.0 1.0 1.0 1.0 1.0 1.0 1.0 1.0 1.0 1.0 1.0 1.0 1.0 1.0 1.0 1.0 1.0 1.0 1.0 1.0 1.0 1.0 1.0 1.0 1.0 1.0 1.0 1.0 1.0 1.0 1.0 1.0 1.0 1.0 1.0 1.0 1.0 1.0 1.0 1.0 1.0 1.0 1.0 1.0 1.0 1.0 1.0 1.0 1.0 1.0 1.0 1.0 1.0 1.0 1.0 1.0 1.0 1.0 1.0 1.0 1.0 1.0 1.0 1.0 1.0 1.0 1.0 1.0 1.0 1.0 1.0 1.0 1.0 1.0 1.0 1.0 1.0 1.0 1.0 1.0 1.0 1.0 1.0 1.0 1.0 1.0 1.0 1.0 1.0 1.0 1.0 1.0 1.0 1.0 1.0 1.0 1.0 1.0 1.0 1.0 1.0 1.0 1.0 1.0 1.0 1.0 1.0 1.0 1.0 1.0 1.0,1.8845017,0.8845017,0.5921836,0.3,0.5626828074455261,0.0003,5,3.6993444
43,0.19293466210365295,0.9959288,1.018 1.035 0.949 0.969 0.949 0.927 1.279 1.144 0.775 0.771 1.04 1.318 0.918 1.157 1.011 1.333 0.733 0.7 0.889 0.859 1.036 1.1 0.89 1.344 1.057 1.027 0.728 1.298 1.045 1.102 1.079 0.729 1.083 0.802 1.152 0.873 0.838 1.26 1.1 1.148 1.133 1.107 0.99 0.668 0.689 0.945 0.722 1.136 1.275 0.984 1.227 0.721 1.146 1.273 0.722 0.876 1.052 1.144 1.085 1.07 0.822 0.87 0.738 1.211 1.0 1.171 1.129 0.679 0.737 1.0 1.077 1.132 1.085 1.193 1.0 1.275 1.428 1.102 1.158 1.0 1.338 0.883 1.366 1.041 1.0 1.279 0.866 1.21 0.665 1.0 1.089 0.676 1.035 1.1 1.0 0.994 0.862 0.743 0.761 1.0 1.257 0.67 0.797 1.182 1.0 0.955 1.069 1.0 0.757 1.0 0.708 0.795 1.0 0.772 1.0 0.7 1.101 1.0 0.796 1.0 0.7 0.975 1.0 0.821 1.0 1.031 0.979 1.0 0.734 1.0 0.711 1.17 1.0 0.706 1.0 0.993 0.9 1.0 1.111 1.0 1.185 0.975 1.0 1.12 1.0 0.664 0.702 1.0 0.936 1.0 0.665 1.145 1.0 0.79 1.0 1.101 1.09 1.0 1.039 1.0 1.686 1.054 1.0 0.912 1.0 1.0 0.922 1.0 0.993 1.0 1.0 0.942 1.0 0.8 1.0 1.0 0.934 1.0 1.108 1.0 1.0 0.786 1.0 0.866 1.0 1.0 0.731 1.0 0.775 1.0 1.0 1.026 1.0 1.0 1.0 1.0 1.767 1.0 1.0 1.0 1.0 0.851 1.0 1.0 1.0 1.0 0.747 1.0 1.0 1.0 1.0 0.752 1.0 1.0 1.0 1.0 0.756 1.0 1.0 1.0 1.0 0.758 1.0 1.0 1.0 1.0 0.807 1.0 1.0 1.0 1.0 1.0 1.0 1.0 1.0 1.0 1.0 1.0 1.0 1.0 1.0 1.0 1.0 1.0 1.0 1.0 1.0 1.0 1.0 1.0 1.0 1.0 1.0 1.0 1.0 1.0 1.0 1.0 1.0 1.0 1.0 1.0 1.0 1.0 1.0 1.0 1.0 1.0 1.0 1.0 1.0 1.0 1.0 1.0 1.0 1.0 1.0 1.0 1.0 1.0 1.0 1.0 1.0 1.0 1.0 1.0 1.0 1.0 1.0 1.0 1.0 1.0 1.0 1.0 1.0 1.0 1.0 1.0 1.0 1.0 1.0 1.0 1.0 1.0 1.0 1.0 1.0 1.0 1.0 1.0 1.0 1.0 1.0 1.0 1.0 1.0 1.0 1.0 1.0 1.0 1.0 1.0 1.0 1.0 1.0 1.0 1.0 1.0 1.0 1.0 1.0 1.0 1.0 1.0 1.0 1.0 1.0 1.0 1.0 1.0 1.0 1.0 1.0 1.0 1.0 1.0 1.0 1.0 1.0 1.0 1.0 1.0 1.0 1.0 1.0 1.0 1.0 1.0 1.0 1.0 1.0 1.0 1.0 1.0 1.0 1.0 1.0 1.0 1.0 1.0 1.0 1.0 1.0 1.0 1.0 1.0 1.0 1.0 1.0 1.0 0.985 0.952 1.095 0.969 0.949 1.286 0.917 0.929 0.786 0.945 1.009 1.044 0.972 0.762 1.166 1.087 0.754 0.894 0.749 1.01 1.002 1.057 0.977 0.845 0.793 1.17 0.822 1.203 1.094 0.701 0.744 1.269 0.866 1.084 0.745 1.187 1.174 1.081 1.302 0.727 0.71 0.762 1.229 0.584 1.204 0.752 0.991 1.066 0.686 1.213 0.729 0.769 0.742 0.731 0.651 1.195 0.774 0.822 1.274 0.655 1.103 0.965 1.154 0.594 0.992 1.009 1.127 1.132 0.678 1.174 0.929 1.048 1.065 1.257 0.679 1.062 1.013 1.044 0.595 1.184 0.961 0.987 0.705 0.611 0.694 1.0 1.159 1.155 0.973 0.774 1.0 1.036 0.701 0.657 1.21 1.0 1.038 1.374 0.927 0.952 1.0 0.833 0.622 0.661 0.685 1.0 0.852 0.9 0.875 1.0 1.0 1.089 0.9 0.92 1.0 1.0 0.839 0.825 0.912 1.0 1.0 1.152 0.722 0.875 1.0 1.0 1.034 0.67 0.647 1.0 1.0 1.206 0.637 1.253 1.0 1.0 0.902 0.781 0.802 1.0 1.0 0.851 1.274 0.781 1.0 1.0 0.898 0.892 1.0 1.0 1.0 1.251 0.663 1.0 1.0 1.0 0.759 0.683 1.0 1.0 1.0 0.717 0.646 1.0 1.0 1.0 1.006 1.675 1.0 1.0 1.0 0.684 1.0 1.0 1.0 1.0 0.678 1.0 1.0 1.0 1.0 0.996 1.0 1.0 1.0 1.0 0.958 1.0 1.0 1.0 1.0 0.886 1.0 1.0 1.0 1.0 0.907 1.0 1.0 1.0 1.0 0.972 1.0 1.0 1.0 1.0 0.701 1.0 1.0 1.0 1.0 0.912 1.0 1.0 1.0 1.0 0.853 1.0 1.0 1.0 1.0 1.25 1.0 1.0 1.0 1.0 0.687 1.0 1.0 1.0 1.0 1.762 1.0 1.0 1.0 1.0 1.562 1.0 1.0 1.0 1.0 0.697 1.0 1.0 1.0 1.0 1.0 1.0 1.0 1.0 1.0 1.0 1.0 1.0 1.0 1.0 1.0 1.0 1.0 1.0 1.0 1.0 1.0 1.0 1.0 1.0 1.0 1.0 1.0 1.0 1.0 1.0 1.0 1.0 1.0 1.0 1.0 1.0 1.0 1.0 1.0 1.0 1.0 1.0 1.0 1.0 1.0 1.0 1.0 1.0 1.0 1.0 1.0 1.0 1.0 1.0 1.0 1.0 1.0 1.0 1.0 1.0 1.0 1.0 1.0 1.0 1.0 1.0 1.0 1.0 1.0 1.0 1.0 1.0 1.0 1.0 1.0 1.0 1.0 1.0 1.0 1.0 1.0 1.0 1.0 1.0 1.0 1.0 1.0 1.0 1.0 1.0 1.0 1.0 1.0 1.0 1.0 1.0 1.0 1.0 1.0 1.0 1.0 1.0 1.0 1.0 1.0 1.0 1.0 1.0 1.0 1.0 1.0 1.0 1.0 1.0 1.0 1.0 1.0 1.0 1.0 1.0 1.0 1.0 1.0 1.0 1.0 1.0 1.0 1.0 1.0 1.0 1.0 1.0 1.0 1.0 1.0 1.0 1.0 1.0 1.192 1.035 0.834 1.093 0.842 0.935 0.917 1.141 0.939 0.776 1.326 1.339 0.911 1.154 1.281 0.915 1.039 1.342 1.17 0.863 1.313 1.096 1.345 0.889 0.844 0.977 0.927 0.888 1.191 1.259 1.233 0.871 1.044 0.7 0.744 0.949 0.869 1.04 0.859 1.285 1.061 1.06 1.093 1.297 0.624 1.065 1.163 1.055 0.841 1.123 0.973 1.149 1.191 1.145 1.122 0.804 0.692 1.058 1.001 0.615 1.01 1.159 1.176 0.727 0.678 1.082 1.107 0.665 1.217 0.956 1.227 1.232 0.893 1.275 0.756 0.964 1.119 0.753 1.119 0.768 1.169 1.14 0.921 1.251 1.086 0.648 0.985 0.878 1.263 0.978 0.767 0.628 0.86 0.678 1.068 1.097 0.64 0.747 0.848 1.339 0.727 0.668 1.423 1.189 0.797 1.069 0.945 1.0 0.962 0.916 0.768 0.666 1.0 0.722 0.746 0.989 0.7 1.0 1.19 1.0 0.685 1.305 1.0 1.498 1.0 0.721 0.706 1.0 0.841 1.0 0.675 1.394 1.0 1.056 1.0 0.731 1.049 1.0 0.847 1.0 0.865 0.847 1.0 1.096 1.0 1.125 1.219 1.0 0.8 1.0 0.95 0.848 1.0 0.806 1.0 0.978 0.744 1.0 1.0 1.0 0.792 0.829 1.0 1.0 1.0 0.997 0.725 1.0 1.0 1.0 1.133 0.718 1.0 1.0 1.0 0.921 0.73 1.0 1.0 1.0 0.892 0.746 1.0 1.0 1.0 1.063 0.98 1.0 1.0 1.0 0.963 1.0 1.0 1.0 1.0 0.992 1.0 1.0 1.0 1.0 0.883 1.0 1.0 1.0 1.0 0.852 1.0 1.0 1.0 1.0 0.804 1.0 1.0 1.0 1.0 0.765 1.0 1.0 1.0 1.0 1.362 1.0 1.0 1.0 1.0 1.356 1.0 1.0 1.0 1.0 1.454 1.0 1.0 1.0 1.0 1.071 1.0 1.0 1.0 1.0 0.769 1.0 1.0 1.0 1.0 0.781 1.0 1.0 1.0 1.0 1.617 1.0 1.0 1.0 1.0 0.625 1.0 1.0 1.0 1.0 1.0 1.0 1.0 1.0 1.0 1.0 1.0 1.0 1.0 1.0 1.0 1.0 1.0 1.0 1.0 1.0 1.0 1.0 1.0 1.0 1.0 1.0 1.0 1.0 1.0 1.0 1.0 1.0 1.0 1.0 1.0 1.0 1.0 1.0 1.0 1.0 1.0 1.0 1.0 1.0 1.0 1.0 1.0 1.0 1.0 1.0 1.0 1.0 1.0 1.0 1.0 1.0 1.0 1.0 1.0 1.0 1.0 1.0 1.0 1.0 1.0 1.0 1.0 1.0 1.0 1.0 1.0 1.0 1.0 1.0 1.0 1.0 1.0 1.0 1.0 1.0 1.0 1.0 1.0 1.0 1.0 1.0 1.0 1.0 1.0 1.0 1.0 1.0 1.0 1.0 1.0 1.0 1.0 1.0 1.0 1.0 1.0 1.0 1.0 1.0 1.0 1.0 1.0 1.0 1.0 1.0 1.0 1.0 1.0 1.0 1.0 1.0 1.0 1.0 1.0 1.0 1.0 1.0 1.0 1.0 1.192 1.004 0.834 1.093 1.082 0.825 0.918 1.274 0.956 0.771 0.915 1.026 0.92 0.964 0.936 0.789 1.027 1.18 0.864 1.359 0.865 1.159 0.963 1.103 0.948 1.114 1.163 1.175 0.739 1.134 1.061 1.117 1.168 1.373 0.753 0.672 1.155 1.263 1.376 1.253 1.185 0.822 1.256 1.131 1.343 0.86 0.778 0.743 1.187 1.184 1.317 1.186 0.984 1.166 1.318 1.261 1.255 1.013 1.294 1.364 1.281 1.089 0.915 1.038 1.258 1.328 1.271 1.222 1.28 0.943 1.306 1.282 1.066 1.319 1.289 0.94 1.318 1.201 1.29 0.743 1.384 0.627 1.239 0.888 1.304 1.255 1.258 0.868 1.328 0.773 0.626 1.3 1.18 0.757 1.125 1.044 1.265 1.047 0.702 1.302 1.382 0.7 1.225 1.095 1.308 0.938 1.007 1.146 0.721 0.765 1.311 1.286 1.148 0.772 1.303 1.249 0.812 0.984 1.342 0.845 1.24 0.824 1.006 1.366 0.814 0.983 1.391 0.945 0.784 0.769 1.47 0.794 0.934 1.133 1.387 1.171 0.828 0.962 0.918 1.301 0.879 1.438 0.977 0.716 0.721 0.676 1.0 0.952 0.658 1.0 0.678 1.0 0.917 1.0 1.0 0.708 1.0 0.775 1.0 1.0 0.736 1.0 1.073 1.0 1.0 1.183 1.0 1.096 1.0 1.0 1.799 1.0 1.374 1.0 1.0 0.771 1.0 0.963 1.0 1.0 1.812 1.0 0.767 1.0 1.0 0.83 1.0 0.755 1.0 1.0 0.863 1.0 0.751 1.0 1.0 0.783 1.0 0.747 1.0 1.0 1.0 1.0 0.799 1.0 1.0 1.0 1.0 1.417 1.0 1.0 1.0 1.0 1.295 1.0 1.0 1.0 1.0 1.098 1.0 1.0 1.0 1.0 1.007 1.0 1.0 1.0 1.0 1.005 1.0 1.0 1.0 1.0 0.97 1.0 1.0 1.0 1.0 1.083 1.0 1.0 1.0 1.0 1.152 1.0 1.0 1.0 1.0 1.161 1.0 1.0 1.0 1.0 0.886 1.0 1.0 1.0 1.0 0.829 1.0 1.0 1.0 1.0 0.827 1.0 1.0 1.0 1.0 1.004 1.0 1.0 1.0 1.0 0.955 1.0 1.0 1.0 1.0 1.009 1.0 1.0 1.0 1.0 1.073 1.0 1.0 1.0 1.0 1.096 1.0 1.0 1.0 1.0 0.73 1.0 1.0 1.0 1.0 0.942 1.0 1.0 1.0 1.0 1.097 1.0 1.0 1.0 1.0 1.164 1.0 1.0 1.0 1.0 0.754 1.0 1.0 1.0 1.0 0.772 1.0 1.0 1.0 1.0 0.82 1.0 1.0 1.0 1.0 0.78 1.0 1.0 1.0 1.0 1.019 1.0 1.0 1.0 1.0 0.781 1.0 1.0 1.0 1.0 1.078 1.0 1.0 1.0 1.0 0.832 1.0 1.0 1.0 1.0 1.15 1.0 1.0 1.0 1.0 0.741 1.0 1.0 1.0 1.0 0.807 1.0 1.0 1.0 1.0 0.732 1.0 1.0 1.0 1.0 0.672 1.0 1.0 1.0 1.0 0.722 1.0 1.0 0.96 1.196 0.949 1.168 0.974 1.287 0.916 1.275 0.777 1.114 0.807 1.032 0.929 0.751 1.343 0.906 1.14 1.173 0.797 0.947 0.867 1.104 0.714 0.874 1.011 1.115 1.164 0.816 1.208 0.883 1.053 0.76 0.817 1.316 0.973 0.829 1.101 1.115 1.141 1.296 0.845 1.177 1.251 1.291 0.712 1.306 1.231 1.056 1.207 1.361 1.324 0.741 1.209 0.673 1.185 1.17 1.028 1.218 1.221 1.368 1.252 1.192 0.685 1.407 0.694 0.858 1.19 1.279 1.338 1.045 0.946 1.302 0.889 1.032 1.369 0.905 1.185 0.875 1.453 1.197 1.239 1.284 1.236 0.638 0.989 1.001 1.0 1.355 1.331 1.22 0.875 1.0 0.961 1.215 0.747 0.981 1.0 0.933 0.888 0.753 0.838 1.0 0.765 0.713 1.173 1.077 1.0 0.708 1.02 0.791 1.025 1.0 0.908 1.548 1.059 1.125 1.0 1.007 0.712 1.073 0.908 1.0 0.854 0.732 1.168 0.815 1.0 0.925 0.703 0.732 1.237 1.0 0.887 1.257 0.792 0.936 1.0 1.045 0.99 0.8 0.966 1.0 0.742 0.981 1.008 0.969 1.0 0.946 0.728 1.002 1.181 1.0 0.916 0.956 0.705 0.894 1.0 0.95 0.944 1.0 1.155 1.0 0.716 0.924 1.0 0.954 1.0 0.799 0.904 1.0 0.771 1.0 0.932 0.804 1.0 0.795 1.0 1.0 1.251 1.0 0.818 1.0 1.0 0.846 1.0 0.766 1.0 1.0 0.894 1.0 0.812 1.0 1.0 1.441 1.0 1.12 1.0 1.0 1.419 1.0 0.764 1.0 1.0 0.746 1.0 0.71 1.0 1.0 0.73 1.0 0.715 1.0 1.0 0.721 1.0 0.73 1.0 1.0 1.122 1.0 1.0 1.0 1.0 1.13 1.0 1.0 1.0 1.0 0.979 1.0 1.0 1.0 1.0 0.706 1.0 1.0 1.0 1.0 1.0 1.0 1.0 1.0 1.0 1.0 1.0 1.0 1.0 1.0 1.0 1.0 1.0 1.0 1.0 1.0 1.0 1.0 1.0 1.0 1.0 1.0 1.0 1.0 1.0 1.0 1.0 1.0 1.0 1.0 1.0 1.0 1.0 1.0 1.0 1.0 1.0 1.0 1.0 1.0 1.0 1.0 1.0 1.0 1.0 1.0 1.0 1.0 1.0 1.0 1.0 1.0 1.0 1.0 1.0 1.0 1.0 1.0 1.0 1.0 1.0 1.0 1.0 1.0 1.0 1.0 1.0 1.0 1.0 1.0 1.0 1.0 1.0 1.0 1.0 1.0 1.0 1.0 1.0 1.0 1.0 1.0 1.0 1.0 1.0 1.0 1.0 1.0 1.0 1.0 1.0 1.0 1.0 1.0 1.0 1.0 1.0 1.0 1.0 1.0 1.0 1.0 1.0 1.0 1.0 1.0 1.0 1.0 1.0 1.0 1.0 1.0 1.0 1.0 1.0 1.0 1.0 1.0 1.0 1.0 1.0 1.0 1.0 1.0 1.0 1.0 1.0 1.0 1.0 1.0 1.0 1.0 1.0 1.0 1.0 1.0 1.0 1.0 1.0 1.0 1.0 1.0 0.872 1.035 1.188 0.959 0.974 1.03 1.285 1.133 0.965 1.109 0.905 1.32 0.952 1.07 1.342 0.779 1.031 0.725 0.754 0.968 1.352 1.342 1.19 1.112 1.15 0.772 0.777 0.721 0.617 0.782 0.819 1.065 1.192 1.09 0.81 1.114 0.812 0.85 0.659 1.056 0.746 0.727 1.031 1.199 0.757 1.174 1.096 1.333 0.69 1.048 0.912 1.081 1.046 0.97 1.117 0.697 0.83 0.874 0.696 0.83 1.224 0.713 0.986 1.0 1.284 0.774 1.303 0.98 1.0 1.176 1.027 0.752 1.125 1.0 0.667 0.728 1.133 1.098 1.0 1.125 0.857 0.877 0.926 1.0 0.992 1.168 0.821 1.002 1.0 0.864 0.735 1.126 0.824 1.0 0.705 1.173 1.097 0.942 1.0 0.745 1.16 1.005 1.014 1.0 0.829 1.187 1.063 1.049 1.0 0.82 0.728 0.89 0.914 1.0 0.765 0.845 1.14 0.906 1.0 1.434 0.864 0.739 1.054 1.0 1.033 0.924 1.226 0.904 1.0 0.713 0.757 0.976 1.358 1.0 0.768 0.77 0.731 0.902 1.0 1.0 0.764 0.94 1.049 1.0 1.0 0.887 1.03 1.034 1.0 1.0 1.193 1.087 1.036 1.0 1.0 0.967 0.83 0.729 1.0 1.0 0.814 0.988 0.894 1.0 1.0 0.713 0.976 1.386 1.0 1.0 1.0 0.738 1.394 1.0 1.0 1.0 1.323 1.305 1.0 1.0 1.0 0.724 0.799 1.0 1.0 1.0 0.846 1.054 1.0 1.0 1.0 0.837 0.916 1.0 1.0 1.0 0.829 0.989 1.0 1.0 1.0 0.872 0.955 1.0 1.0 1.0 0.858 0.821 1.0 1.0 1.0 0.86 0.668 1.0 1.0 1.0 1.039 0.835 1.0 1.0 1.0 0.948 0.665 1.0 1.0 1.0 0.8 0.649 1.0 1.0 1.0 0.927 0.723 1.0 1.0 1.0 0.967 0.66 1.0 1.0 1.0 0.957 0.743 1.0 1.0 1.0 1.003 1.0 1.0 1.0 1.0 0.716 1.0 1.0 1.0 1.0 0.724 1.0 1.0 1.0 1.0 1.063 1.0 1.0 1.0 1.0 0.688 1.0 1.0 1.0 1.0 0.703 1.0 1.0 1.0 1.0 0.728 1.0 1.0 1.0 1.0 0.763 1.0 1.0 1.0 1.0 0.714 1.0 1.0 1.0 1.0 0.734 1.0 1.0 1.0 1.0 0.678 1.0 1.0 1.0 1.0 1.0 1.0 1.0 1.0 1.0 1.0 1.0 1.0 1.0 1.0 1.0 1.0 1.0 1.0 1.0 1.0 1.0 1.0 1.0 1.0 1.0 1.0 1.0 1.0 1.0 1.0 1.0 1.0 1.0 1.0 1.0 1.0 1.0 1.0 1.0 1.0 1.0 1.0 1.0 1.0 1.0 1.0 1.0 1.0 1.0 1.0 1.0 1.0 1.0 1.0 1.0 1.0 1.0 1.0 1.0 1.0 1.0 1.0 1.0 1.0 1.0 1.0 1.0 1.0 1.0 1.0 1.0 1.0 1.0 1.0 1.0 1.0 1.0 1.0 1.0 1.0 1.0 1.0 1.0 1.192 1.196 0.969 1.093 0.842 0.935 1.292 1.294 1.137 1.267 1.322 1.037 0.943 1.168 1.288 0.799 0.857 0.923 0.723 0.807 1.056 1.066 1.177 0.869 1.057 0.819 1.251 0.883 1.327 0.791 1.191 0.589 1.018 0.717 1.104 0.863 1.187 0.781 1.057 1.074 1.048 1.285 1.189 0.985 1.152 1.122 1.209 1.198 1.313 0.678 0.755 1.134 1.123 1.179 1.236 1.184 0.647 1.077 1.052 1.257 1.081 1.264 1.24 1.364 1.049 1.078 0.622 1.28 1.053 1.205 1.181 1.45 0.69 0.772 0.709 1.251 1.207 0.697 1.332 0.699 1.123 1.006 1.262 1.277 1.0 1.32 0.633 1.286 1.352 1.0 1.312 1.234 1.108 0.665 1.0 1.1 0.933 1.291 1.275 1.0 0.99 0.773 1.327 0.675 1.0 0.925 1.225 0.973 1.1 1.0 0.951 0.939 0.92 1.034 1.0 0.979 1.409 1.426 0.8 1.0 0.998 1.398 0.855 1.209 1.0 1.268 0.989 0.73 1.037 1.0 1.225 1.408 1.347 0.963 1.0 1.193 0.746 0.748 0.691 1.0 0.961 1.427 1.276 0.811 1.0 1.292 0.599 1.238 0.7 1.0 1.268 0.725 1.242 0.798 1.0 0.661 1.068 0.96 1.018 1.0 0.67 1.26 1.272 0.751 1.0 0.682 1.336 0.739 1.0 1.0 0.699 0.638 0.82 1.0 1.0 0.777 0.702 1.0 1.0 1.0 0.77 0.798 1.0 1.0 1.0 0.759 0.816 1.0 1.0 1.0 1.038 0.723 1.0 1.0 1.0 0.843 0.754 1.0 1.0 1.0 1.086 0.76 1.0 1.0 1.0 1.107 1.0 1.0 1.0 1.0 0.884 1.0 1.0 1.0 1.0 1.554 1.0 1.0 1.0 1.0 0.781 1.0 1.0 1.0 1.0 0.887 1.0 1.0 1.0 1.0 1.243 1.0 1.0 1.0 1.0 0.827 1.0 1.0 1.0 1.0 0.81 1.0 1.0 1.0 1.0 1.0 1.0 1.0 1.0 1.0 1.0 1.0 1.0 1.0 1.0 1.0 1.0 1.0 1.0 1.0 1.0 1.0 1.0 1.0 1.0 1.0 1.0 1.0 1.0 1.0 1.0 1.0 1.0 1.0 1.0 1.0 1.0 1.0 1.0 1.0 1.0 1.0 1.0 1.0 1.0 1.0 1.0 1.0 1.0 1.0 1.0 1.0 1.0 1.0 1.0 1.0 1.0 1.0 1.0 1.0 1.0 1.0 1.0 1.0 1.0 1.0 1.0 1.0 1.0 1.0 1.0 1.0 1.0 1.0 1.0 1.0 1.0 1.0 1.0 1.0 1.0 1.0 1.0 1.0 1.0 1.0 1.0 1.0 1.0 1.0 1.0 1.0 1.0 1.0 1.0 1.0 1.0 1.0 1.0 1.0 1.0 1.0 1.0 1.0 1.0 1.0 1.0 1.0 1.0 1.0 1.0 1.0 1.0 1.0 1.0 1.0 1.0 1.0 1.0 1.0 1.0 1.0 1.0 1.0 1.0 1.0 1.0 1.0 1.0 1.0 1.0 1.0 1.0 1.0 1.0 1.0 1.0 1.0 1.0 1.0 0.872 1.004 1.188 1.093 0.842 1.283 0.919 1.138 0.778 1.274 0.996 0.756 0.919 1.268 1.15 0.905 0.745 1.166 0.747 0.921 1.123 1.314 1.168 1.019 0.844 1.114 1.042 0.709 1.092 1.204 1.107 0.801 1.176 1.096 0.923 1.191 0.863 0.703 1.142 1.26 0.85 0.949 0.989 1.296 1.095 0.763 0.86 0.888 1.135 1.101 1.214 1.16 0.913 1.256 1.073 1.14 0.975 0.979 1.086 0.67 0.712 1.182 1.021 1.155 1.143 1.192 0.787 0.831 0.944 1.362 0.754 1.163 0.889 1.02 0.648 1.183 1.196 1.008 1.0 1.249 0.759 1.146 1.131 1.0 1.226 0.777 1.149 0.807 1.0 1.258 1.123 1.108 1.143 1.0 1.408 0.813 0.814 0.962 1.0 0.725 1.057 0.676 1.163 1.0 0.94 1.022 0.682 1.033 1.0 1.031 1.122 0.968 0.722 1.0 1.028 1.268 0.796 1.229 1.0 1.578 0.857 0.824 1.035 1.0 1.126 0.951 1.093 1.267 1.0 0.726 1.277 0.793 0.921 1.0 1.625 0.926 0.871 1.281 1.0 1.066 1.064 1.112 0.808 1.0 0.845 0.826 1.2 0.755 1.0 1.036 1.314 0.912 0.773 1.0 0.752 1.007 1.296 1.018 1.0 0.833 1.0 1.33 1.324 1.0 1.054 1.0 1.388 0.806 1.0 0.861 1.0 0.88 0.843 1.0 0.703 1.0 0.946 0.725 1.0 0.812 1.0 0.807 0.787 1.0 0.883 1.0 0.786 0.686 1.0 0.926 1.0 0.749 1.508 1.0 1.911 1.0 1.0 0.694 1.0 0.732 1.0 1.0 0.707 1.0 0.874 1.0 1.0 1.255 1.0 1.0 1.0 1.0 0.649 1.0 1.0 1.0 1.0 0.947 1.0 1.0 1.0 1.0 1.757 1.0 1.0 1.0 1.0 1.0 1.0 1.0 1.0 1.0 1.0 1.0 1.0 1.0 1.0 1.0 1.0 1.0 1.0 1.0 1.0 1.0 1.0 1.0 1.0 1.0 1.0 1.0 1.0 1.0 1.0 1.0 1.0 1.0 1.0 1.0 1.0 1.0 1.0 1.0 1.0 1.0 1.0 1.0 1.0 1.0 1.0 1.0 1.0 1.0 1.0 1.0 1.0 1.0 1.0 1.0 1.0 1.0 1.0 1.0 1.0 1.0 1.0 1.0 1.0 1.0 1.0 1.0 1.0 1.0 1.0 1.0 1.0 1.0 1.0 1.0 1.0 1.0 1.0 1.0 1.0 1.0 1.0 1.0 1.0 1.0 1.0 1.0 1.0 1.0 1.0 1.0 1.0 1.0 1.0 1.0 1.0 1.0 1.0 1.0 1.0 1.0 1.0 1.0 1.0 1.0 1.0 1.0 1.0 1.0 1.0 1.0 1.0 1.0 1.0 1.0 1.0 1.0 1.0 1.0 1.0 1.0 1.0 1.0 1.0 1.0 1.0 1.0 1.0 1.0 1.0 1.0 1.0 1.0 1.0 1.0 1.0 1.0 1.0 1.0 1.0 1.0 1.0 1.0 1.0 1.0 1.0 1.0 1.0 1.0 1.0 1.0 1.0 1.0 1.0 1.0 1.0 1.0,1.9111174,0.91111743,0.58396155,0.3,0.5693187713623047,0.0003,5,3.7950115
44,0.19600939750671387,0.99583465,1.019 1.036 0.949 0.97 0.948 0.929 1.275 1.149 0.775 0.771 1.042 1.312 0.919 1.161 1.012 1.328 0.734 0.701 0.89 0.852 1.036 1.103 0.891 1.336 1.055 1.027 0.729 1.291 1.046 1.1 1.079 0.73 1.085 0.799 1.15 0.878 0.84 1.262 1.11 1.148 1.135 1.109 0.98 0.66 0.688 0.936 0.722 1.14 1.271 0.986 1.231 0.721 1.15 1.27 0.724 0.876 1.051 1.148 1.093 1.066 0.821 0.873 0.736 1.216 1.0 1.17 1.13 0.676 0.73 1.0 1.083 1.133 1.081 1.197 1.0 1.28 1.427 1.101 1.154 1.0 1.34 0.887 1.369 1.042 1.0 1.278 0.869 1.212 0.665 1.0 1.085 0.675 1.034 1.096 1.0 0.996 0.865 0.744 0.757 1.0 1.258 0.668 0.791 1.184 1.0 0.954 1.065 1.0 0.754 1.0 0.706 0.797 1.0 0.774 1.0 0.698 1.101 1.0 0.799 1.0 0.702 0.977 1.0 0.825 1.0 1.026 0.98 1.0 0.731 1.0 0.708 1.169 1.0 0.703 1.0 0.987 0.893 1.0 1.113 1.0 1.183 0.976 1.0 1.118 1.0 0.667 0.701 1.0 0.933 1.0 0.669 1.141 1.0 0.789 1.0 1.096 1.085 1.0 1.038 1.0 1.698 1.048 1.0 0.907 1.0 1.0 0.923 1.0 0.991 1.0 1.0 0.942 1.0 0.802 1.0 1.0 0.932 1.0 1.105 1.0 1.0 0.777 1.0 0.872 1.0 1.0 0.732 1.0 0.775 1.0 1.0 1.018 1.0 1.0 1.0 1.0 1.789 1.0 1.0 1.0 1.0 0.839 1.0 1.0 1.0 1.0 0.744 1.0 1.0 1.0 1.0 0.75 1.0 1.0 1.0 1.0 0.754 1.0 1.0 1.0 1.0 0.748 1.0 1.0 1.0 1.0 0.812 1.0 1.0 1.0 1.0 1.0 1.0 1.0 1.0 1.0 1.0 1.0 1.0 1.0 1.0 1.0 1.0 1.0 1.0 1.0 1.0 1.0 1.0 1.0 1.0 1.0 1.0 1.0 1.0 1.0 1.0 1.0 1.0 1.0 1.0 1.0 1.0 1.0 1.0 1.0 1.0 1.0 1.0 1.0 1.0 1.0 1.0 1.0 1.0 1.0 1.0 1.0 1.0 1.0 1.0 1.0 1.0 1.0 1.0 1.0 1.0 1.0 1.0 1.0 1.0 1.0 1.0 1.0 1.0 1.0 1.0 1.0 1.0 1.0 1.0 1.0 1.0 1.0 1.0 1.0 1.0 1.0 1.0 1.0 1.0 1.0 1.0 1.0 1.0 1.0 1.0 1.0 1.0 1.0 1.0 1.0 1.0 1.0 1.0 1.0 1.0 1.0 1.0 1.0 1.0 1.0 1.0 1.0 1.0 1.0 1.0 1.0 1.0 1.0 1.0 1.0 1.0 1.0 1.0 1.0 1.0 1.0 1.0 1.0 1.0 1.0 1.0 1.0 1.0 1.0 1.0 1.0 1.0 1.0 1.0 1.0 1.0 1.0 1.0 1.0 1.0 1.0 1.0 1.0 1.0 1.0 1.0 1.0 1.0 1.0 1.0 1.0 1.0 1.0 0.985 0.953 1.098 0.97 0.948 1.282 0.919 0.93 0.786 0.944 1.008 1.045 0.972 0.763 1.167 1.088 0.755 0.895 0.75 1.005 1.001 1.058 0.977 0.844 0.786 1.169 0.822 1.204 1.095 0.694 0.743 1.265 0.869 1.092 0.743 1.186 1.168 1.083 1.302 0.725 0.709 0.76 1.229 0.576 1.204 0.752 0.982 1.075 0.683 1.213 0.729 0.765 0.739 0.728 0.649 1.195 0.771 0.812 1.279 0.653 1.097 0.971 1.156 0.589 0.994 1.011 1.129 1.134 0.678 1.172 0.929 1.046 1.062 1.26 0.677 1.06 1.02 1.046 0.591 1.183 0.961 0.994 0.702 0.608 0.692 1.0 1.163 1.153 0.969 0.776 1.0 1.031 0.698 0.656 1.211 1.0 1.035 1.38 0.924 0.947 1.0 0.824 0.62 0.662 0.686 1.0 0.844 0.894 0.87 1.0 1.0 1.095 0.894 0.915 1.0 1.0 0.833 0.817 0.906 1.0 1.0 1.154 0.722 0.869 1.0 1.0 1.037 0.669 0.647 1.0 1.0 1.21 0.639 1.251 1.0 1.0 0.896 0.773 0.795 1.0 1.0 0.844 1.272 0.785 1.0 1.0 0.892 0.884 1.0 1.0 1.0 1.253 0.656 1.0 1.0 1.0 0.756 0.686 1.0 1.0 1.0 0.713 0.638 1.0 1.0 1.0 1.014 1.689 1.0 1.0 1.0 0.68 1.0 1.0 1.0 1.0 0.674 1.0 1.0 1.0 1.0 1.002 1.0 1.0 1.0 1.0 0.949 1.0 1.0 1.0 1.0 0.879 1.0 1.0 1.0 1.0 0.897 1.0 1.0 1.0 1.0 0.969 1.0 1.0 1.0 1.0 0.703 1.0 1.0 1.0 1.0 0.901 1.0 1.0 1.0 1.0 0.843 1.0 1.0 1.0 1.0 1.246 1.0 1.0 1.0 1.0 0.679 1.0 1.0 1.0 1.0 1.781 1.0 1.0 1.0 1.0 1.572 1.0 1.0 1.0 1.0 0.703 1.0 1.0 1.0 1.0 1.0 1.0 1.0 1.0 1.0 1.0 1.0 1.0 1.0 1.0 1.0 1.0 1.0 1.0 1.0 1.0 1.0 1.0 1.0 1.0 1.0 1.0 1.0 1.0 1.0 1.0 1.0 1.0 1.0 1.0 1.0 1.0 1.0 1.0 1.0 1.0 1.0 1.0 1.0 1.0 1.0 1.0 1.0 1.0 1.0 1.0 1.0 1.0 1.0 1.0 1.0 1.0 1.0 1.0 1.0 1.0 1.0 1.0 1.0 1.0 1.0 1.0 1.0 1.0 1.0 1.0 1.0 1.0 1.0 1.0 1.0 1.0 1.0 1.0 1.0 1.0 1.0 1.0 1.0 1.0 1.0 1.0 1.0 1.0 1.0 1.0 1.0 1.0 1.0 1.0 1.0 1.0 1.0 1.0 1.0 1.0 1.0 1.0 1.0 1.0 1.0 1.0 1.0 1.0 1.0 1.0 1.0 1.0 1.0 1.0 1.0 1.0 1.0 1.0 1.0 1.0 1.0 1.0 1.0 1.0 1.0 1.0 1.0 1.0 1.0 1.0 1.0 1.0 1.0 1.0 1.0 1.0 1.0 1.0 1.19 1.036 0.834 1.096 0.842 0.938 0.919 1.146 0.94 0.776 1.321 1.334 0.912 1.159 1.275 0.918 1.04 1.335 1.175 0.863 1.308 1.097 1.336 0.89 0.843 0.982 0.93 0.888 1.197 1.257 1.228 0.872 1.045 0.701 0.736 0.953 0.873 1.041 0.859 1.283 1.058 1.06 1.091 1.291 0.617 1.065 1.16 1.053 0.846 1.122 0.965 1.147 1.198 1.148 1.121 0.803 0.684 1.057 1.009 0.609 1.002 1.169 1.174 0.723 0.676 1.08 1.114 0.663 1.223 0.955 1.225 1.233 0.891 1.276 0.755 0.958 1.115 0.754 1.118 0.767 1.171 1.136 0.918 1.252 1.084 0.646 0.986 0.873 1.268 0.974 0.767 0.623 0.858 0.675 1.068 1.098 0.636 0.749 0.846 1.343 0.727 0.67 1.425 1.194 0.791 1.064 0.944 1.0 0.963 0.915 0.766 0.667 1.0 0.718 0.74 0.984 0.697 1.0 1.194 1.0 0.684 1.309 1.0 1.506 1.0 0.72 0.703 1.0 0.835 1.0 0.674 1.397 1.0 1.053 1.0 0.729 1.045 1.0 0.838 1.0 0.867 0.845 1.0 1.093 1.0 1.123 1.221 1.0 0.805 1.0 0.945 0.845 1.0 0.797 1.0 0.983 0.741 1.0 1.0 1.0 0.793 0.825 1.0 1.0 1.0 0.992 0.729 1.0 1.0 1.0 1.131 0.717 1.0 1.0 1.0 0.923 0.726 1.0 1.0 1.0 0.895 0.746 1.0 1.0 1.0 1.059 0.977 1.0 1.0 1.0 0.969 1.0 1.0 1.0 1.0 0.985 1.0 1.0 1.0 1.0 0.876 1.0 1.0 1.0 1.0 0.844 1.0 1.0 1.0 1.0 0.797 1.0 1.0 1.0 1.0 0.764 1.0 1.0 1.0 1.0 1.36 1.0 1.0 1.0 1.0 1.355 1.0 1.0 1.0 1.0 1.457 1.0 1.0 1.0 1.0 1.067 1.0 1.0 1.0 1.0 0.77 1.0 1.0 1.0 1.0 0.775 1.0 1.0 1.0 1.0 1.627 1.0 1.0 1.0 1.0 0.614 1.0 1.0 1.0 1.0 1.0 1.0 1.0 1.0 1.0 1.0 1.0 1.0 1.0 1.0 1.0 1.0 1.0 1.0 1.0 1.0 1.0 1.0 1.0 1.0 1.0 1.0 1.0 1.0 1.0 1.0 1.0 1.0 1.0 1.0 1.0 1.0 1.0 1.0 1.0 1.0 1.0 1.0 1.0 1.0 1.0 1.0 1.0 1.0 1.0 1.0 1.0 1.0 1.0 1.0 1.0 1.0 1.0 1.0 1.0 1.0 1.0 1.0 1.0 1.0 1.0 1.0 1.0 1.0 1.0 1.0 1.0 1.0 1.0 1.0 1.0 1.0 1.0 1.0 1.0 1.0 1.0 1.0 1.0 1.0 1.0 1.0 1.0 1.0 1.0 1.0 1.0 1.0 1.0 1.0 1.0 1.0 1.0 1.0 1.0 1.0 1.0 1.0 1.0 1.0 1.0 1.0 1.0 1.0 1.0 1.0 1.0 1.0 1.0 1.0 1.0 1.0 1.0 1.0 1.0 1.0 1.0 1.0 1.0 1.0 1.19 1.003 0.834 1.096 1.085 0.826 0.92 1.268 0.955 0.772 0.918 1.026 0.92 0.964 0.937 0.791 1.027 1.186 0.863 1.351 0.869 1.154 0.963 1.112 0.94 1.115 1.16 1.179 0.736 1.146 1.071 1.127 1.172 1.37 0.75 0.664 1.165 1.258 1.372 1.267 1.196 0.821 1.251 1.134 1.34 0.86 0.777 0.74 1.196 1.195 1.322 1.184 0.975 1.172 1.32 1.259 1.261 1.021 1.295 1.366 1.284 1.088 0.907 1.041 1.266 1.333 1.277 1.225 1.281 0.943 1.31 1.282 1.074 1.32 1.29 0.939 1.321 1.204 1.291 0.743 1.39 0.627 1.244 0.886 1.312 1.253 1.26 0.861 1.328 0.773 0.626 1.305 1.182 0.757 1.125 1.042 1.266 1.053 0.702 1.301 1.388 0.702 1.227 1.094 1.307 0.936 1.007 1.146 0.721 0.766 1.311 1.29 1.149 0.775 1.309 1.25 0.814 0.987 1.344 0.842 1.241 0.826 1.003 1.369 0.81 0.98 1.392 0.95 0.788 0.77 1.477 0.797 0.938 1.135 1.389 1.169 0.831 0.964 0.916 1.302 0.874 1.44 0.974 0.709 0.723 0.676 1.0 0.949 0.66 1.0 0.68 1.0 0.909 1.0 1.0 0.711 1.0 0.772 1.0 1.0 0.74 1.0 1.082 1.0 1.0 1.179 1.0 1.106 1.0 1.0 1.821 1.0 1.38 1.0 1.0 0.763 1.0 0.961 1.0 1.0 1.833 1.0 0.762 1.0 1.0 0.822 1.0 0.75 1.0 1.0 0.852 1.0 0.746 1.0 1.0 0.785 1.0 0.742 1.0 1.0 1.0 1.0 0.788 1.0 1.0 1.0 1.0 1.425 1.0 1.0 1.0 1.0 1.302 1.0 1.0 1.0 1.0 1.105 1.0 1.0 1.0 1.0 1.005 1.0 1.0 1.0 1.0 1.001 1.0 1.0 1.0 1.0 0.964 1.0 1.0 1.0 1.0 1.086 1.0 1.0 1.0 1.0 1.163 1.0 1.0 1.0 1.0 1.174 1.0 1.0 1.0 1.0 0.888 1.0 1.0 1.0 1.0 0.821 1.0 1.0 1.0 1.0 0.814 1.0 1.0 1.0 1.0 1.013 1.0 1.0 1.0 1.0 0.949 1.0 1.0 1.0 1.0 1.003 1.0 1.0 1.0 1.0 1.077 1.0 1.0 1.0 1.0 1.099 1.0 1.0 1.0 1.0 0.716 1.0 1.0 1.0 1.0 0.935 1.0 1.0 1.0 1.0 1.099 1.0 1.0 1.0 1.0 1.176 1.0 1.0 1.0 1.0 0.741 1.0 1.0 1.0 1.0 0.762 1.0 1.0 1.0 1.0 0.807 1.0 1.0 1.0 1.0 0.77 1.0 1.0 1.0 1.0 1.014 1.0 1.0 1.0 1.0 0.767 1.0 1.0 1.0 1.0 1.085 1.0 1.0 1.0 1.0 0.819 1.0 1.0 1.0 1.0 1.164 1.0 1.0 1.0 1.0 0.728 1.0 1.0 1.0 1.0 0.808 1.0 1.0 1.0 1.0 0.722 1.0 1.0 1.0 1.0 0.676 1.0 1.0 1.0 1.0 0.711 1.0 1.0 0.962 1.194 0.949 1.165 0.975 1.284 0.918 1.27 0.778 1.119 0.809 1.032 0.93 0.752 1.337 0.909 1.135 1.179 0.799 0.946 0.869 1.105 0.715 0.876 1.011 1.111 1.164 0.818 1.211 0.876 1.052 0.758 0.819 1.314 0.973 0.829 1.109 1.117 1.148 1.294 0.847 1.176 1.253 1.296 0.71 1.304 1.238 1.064 1.204 1.36 1.323 0.74 1.213 0.671 1.186 1.167 1.03 1.218 1.224 1.368 1.252 1.19 0.682 1.415 0.691 0.86 1.191 1.281 1.338 1.047 0.943 1.311 0.889 1.032 1.371 0.909 1.187 0.875 1.46 1.197 1.238 1.291 1.24 0.638 0.988 1.002 1.0 1.363 1.335 1.22 0.872 1.0 0.96 1.216 0.745 0.977 1.0 0.93 0.884 0.751 0.831 1.0 0.765 0.715 1.175 1.08 1.0 0.709 1.018 0.79 1.029 1.0 0.904 1.555 1.058 1.128 1.0 1.003 0.711 1.07 0.915 1.0 0.853 0.734 1.169 0.81 1.0 0.923 0.702 0.731 1.235 1.0 0.887 1.256 0.788 0.937 1.0 1.039 0.986 0.796 0.967 1.0 0.743 0.978 1.004 0.97 1.0 0.938 0.73 0.999 1.182 1.0 0.913 0.952 0.704 0.889 1.0 0.948 0.944 1.0 1.156 1.0 0.717 0.923 1.0 0.954 1.0 0.798 0.902 1.0 0.771 1.0 0.923 0.807 1.0 0.798 1.0 1.0 1.253 1.0 0.813 1.0 1.0 0.843 1.0 0.764 1.0 1.0 0.892 1.0 0.805 1.0 1.0 1.444 1.0 1.115 1.0 1.0 1.423 1.0 0.756 1.0 1.0 0.75 1.0 0.713 1.0 1.0 0.722 1.0 0.705 1.0 1.0 0.712 1.0 0.734 1.0 1.0 1.117 1.0 1.0 1.0 1.0 1.125 1.0 1.0 1.0 1.0 0.974 1.0 1.0 1.0 1.0 0.696 1.0 1.0 1.0 1.0 1.0 1.0 1.0 1.0 1.0 1.0 1.0 1.0 1.0 1.0 1.0 1.0 1.0 1.0 1.0 1.0 1.0 1.0 1.0 1.0 1.0 1.0 1.0 1.0 1.0 1.0 1.0 1.0 1.0 1.0 1.0 1.0 1.0 1.0 1.0 1.0 1.0 1.0 1.0 1.0 1.0 1.0 1.0 1.0 1.0 1.0 1.0 1.0 1.0 1.0 1.0 1.0 1.0 1.0 1.0 1.0 1.0 1.0 1.0 1.0 1.0 1.0 1.0 1.0 1.0 1.0 1.0 1.0 1.0 1.0 1.0 1.0 1.0 1.0 1.0 1.0 1.0 1.0 1.0 1.0 1.0 1.0 1.0 1.0 1.0 1.0 1.0 1.0 1.0 1.0 1.0 1.0 1.0 1.0 1.0 1.0 1.0 1.0 1.0 1.0 1.0 1.0 1.0 1.0 1.0 1.0 1.0 1.0 1.0 1.0 1.0 1.0 1.0 1.0 1.0 1.0 1.0 1.0 1.0 1.0 1.0 1.0 1.0 1.0 1.0 1.0 1.0 1.0 1.0 1.0 1.0 1.0 1.0 1.0 1.0 1.0 1.0 1.0 1.0 1.0 1.0 1.0 0.872 1.036 1.186 0.958 0.975 1.031 1.281 1.138 0.965 1.112 0.907 1.315 0.952 1.071 1.336 0.781 1.031 0.726 0.747 0.967 1.346 1.335 1.196 1.121 1.153 0.774 0.78 0.723 0.61 0.785 0.819 1.066 1.199 1.086 0.807 1.116 0.814 0.85 0.657 1.058 0.744 0.726 1.031 1.198 0.753 1.177 1.096 1.325 0.689 1.059 0.9 1.083 1.047 0.969 1.129 0.693 0.831 0.879 0.694 0.822 1.228 0.713 0.993 1.0 1.281 0.772 1.295 0.985 1.0 1.186 1.025 0.752 1.126 1.0 0.664 0.722 1.132 1.099 1.0 1.128 0.853 0.879 0.93 1.0 0.993 1.164 0.814 1.0 1.0 0.86 0.734 1.126 0.823 1.0 0.704 1.175 1.095 0.937 1.0 0.748 1.159 1.007 1.021 1.0 0.823 1.189 1.065 1.051 1.0 0.813 0.727 0.894 0.909 1.0 0.769 0.84 1.143 0.9 1.0 1.44 0.87 0.735 1.056 1.0 1.031 0.931 1.223 0.898 1.0 0.714 0.756 0.972 1.357 1.0 0.76 0.77 0.727 0.897 1.0 1.0 0.763 0.935 1.05 1.0 1.0 0.882 1.039 1.042 1.0 1.0 1.19 1.087 1.043 1.0 1.0 0.977 0.826 0.726 1.0 1.0 0.808 0.987 0.889 1.0 1.0 0.711 0.976 1.386 1.0 1.0 1.0 0.734 1.395 1.0 1.0 1.0 1.323 1.306 1.0 1.0 1.0 0.721 0.795 1.0 1.0 1.0 0.84 1.063 1.0 1.0 1.0 0.831 0.913 1.0 1.0 1.0 0.823 0.982 1.0 1.0 1.0 0.866 0.965 1.0 1.0 1.0 0.853 0.812 1.0 1.0 1.0 0.854 0.671 1.0 1.0 1.0 1.041 0.826 1.0 1.0 1.0 0.949 0.666 1.0 1.0 1.0 0.793 0.653 1.0 1.0 1.0 0.934 0.713 1.0 1.0 1.0 0.964 0.663 1.0 1.0 1.0 0.96 0.732 1.0 1.0 1.0 0.994 1.0 1.0 1.0 1.0 0.715 1.0 1.0 1.0 1.0 0.726 1.0 1.0 1.0 1.0 1.056 1.0 1.0 1.0 1.0 0.692 1.0 1.0 1.0 1.0 0.707 1.0 1.0 1.0 1.0 0.733 1.0 1.0 1.0 1.0 0.755 1.0 1.0 1.0 1.0 0.704 1.0 1.0 1.0 1.0 0.725 1.0 1.0 1.0 1.0 0.668 1.0 1.0 1.0 1.0 1.0 1.0 1.0 1.0 1.0 1.0 1.0 1.0 1.0 1.0 1.0 1.0 1.0 1.0 1.0 1.0 1.0 1.0 1.0 1.0 1.0 1.0 1.0 1.0 1.0 1.0 1.0 1.0 1.0 1.0 1.0 1.0 1.0 1.0 1.0 1.0 1.0 1.0 1.0 1.0 1.0 1.0 1.0 1.0 1.0 1.0 1.0 1.0 1.0 1.0 1.0 1.0 1.0 1.0 1.0 1.0 1.0 1.0 1.0 1.0 1.0 1.0 1.0 1.0 1.0 1.0 1.0 1.0 1.0 1.0 1.0 1.0 1.0 1.0 1.0 1.0 1.0 1.0 1.0 1.19 1.194 0.97 1.096 0.842 0.937 1.288 1.289 1.141 1.262 1.317 1.037 0.943 1.174 1.281 0.8 0.859 0.924 0.724 0.809 1.055 1.074 1.172 0.869 1.053 0.821 1.247 0.883 1.318 0.79 1.186 0.58 1.025 0.719 1.113 0.863 1.19 0.775 1.058 1.076 1.056 1.283 1.201 0.993 1.152 1.118 1.209 1.209 1.313 0.677 0.752 1.14 1.127 1.183 1.235 1.182 0.645 1.083 1.049 1.256 1.091 1.263 1.247 1.363 1.049 1.089 0.614 1.288 1.058 1.205 1.179 1.459 0.688 0.77 0.71 1.256 1.205 0.696 1.34 0.699 1.122 1.009 1.262 1.279 1.0 1.326 0.632 1.286 1.36 1.0 1.318 1.235 1.112 0.664 1.0 1.1 0.934 1.298 1.281 1.0 0.995 0.767 1.334 0.675 1.0 0.925 1.225 0.973 1.103 1.0 0.947 0.94 0.916 1.034 1.0 0.982 1.415 1.43 0.795 1.0 0.999 1.403 0.85 1.211 1.0 1.271 0.989 0.734 1.037 1.0 1.227 1.413 1.35 0.96 1.0 1.194 0.744 0.751 0.691 1.0 0.961 1.432 1.277 0.814 1.0 1.297 0.597 1.238 0.702 1.0 1.272 0.723 1.24 0.801 1.0 0.662 1.066 0.958 1.012 1.0 0.672 1.26 1.27 0.751 1.0 0.685 1.337 0.743 1.0 1.0 0.703 0.637 0.816 1.0 1.0 0.773 0.699 1.0 1.0 1.0 0.765 0.791 1.0 1.0 1.0 0.754 0.809 1.0 1.0 1.0 1.039 0.726 1.0 1.0 1.0 0.839 0.754 1.0 1.0 1.0 1.089 0.757 1.0 1.0 1.0 1.11 1.0 1.0 1.0 1.0 0.892 1.0 1.0 1.0 1.0 1.562 1.0 1.0 1.0 1.0 0.782 1.0 1.0 1.0 1.0 0.882 1.0 1.0 1.0 1.0 1.241 1.0 1.0 1.0 1.0 0.819 1.0 1.0 1.0 1.0 0.803 1.0 1.0 1.0 1.0 1.0 1.0 1.0 1.0 1.0 1.0 1.0 1.0 1.0 1.0 1.0 1.0 1.0 1.0 1.0 1.0 1.0 1.0 1.0 1.0 1.0 1.0 1.0 1.0 1.0 1.0 1.0 1.0 1.0 1.0 1.0 1.0 1.0 1.0 1.0 1.0 1.0 1.0 1.0 1.0 1.0 1.0 1.0 1.0 1.0 1.0 1.0 1.0 1.0 1.0 1.0 1.0 1.0 1.0 1.0 1.0 1.0 1.0 1.0 1.0 1.0 1.0 1.0 1.0 1.0 1.0 1.0 1.0 1.0 1.0 1.0 1.0 1.0 1.0 1.0 1.0 1.0 1.0 1.0 1.0 1.0 1.0 1.0 1.0 1.0 1.0 1.0 1.0 1.0 1.0 1.0 1.0 1.0 1.0 1.0 1.0 1.0 1.0 1.0 1.0 1.0 1.0 1.0 1.0 1.0 1.0 1.0 1.0 1.0 1.0 1.0 1.0 1.0 1.0 1.0 1.0 1.0 1.0 1.0 1.0 1.0 1.0 1.0 1.0 1.0 1.0 1.0 1.0 1.0 1.0 1.0 1.0 1.0 1.0 1.0 0.872 1.003 1.186 1.096 0.842 1.279 0.921 1.143 0.779 1.269 0.995 0.757 0.92 1.261 1.155 0.908 0.746 1.172 0.749 0.922 1.118 1.308 1.173 1.019 0.847 1.11 1.041 0.71 1.093 1.203 1.103 0.8 1.182 1.095 0.926 1.194 0.867 0.703 1.146 1.258 0.843 0.955 0.988 1.299 1.097 0.755 0.851 0.89 1.14 1.109 1.226 1.156 0.916 1.259 1.074 1.137 0.967 0.978 1.091 0.663 0.702 1.186 1.02 1.157 1.15 1.202 0.786 0.83 0.941 1.361 0.752 1.174 0.894 1.018 0.645 1.193 1.207 1.007 1.0 1.252 0.759 1.155 1.141 1.0 1.23 0.779 1.151 0.806 1.0 1.256 1.124 1.109 1.142 1.0 1.413 0.811 0.812 0.961 1.0 0.724 1.06 0.671 1.17 1.0 0.937 1.023 0.679 1.033 1.0 1.028 1.122 0.965 0.72 1.0 1.025 1.271 0.799 1.228 1.0 1.589 0.862 0.823 1.035 1.0 1.124 0.949 1.094 1.267 1.0 0.728 1.281 0.797 0.92 1.0 1.639 0.922 0.871 1.281 1.0 1.061 1.062 1.111 0.811 1.0 0.837 0.826 1.198 0.755 1.0 1.032 1.314 0.908 0.773 1.0 0.754 1.002 1.3 1.016 1.0 0.824 1.0 1.33 1.324 1.0 1.048 1.0 1.389 0.811 1.0 0.852 1.0 0.873 0.837 1.0 0.706 1.0 0.939 0.727 1.0 0.801 1.0 0.813 0.792 1.0 0.874 1.0 0.791 0.688 1.0 0.914 1.0 0.75 1.513 1.0 1.936 1.0 1.0 0.696 1.0 0.721 1.0 1.0 0.71 1.0 0.86 1.0 1.0 1.252 1.0 1.0 1.0 1.0 0.639 1.0 1.0 1.0 1.0 0.942 1.0 1.0 1.0 1.0 1.773 1.0 1.0 1.0 1.0 1.0 1.0 1.0 1.0 1.0 1.0 1.0 1.0 1.0 1.0 1.0 1.0 1.0 1.0 1.0 1.0 1.0 1.0 1.0 1.0 1.0 1.0 1.0 1.0 1.0 1.0 1.0 1.0 1.0 1.0 1.0 1.0 1.0 1.0 1.0 1.0 1.0 1.0 1.0 1.0 1.0 1.0 1.0 1.0 1.0 1.0 1.0 1.0 1.0 1.0 1.0 1.0 1.0 1.0 1.0 1.0 1.0 1.0 1.0 1.0 1.0 1.0 1.0 1.0 1.0 1.0 1.0 1.0 1.0 1.0 1.0 1.0 1.0 1.0 1.0 1.0 1.0 1.0 1.0 1.0 1.0 1.0 1.0 1.0 1.0 1.0 1.0 1.0 1.0 1.0 1.0 1.0 1.0 1.0 1.0 1.0 1.0 1.0 1.0 1.0 1.0 1.0 1.0 1.0 1.0 1.0 1.0 1.0 1.0 1.0 1.0 1.0 1.0 1.0 1.0 1.0 1.0 1.0 1.0 1.0 1.0 1.0 1.0 1.0 1.0 1.0 1.0 1.0 1.0 1.0 1.0 1.0 1.0 1.0 1.0 1.0 1.0 1.0 1.0 1.0 1.0 1.0 1.0 1.0 1.0 1.0 1.0 1.0 1.0 1.0 1.0 1.0 1.0,1.9360536,0.93605363,0.57587415,0.3,0.575326681137085,0.0003,5,3.8860307
45,0.19882547855377197,0.9957475,1.02 1.037 0.948 0.971 0.947 0.931 1.27 1.153 0.776 0.772 1.043 1.305 0.92 1.166 1.012 1.321 0.736 0.702 0.891 0.844 1.036 1.106 0.892 1.326 1.055 1.027 0.731 1.283 1.047 1.098 1.079 0.732 1.087 0.797 1.149 0.883 0.842 1.263 1.121 1.151 1.137 1.111 0.97 0.652 0.686 0.926 0.723 1.143 1.266 0.988 1.235 0.722 1.153 1.267 0.726 0.875 1.049 1.151 1.103 1.063 0.82 0.877 0.735 1.22 1.0 1.171 1.131 0.674 0.723 1.0 1.09 1.134 1.077 1.2 1.0 1.285 1.425 1.102 1.15 1.0 1.339 0.891 1.373 1.044 1.0 1.276 0.872 1.212 0.665 1.0 1.081 0.674 1.035 1.092 1.0 0.998 0.868 0.746 0.754 1.0 1.262 0.668 0.786 1.185 1.0 0.955 1.06 1.0 0.751 1.0 0.704 0.798 1.0 0.776 1.0 0.696 1.099 1.0 0.802 1.0 0.704 0.979 1.0 0.828 1.0 1.022 0.983 1.0 0.728 1.0 0.707 1.17 1.0 0.701 1.0 0.982 0.886 1.0 1.114 1.0 1.182 0.978 1.0 1.117 1.0 0.669 0.7 1.0 0.93 1.0 0.672 1.138 1.0 0.788 1.0 1.092 1.079 1.0 1.038 1.0 1.708 1.043 1.0 0.903 1.0 1.0 0.923 1.0 0.989 1.0 1.0 0.942 1.0 0.804 1.0 1.0 0.931 1.0 1.103 1.0 1.0 0.768 1.0 0.876 1.0 1.0 0.734 1.0 0.776 1.0 1.0 1.012 1.0 1.0 1.0 1.0 1.81 1.0 1.0 1.0 1.0 0.828 1.0 1.0 1.0 1.0 0.742 1.0 1.0 1.0 1.0 0.748 1.0 1.0 1.0 1.0 0.753 1.0 1.0 1.0 1.0 0.738 1.0 1.0 1.0 1.0 0.816 1.0 1.0 1.0 1.0 1.0 1.0 1.0 1.0 1.0 1.0 1.0 1.0 1.0 1.0 1.0 1.0 1.0 1.0 1.0 1.0 1.0 1.0 1.0 1.0 1.0 1.0 1.0 1.0 1.0 1.0 1.0 1.0 1.0 1.0 1.0 1.0 1.0 1.0 1.0 1.0 1.0 1.0 1.0 1.0 1.0 1.0 1.0 1.0 1.0 1.0 1.0 1.0 1.0 1.0 1.0 1.0 1.0 1.0 1.0 1.0 1.0 1.0 1.0 1.0 1.0 1.0 1.0 1.0 1.0 1.0 1.0 1.0 1.0 1.0 1.0 1.0 1.0 1.0 1.0 1.0 1.0 1.0 1.0 1.0 1.0 1.0 1.0 1.0 1.0 1.0 1.0 1.0 1.0 1.0 1.0 1.0 1.0 1.0 1.0 1.0 1.0 1.0 1.0 1.0 1.0 1.0 1.0 1.0 1.0 1.0 1.0 1.0 1.0 1.0 1.0 1.0 1.0 1.0 1.0 1.0 1.0 1.0 1.0 1.0 1.0 1.0 1.0 1.0 1.0 1.0 1.0 1.0 1.0 1.0 1.0 1.0 1.0 1.0 1.0 1.0 1.0 1.0 1.0 1.0 1.0 1.0 1.0 1.0 1.0 1.0 1.0 1.0 1.0 0.984 0.955 1.101 0.971 0.947 1.277 0.922 0.931 0.788 0.943 1.007 1.047 0.971 0.765 1.168 1.088 0.757 0.896 0.752 1.0 0.999 1.058 0.976 0.844 0.779 1.17 0.822 1.204 1.095 0.686 0.742 1.26 0.874 1.1 0.74 1.187 1.161 1.083 1.301 0.723 0.709 0.757 1.228 0.568 1.203 0.752 0.972 1.084 0.68 1.214 0.729 0.762 0.735 0.725 0.648 1.197 0.768 0.802 1.284 0.651 1.089 0.977 1.157 0.584 0.995 1.014 1.131 1.134 0.677 1.169 0.929 1.044 1.061 1.26 0.674 1.058 1.028 1.049 0.588 1.181 0.962 1.001 0.699 0.606 0.69 1.0 1.166 1.151 0.967 0.777 1.0 1.027 0.697 0.656 1.21 1.0 1.031 1.386 0.921 0.944 1.0 0.816 0.618 0.662 0.688 1.0 0.836 0.889 0.866 1.0 1.0 1.101 0.888 0.91 1.0 1.0 0.827 0.809 0.9 1.0 1.0 1.155 0.722 0.863 1.0 1.0 1.04 0.668 0.647 1.0 1.0 1.214 0.641 1.248 1.0 1.0 0.891 0.765 0.787 1.0 1.0 0.837 1.267 0.788 1.0 1.0 0.886 0.878 1.0 1.0 1.0 1.255 0.648 1.0 1.0 1.0 0.754 0.689 1.0 1.0 1.0 0.71 0.63 1.0 1.0 1.0 1.021 1.702 1.0 1.0 1.0 0.677 1.0 1.0 1.0 1.0 0.671 1.0 1.0 1.0 1.0 1.009 1.0 1.0 1.0 1.0 0.94 1.0 1.0 1.0 1.0 0.872 1.0 1.0 1.0 1.0 0.887 1.0 1.0 1.0 1.0 0.966 1.0 1.0 1.0 1.0 0.705 1.0 1.0 1.0 1.0 0.891 1.0 1.0 1.0 1.0 0.833 1.0 1.0 1.0 1.0 1.241 1.0 1.0 1.0 1.0 0.672 1.0 1.0 1.0 1.0 1.799 1.0 1.0 1.0 1.0 1.583 1.0 1.0 1.0 1.0 0.707 1.0 1.0 1.0 1.0 1.0 1.0 1.0 1.0 1.0 1.0 1.0 1.0 1.0 1.0 1.0 1.0 1.0 1.0 1.0 1.0 1.0 1.0 1.0 1.0 1.0 1.0 1.0 1.0 1.0 1.0 1.0 1.0 1.0 1.0 1.0 1.0 1.0 1.0 1.0 1.0 1.0 1.0 1.0 1.0 1.0 1.0 1.0 1.0 1.0 1.0 1.0 1.0 1.0 1.0 1.0 1.0 1.0 1.0 1.0 1.0 1.0 1.0 1.0 1.0 1.0 1.0 1.0 1.0 1.0 1.0 1.0 1.0 1.0 1.0 1.0 1.0 1.0 1.0 1.0 1.0 1.0 1.0 1.0 1.0 1.0 1.0 1.0 1.0 1.0 1.0 1.0 1.0 1.0 1.0 1.0 1.0 1.0 1.0 1.0 1.0 1.0 1.0 1.0 1.0 1.0 1.0 1.0 1.0 1.0 1.0 1.0 1.0 1.0 1.0 1.0 1.0 1.0 1.0 1.0 1.0 1.0 1.0 1.0 1.0 1.0 1.0 1.0 1.0 1.0 1.0 1.0 1.0 1.0 1.0 1.0 1.0 1.0 1.0 1.187 1.037 0.834 1.099 0.843 0.94 0.921 1.151 0.942 0.777 1.315 1.328 0.914 1.164 1.267 0.921 1.04 1.326 1.181 0.862 1.301 1.097 1.327 0.892 0.842 0.986 0.934 0.889 1.202 1.254 1.222 0.874 1.046 0.703 0.727 0.956 0.877 1.041 0.86 1.28 1.055 1.059 1.09 1.283 0.609 1.064 1.156 1.053 0.851 1.122 0.957 1.146 1.203 1.15 1.123 0.802 0.677 1.058 1.018 0.603 0.994 1.18 1.172 0.72 0.675 1.077 1.122 0.662 1.227 0.954 1.222 1.236 0.888 1.276 0.755 0.953 1.109 0.754 1.119 0.767 1.173 1.131 0.915 1.254 1.084 0.645 0.988 0.87 1.273 0.97 0.766 0.618 0.856 0.672 1.069 1.099 0.632 0.751 0.845 1.347 0.728 0.671 1.428 1.197 0.786 1.059 0.944 1.0 0.964 0.914 0.765 0.667 1.0 0.714 0.733 0.979 0.695 1.0 1.197 1.0 0.684 1.315 1.0 1.513 1.0 0.719 0.701 1.0 0.83 1.0 0.673 1.398 1.0 1.05 1.0 0.729 1.041 1.0 0.829 1.0 0.87 0.843 1.0 1.09 1.0 1.12 1.223 1.0 0.809 1.0 0.939 0.844 1.0 0.787 1.0 0.988 0.739 1.0 1.0 1.0 0.793 0.821 1.0 1.0 1.0 0.986 0.732 1.0 1.0 1.0 1.128 0.715 1.0 1.0 1.0 0.925 0.723 1.0 1.0 1.0 0.898 0.745 1.0 1.0 1.0 1.056 0.973 1.0 1.0 1.0 0.975 1.0 1.0 1.0 1.0 0.979 1.0 1.0 1.0 1.0 0.868 1.0 1.0 1.0 1.0 0.836 1.0 1.0 1.0 1.0 0.789 1.0 1.0 1.0 1.0 0.763 1.0 1.0 1.0 1.0 1.356 1.0 1.0 1.0 1.0 1.354 1.0 1.0 1.0 1.0 1.46 1.0 1.0 1.0 1.0 1.064 1.0 1.0 1.0 1.0 0.771 1.0 1.0 1.0 1.0 0.769 1.0 1.0 1.0 1.0 1.637 1.0 1.0 1.0 1.0 0.604 1.0 1.0 1.0 1.0 1.0 1.0 1.0 1.0 1.0 1.0 1.0 1.0 1.0 1.0 1.0 1.0 1.0 1.0 1.0 1.0 1.0 1.0 1.0 1.0 1.0 1.0 1.0 1.0 1.0 1.0 1.0 1.0 1.0 1.0 1.0 1.0 1.0 1.0 1.0 1.0 1.0 1.0 1.0 1.0 1.0 1.0 1.0 1.0 1.0 1.0 1.0 1.0 1.0 1.0 1.0 1.0 1.0 1.0 1.0 1.0 1.0 1.0 1.0 1.0 1.0 1.0 1.0 1.0 1.0 1.0 1.0 1.0 1.0 1.0 1.0 1.0 1.0 1.0 1.0 1.0 1.0 1.0 1.0 1.0 1.0 1.0 1.0 1.0 1.0 1.0 1.0 1.0 1.0 1.0 1.0 1.0 1.0 1.0 1.0 1.0 1.0 1.0 1.0 1.0 1.0 1.0 1.0 1.0 1.0 1.0 1.0 1.0 1.0 1.0 1.0 1.0 1.0 1.0 1.0 1.0 1.0 1.0 1.0 1.0 1.187 1.003 0.834 1.099 1.088 0.827 0.922 1.263 0.955 0.773 0.921 1.026 0.921 0.963 0.939 0.794 1.028 1.193 0.862 1.343 0.874 1.149 0.963 1.122 0.931 1.115 1.155 1.183 0.732 1.158 1.081 1.138 1.176 1.366 0.747 0.657 1.175 1.252 1.368 1.281 1.207 0.821 1.245 1.136 1.337 0.861 0.777 0.738 1.207 1.207 1.326 1.181 0.966 1.177 1.319 1.259 1.266 1.03 1.295 1.367 1.283 1.086 0.898 1.043 1.272 1.338 1.282 1.227 1.283 0.945 1.31 1.287 1.082 1.319 1.291 0.938 1.322 1.206 1.292 0.744 1.392 0.627 1.249 0.886 1.317 1.255 1.265 0.853 1.326 0.772 0.626 1.307 1.183 0.757 1.125 1.041 1.263 1.059 0.703 1.298 1.39 0.703 1.229 1.093 1.304 0.933 1.009 1.145 0.723 0.768 1.313 1.298 1.149 0.778 1.312 1.251 0.816 0.992 1.344 0.84 1.242 0.829 0.998 1.37 0.807 0.977 1.391 0.954 0.792 0.772 1.482 0.8 0.942 1.139 1.39 1.167 0.835 0.967 0.914 1.303 0.869 1.44 0.97 0.702 0.725 0.675 1.0 0.947 0.663 1.0 0.682 1.0 0.902 1.0 1.0 0.714 1.0 0.771 1.0 1.0 0.744 1.0 1.09 1.0 1.0 1.176 1.0 1.115 1.0 1.0 1.841 1.0 1.384 1.0 1.0 0.755 1.0 0.958 1.0 1.0 1.852 1.0 0.759 1.0 1.0 0.814 1.0 0.746 1.0 1.0 0.841 1.0 0.742 1.0 1.0 0.787 1.0 0.738 1.0 1.0 1.0 1.0 0.778 1.0 1.0 1.0 1.0 1.433 1.0 1.0 1.0 1.0 1.307 1.0 1.0 1.0 1.0 1.111 1.0 1.0 1.0 1.0 1.003 1.0 1.0 1.0 1.0 0.999 1.0 1.0 1.0 1.0 0.958 1.0 1.0 1.0 1.0 1.088 1.0 1.0 1.0 1.0 1.174 1.0 1.0 1.0 1.0 1.188 1.0 1.0 1.0 1.0 0.889 1.0 1.0 1.0 1.0 0.813 1.0 1.0 1.0 1.0 0.8 1.0 1.0 1.0 1.0 1.022 1.0 1.0 1.0 1.0 0.942 1.0 1.0 1.0 1.0 0.998 1.0 1.0 1.0 1.0 1.08 1.0 1.0 1.0 1.0 1.101 1.0 1.0 1.0 1.0 0.702 1.0 1.0 1.0 1.0 0.928 1.0 1.0 1.0 1.0 1.102 1.0 1.0 1.0 1.0 1.188 1.0 1.0 1.0 1.0 0.728 1.0 1.0 1.0 1.0 0.751 1.0 1.0 1.0 1.0 0.794 1.0 1.0 1.0 1.0 0.759 1.0 1.0 1.0 1.0 1.009 1.0 1.0 1.0 1.0 0.752 1.0 1.0 1.0 1.0 1.091 1.0 1.0 1.0 1.0 0.807 1.0 1.0 1.0 1.0 1.178 1.0 1.0 1.0 1.0 0.715 1.0 1.0 1.0 1.0 0.811 1.0 1.0 1.0 1.0 0.711 1.0 1.0 1.0 1.0 0.68 1.0 1.0 1.0 1.0 0.701 1.0 1.0 0.964 1.191 0.948 1.161 0.976 1.279 0.92 1.264 0.779 1.123 0.811 1.033 0.931 0.753 1.33 0.912 1.13 1.185 0.802 0.946 0.872 1.105 0.716 0.88 1.011 1.107 1.164 0.821 1.214 0.869 1.05 0.756 0.823 1.313 0.972 0.829 1.117 1.118 1.156 1.291 0.848 1.178 1.255 1.3 0.709 1.303 1.245 1.072 1.2 1.359 1.323 0.74 1.215 0.668 1.184 1.163 1.033 1.218 1.225 1.368 1.254 1.188 0.679 1.422 0.689 0.863 1.193 1.284 1.338 1.049 0.94 1.318 0.889 1.033 1.373 0.913 1.19 0.875 1.467 1.196 1.237 1.298 1.243 0.637 0.987 1.005 1.0 1.37 1.339 1.219 0.869 1.0 0.96 1.218 0.743 0.973 1.0 0.928 0.881 0.749 0.824 1.0 0.765 0.716 1.18 1.085 1.0 0.71 1.017 0.788 1.033 1.0 0.9 1.563 1.058 1.13 1.0 0.999 0.711 1.068 0.922 1.0 0.852 0.735 1.172 0.806 1.0 0.921 0.702 0.73 1.234 1.0 0.888 1.255 0.785 0.939 1.0 1.033 0.984 0.793 0.97 1.0 0.743 0.975 1.0 0.972 1.0 0.93 0.731 0.996 1.183 1.0 0.911 0.949 0.703 0.885 1.0 0.946 0.945 1.0 1.156 1.0 0.717 0.923 1.0 0.954 1.0 0.797 0.901 1.0 0.772 1.0 0.914 0.811 1.0 0.8 1.0 1.0 1.254 1.0 0.809 1.0 1.0 0.84 1.0 0.764 1.0 1.0 0.889 1.0 0.798 1.0 1.0 1.446 1.0 1.11 1.0 1.0 1.426 1.0 0.748 1.0 1.0 0.754 1.0 0.715 1.0 1.0 0.715 1.0 0.696 1.0 1.0 0.705 1.0 0.737 1.0 1.0 1.111 1.0 1.0 1.0 1.0 1.118 1.0 1.0 1.0 1.0 0.971 1.0 1.0 1.0 1.0 0.687 1.0 1.0 1.0 1.0 1.0 1.0 1.0 1.0 1.0 1.0 1.0 1.0 1.0 1.0 1.0 1.0 1.0 1.0 1.0 1.0 1.0 1.0 1.0 1.0 1.0 1.0 1.0 1.0 1.0 1.0 1.0 1.0 1.0 1.0 1.0 1.0 1.0 1.0 1.0 1.0 1.0 1.0 1.0 1.0 1.0 1.0 1.0 1.0 1.0 1.0 1.0 1.0 1.0 1.0 1.0 1.0 1.0 1.0 1.0 1.0 1.0 1.0 1.0 1.0 1.0 1.0 1.0 1.0 1.0 1.0 1.0 1.0 1.0 1.0 1.0 1.0 1.0 1.0 1.0 1.0 1.0 1.0 1.0 1.0 1.0 1.0 1.0 1.0 1.0 1.0 1.0 1.0 1.0 1.0 1.0 1.0 1.0 1.0 1.0 1.0 1.0 1.0 1.0 1.0 1.0 1.0 1.0 1.0 1.0 1.0 1.0 1.0 1.0 1.0 1.0 1.0 1.0 1.0 1.0 1.0 1.0 1.0 1.0 1.0 1.0 1.0 1.0 1.0 1.0 1.0 1.0 1.0 1.0 1.0 1.0 1.0 1.0 1.0 1.0 1.0 1.0 1.0 1.0 1.0 1.0 1.0 0.873 1.037 1.182 0.958 0.976 1.032 1.277 1.142 0.964 1.116 0.91 1.309 0.951 1.072 1.329 0.784 1.031 0.728 0.74 0.966 1.339 1.328 1.203 1.13 1.157 0.777 0.783 0.725 0.602 0.788 0.82 1.066 1.205 1.081 0.805 1.117 0.818 0.85 0.655 1.059 0.742 0.724 1.031 1.197 0.749 1.179 1.096 1.317 0.688 1.07 0.887 1.084 1.047 0.967 1.142 0.689 0.833 0.885 0.694 0.814 1.231 0.713 1.001 1.0 1.276 0.77 1.284 0.992 1.0 1.196 1.022 0.753 1.127 1.0 0.662 0.715 1.131 1.1 1.0 1.131 0.849 0.882 0.934 1.0 0.993 1.162 0.807 0.998 1.0 0.857 0.734 1.124 0.822 1.0 0.703 1.175 1.093 0.932 1.0 0.75 1.159 1.009 1.029 1.0 0.818 1.19 1.067 1.052 1.0 0.807 0.726 0.899 0.903 1.0 0.772 0.836 1.147 0.894 1.0 1.444 0.876 0.731 1.057 1.0 1.031 0.938 1.22 0.893 1.0 0.715 0.754 0.967 1.356 1.0 0.752 0.769 0.723 0.891 1.0 1.0 0.761 0.93 1.052 1.0 1.0 0.877 1.049 1.049 1.0 1.0 1.187 1.087 1.051 1.0 1.0 0.986 0.823 0.724 1.0 1.0 0.801 0.986 0.883 1.0 1.0 0.71 0.975 1.385 1.0 1.0 1.0 0.732 1.394 1.0 1.0 1.0 1.321 1.307 1.0 1.0 1.0 0.719 0.792 1.0 1.0 1.0 0.834 1.071 1.0 1.0 1.0 0.825 0.91 1.0 1.0 1.0 0.817 0.975 1.0 1.0 1.0 0.86 0.974 1.0 1.0 1.0 0.848 0.803 1.0 1.0 1.0 0.848 0.674 1.0 1.0 1.0 1.042 0.816 1.0 1.0 1.0 0.949 0.667 1.0 1.0 1.0 0.785 0.656 1.0 1.0 1.0 0.942 0.704 1.0 1.0 1.0 0.961 0.665 1.0 1.0 1.0 0.963 0.722 1.0 1.0 1.0 0.987 1.0 1.0 1.0 1.0 0.714 1.0 1.0 1.0 1.0 0.728 1.0 1.0 1.0 1.0 1.051 1.0 1.0 1.0 1.0 0.695 1.0 1.0 1.0 1.0 0.711 1.0 1.0 1.0 1.0 0.738 1.0 1.0 1.0 1.0 0.748 1.0 1.0 1.0 1.0 0.695 1.0 1.0 1.0 1.0 0.717 1.0 1.0 1.0 1.0 0.658 1.0 1.0 1.0 1.0 1.0 1.0 1.0 1.0 1.0 1.0 1.0 1.0 1.0 1.0 1.0 1.0 1.0 1.0 1.0 1.0 1.0 1.0 1.0 1.0 1.0 1.0 1.0 1.0 1.0 1.0 1.0 1.0 1.0 1.0 1.0 1.0 1.0 1.0 1.0 1.0 1.0 1.0 1.0 1.0 1.0 1.0 1.0 1.0 1.0 1.0 1.0 1.0 1.0 1.0 1.0 1.0 1.0 1.0 1.0 1.0 1.0 1.0 1.0 1.0 1.0 1.0 1.0 1.0 1.0 1.0 1.0 1.0 1.0 1.0 1.0 1.0 1.0 1.0 1.0 1.0 1.0 1.0 1.0 1.187 1.191 0.971 1.099 0.843 0.94 1.283 1.283 1.146 1.256 1.311 1.037 0.942 1.179 1.273 0.803 0.862 0.925 0.726 0.811 1.054 1.083 1.166 0.87 1.048 0.823 1.242 0.884 1.307 0.788 1.181 0.572 1.032 0.721 1.122 0.864 1.191 0.767 1.059 1.076 1.064 1.28 1.213 1.001 1.152 1.113 1.211 1.221 1.313 0.676 0.75 1.147 1.131 1.186 1.233 1.18 0.643 1.09 1.047 1.256 1.103 1.261 1.254 1.362 1.051 1.1 0.606 1.296 1.064 1.204 1.178 1.468 0.687 0.769 0.71 1.26 1.203 0.695 1.347 0.7 1.119 1.012 1.262 1.28 1.0 1.331 0.63 1.287 1.368 1.0 1.324 1.237 1.117 0.663 1.0 1.099 0.936 1.302 1.287 1.0 1.001 0.76 1.34 0.675 1.0 0.925 1.227 0.972 1.106 1.0 0.942 0.941 0.913 1.036 1.0 0.986 1.42 1.435 0.789 1.0 1.001 1.408 0.846 1.212 1.0 1.273 0.99 0.737 1.04 1.0 1.229 1.417 1.351 0.958 1.0 1.194 0.743 0.755 0.691 1.0 0.962 1.437 1.278 0.818 1.0 1.3 0.594 1.238 0.704 1.0 1.275 0.722 1.238 0.803 1.0 0.664 1.064 0.957 1.007 1.0 0.674 1.263 1.268 0.751 1.0 0.688 1.336 0.747 1.0 1.0 0.706 0.636 0.812 1.0 1.0 0.768 0.696 1.0 1.0 1.0 0.76 0.784 1.0 1.0 1.0 0.748 0.802 1.0 1.0 1.0 1.04 0.729 1.0 1.0 1.0 0.836 0.754 1.0 1.0 1.0 1.093 0.755 1.0 1.0 1.0 1.114 1.0 1.0 1.0 1.0 0.899 1.0 1.0 1.0 1.0 1.569 1.0 1.0 1.0 1.0 0.783 1.0 1.0 1.0 1.0 0.877 1.0 1.0 1.0 1.0 1.24 1.0 1.0 1.0 1.0 0.811 1.0 1.0 1.0 1.0 0.797 1.0 1.0 1.0 1.0 1.0 1.0 1.0 1.0 1.0 1.0 1.0 1.0 1.0 1.0 1.0 1.0 1.0 1.0 1.0 1.0 1.0 1.0 1.0 1.0 1.0 1.0 1.0 1.0 1.0 1.0 1.0 1.0 1.0 1.0 1.0 1.0 1.0 1.0 1.0 1.0 1.0 1.0 1.0 1.0 1.0 1.0 1.0 1.0 1.0 1.0 1.0 1.0 1.0 1.0 1.0 1.0 1.0 1.0 1.0 1.0 1.0 1.0 1.0 1.0 1.0 1.0 1.0 1.0 1.0 1.0 1.0 1.0 1.0 1.0 1.0 1.0 1.0 1.0 1.0 1.0 1.0 1.0 1.0 1.0 1.0 1.0 1.0 1.0 1.0 1.0 1.0 1.0 1.0 1.0 1.0 1.0 1.0 1.0 1.0 1.0 1.0 1.0 1.0 1.0 1.0 1.0 1.0 1.0 1.0 1.0 1.0 1.0 1.0 1.0 1.0 1.0 1.0 1.0 1.0 1.0 1.0 1.0 1.0 1.0 1.0 1.0 1.0 1.0 1.0 1.0 1.0 1.0 1.0 1.0 1.0 1.0 1.0 1.0 1.0 0.873 1.003 1.182 1.099 0.843 1.275 0.923 1.147 0.78 1.263 0.994 0.758 0.921 1.253 1.16 0.913 0.747 1.177 0.751 0.924 1.113 1.302 1.178 1.02 0.851 1.105 1.04 0.712 1.094 1.202 1.099 0.801 1.188 1.095 0.929 1.196 0.872 0.704 1.15 1.256 0.835 0.962 0.987 1.305 1.098 0.747 0.842 0.892 1.146 1.118 1.238 1.151 0.919 1.266 1.075 1.133 0.958 0.977 1.097 0.655 0.693 1.19 1.019 1.159 1.158 1.214 0.785 0.83 0.937 1.36 0.75 1.185 0.9 1.016 0.643 1.204 1.218 1.006 1.0 1.253 0.759 1.165 1.152 1.0 1.234 0.78 1.153 0.806 1.0 1.255 1.125 1.11 1.141 1.0 1.417 0.81 0.811 0.959 1.0 0.722 1.064 0.667 1.178 1.0 0.935 1.024 0.675 1.033 1.0 1.027 1.123 0.963 0.718 1.0 1.024 1.275 0.802 1.226 1.0 1.599 0.867 0.822 1.035 1.0 1.121 0.947 1.095 1.266 1.0 0.731 1.286 0.801 0.92 1.0 1.651 0.92 0.871 1.28 1.0 1.056 1.061 1.109 0.815 1.0 0.83 0.827 1.195 0.757 1.0 1.029 1.311 0.904 0.772 1.0 0.757 0.997 1.304 1.015 1.0 0.816 1.0 1.328 1.323 1.0 1.044 1.0 1.389 0.815 1.0 0.843 1.0 0.867 0.832 1.0 0.709 1.0 0.933 0.728 1.0 0.791 1.0 0.818 0.796 1.0 0.866 1.0 0.795 0.69 1.0 0.902 1.0 0.751 1.517 1.0 1.96 1.0 1.0 0.698 1.0 0.71 1.0 1.0 0.712 1.0 0.847 1.0 1.0 1.249 1.0 1.0 1.0 1.0 0.631 1.0 1.0 1.0 1.0 0.938 1.0 1.0 1.0 1.0 1.788 1.0 1.0 1.0 1.0 1.0 1.0 1.0 1.0 1.0 1.0 1.0 1.0 1.0 1.0 1.0 1.0 1.0 1.0 1.0 1.0 1.0 1.0 1.0 1.0 1.0 1.0 1.0 1.0 1.0 1.0 1.0 1.0 1.0 1.0 1.0 1.0 1.0 1.0 1.0 1.0 1.0 1.0 1.0 1.0 1.0 1.0 1.0 1.0 1.0 1.0 1.0 1.0 1.0 1.0 1.0 1.0 1.0 1.0 1.0 1.0 1.0 1.0 1.0 1.0 1.0 1.0 1.0 1.0 1.0 1.0 1.0 1.0 1.0 1.0 1.0 1.0 1.0 1.0 1.0 1.0 1.0 1.0 1.0 1.0 1.0 1.0 1.0 1.0 1.0 1.0 1.0 1.0 1.0 1.0 1.0 1.0 1.0 1.0 1.0 1.0 1.0 1.0 1.0 1.0 1.0 1.0 1.0 1.0 1.0 1.0 1.0 1.0 1.0 1.0 1.0 1.0 1.0 1.0 1.0 1.0 1.0 1.0 1.0 1.0 1.0 1.0 1.0 1.0 1.0 1.0 1.0 1.0 1.0 1.0 1.0 1.0 1.0 1.0 1.0 1.0 1.0 1.0 1.0 1.0 1.0 1.0 1.0 1.0 1.0 1.0 1.0 1.0 1.0 1.0 1.0 1.0 1.0,1.9595351,0.9595351,0.56789476,0.3,0.580794095993042,0.0003,5,3.9728823
46,0.201370507478714,0.99566835,1.02 1.038 0.947 0.972 0.946 0.934 1.264 1.158 0.778 0.774 1.045 1.298 0.922 1.171 1.012 1.314 0.738 0.704 0.893 0.835 1.035 1.109 0.893 1.316 1.055 1.026 0.733 1.275 1.048 1.096 1.079 0.735 1.089 0.795 1.148 0.889 0.844 1.264 1.133 1.155 1.138 1.113 0.959 0.644 0.685 0.916 0.725 1.145 1.26 0.991 1.238 0.724 1.156 1.263 0.729 0.875 1.047 1.153 1.114 1.061 0.819 0.881 0.734 1.224 1.0 1.172 1.132 0.672 0.716 1.0 1.098 1.134 1.073 1.203 1.0 1.29 1.422 1.104 1.145 1.0 1.338 0.894 1.377 1.046 1.0 1.272 0.876 1.21 0.664 1.0 1.076 0.674 1.038 1.088 1.0 1.0 0.87 0.748 0.75 1.0 1.267 0.668 0.782 1.187 1.0 0.955 1.056 1.0 0.747 1.0 0.703 0.799 1.0 0.778 1.0 0.695 1.098 1.0 0.804 1.0 0.705 0.981 1.0 0.831 1.0 1.016 0.985 1.0 0.725 1.0 0.705 1.17 1.0 0.7 1.0 0.976 0.879 1.0 1.114 1.0 1.181 0.98 1.0 1.116 1.0 0.672 0.699 1.0 0.927 1.0 0.674 1.135 1.0 0.787 1.0 1.088 1.073 1.0 1.037 1.0 1.715 1.039 1.0 0.899 1.0 1.0 0.924 1.0 0.986 1.0 1.0 0.941 1.0 0.805 1.0 1.0 0.93 1.0 1.102 1.0 1.0 0.758 1.0 0.88 1.0 1.0 0.734 1.0 0.777 1.0 1.0 1.006 1.0 1.0 1.0 1.0 1.83 1.0 1.0 1.0 1.0 0.818 1.0 1.0 1.0 1.0 0.741 1.0 1.0 1.0 1.0 0.746 1.0 1.0 1.0 1.0 0.752 1.0 1.0 1.0 1.0 0.729 1.0 1.0 1.0 1.0 0.818 1.0 1.0 1.0 1.0 1.0 1.0 1.0 1.0 1.0 1.0 1.0 1.0 1.0 1.0 1.0 1.0 1.0 1.0 1.0 1.0 1.0 1.0 1.0 1.0 1.0 1.0 1.0 1.0 1.0 1.0 1.0 1.0 1.0 1.0 1.0 1.0 1.0 1.0 1.0 1.0 1.0 1.0 1.0 1.0 1.0 1.0 1.0 1.0 1.0 1.0 1.0 1.0 1.0 1.0 1.0 1.0 1.0 1.0 1.0 1.0 1.0 1.0 1.0 1.0 1.0 1.0 1.0 1.0 1.0 1.0 1.0 1.0 1.0 1.0 1.0 1.0 1.0 1.0 1.0 1.0 1.0 1.0 1.0 1.0 1.0 1.0 1.0 1.0 1.0 1.0 1.0 1.0 1.0 1.0 1.0 1.0 1.0 1.0 1.0 1.0 1.0 1.0 1.0 1.0 1.0 1.0 1.0 1.0 1.0 1.0 1.0 1.0 1.0 1.0 1.0 1.0 1.0 1.0 1.0 1.0 1.0 1.0 1.0 1.0 1.0 1.0 1.0 1.0 1.0 1.0 1.0 1.0 1.0 1.0 1.0 1.0 1.0 1.0 1.0 1.0 1.0 1.0 1.0 1.0 1.0 1.0 1.0 1.0 1.0 1.0 1.0 1.0 1.0 0.982 0.957 1.104 0.972 0.946 1.272 0.925 0.932 0.789 0.941 1.006 1.048 0.971 0.767 1.168 1.087 0.759 0.898 0.755 0.995 0.997 1.058 0.975 0.845 0.771 1.172 0.823 1.204 1.095 0.679 0.742 1.254 0.878 1.108 0.737 1.189 1.154 1.084 1.3 0.721 0.709 0.755 1.227 0.56 1.203 0.752 0.961 1.093 0.678 1.214 0.73 0.76 0.732 0.723 0.647 1.201 0.765 0.792 1.288 0.65 1.08 0.985 1.159 0.58 0.997 1.017 1.132 1.134 0.677 1.164 0.93 1.041 1.06 1.259 0.672 1.056 1.037 1.052 0.585 1.177 0.963 1.008 0.697 0.603 0.689 1.0 1.168 1.148 0.966 0.778 1.0 1.022 0.695 0.655 1.208 1.0 1.027 1.393 0.919 0.942 1.0 0.807 0.617 0.662 0.69 1.0 0.828 0.885 0.862 1.0 1.0 1.109 0.883 0.905 1.0 1.0 0.82 0.802 0.895 1.0 1.0 1.156 0.723 0.858 1.0 1.0 1.045 0.667 0.647 1.0 1.0 1.217 0.644 1.242 1.0 1.0 0.885 0.758 0.78 1.0 1.0 0.83 1.26 0.79 1.0 1.0 0.879 0.873 1.0 1.0 1.0 1.255 0.641 1.0 1.0 1.0 0.752 0.691 1.0 1.0 1.0 0.709 0.623 1.0 1.0 1.0 1.028 1.716 1.0 1.0 1.0 0.676 1.0 1.0 1.0 1.0 0.67 1.0 1.0 1.0 1.0 1.015 1.0 1.0 1.0 1.0 0.931 1.0 1.0 1.0 1.0 0.864 1.0 1.0 1.0 1.0 0.877 1.0 1.0 1.0 1.0 0.963 1.0 1.0 1.0 1.0 0.706 1.0 1.0 1.0 1.0 0.881 1.0 1.0 1.0 1.0 0.824 1.0 1.0 1.0 1.0 1.234 1.0 1.0 1.0 1.0 0.665 1.0 1.0 1.0 1.0 1.816 1.0 1.0 1.0 1.0 1.594 1.0 1.0 1.0 1.0 0.712 1.0 1.0 1.0 1.0 1.0 1.0 1.0 1.0 1.0 1.0 1.0 1.0 1.0 1.0 1.0 1.0 1.0 1.0 1.0 1.0 1.0 1.0 1.0 1.0 1.0 1.0 1.0 1.0 1.0 1.0 1.0 1.0 1.0 1.0 1.0 1.0 1.0 1.0 1.0 1.0 1.0 1.0 1.0 1.0 1.0 1.0 1.0 1.0 1.0 1.0 1.0 1.0 1.0 1.0 1.0 1.0 1.0 1.0 1.0 1.0 1.0 1.0 1.0 1.0 1.0 1.0 1.0 1.0 1.0 1.0 1.0 1.0 1.0 1.0 1.0 1.0 1.0 1.0 1.0 1.0 1.0 1.0 1.0 1.0 1.0 1.0 1.0 1.0 1.0 1.0 1.0 1.0 1.0 1.0 1.0 1.0 1.0 1.0 1.0 1.0 1.0 1.0 1.0 1.0 1.0 1.0 1.0 1.0 1.0 1.0 1.0 1.0 1.0 1.0 1.0 1.0 1.0 1.0 1.0 1.0 1.0 1.0 1.0 1.0 1.0 1.0 1.0 1.0 1.0 1.0 1.0 1.0 1.0 1.0 1.0 1.0 1.0 1.0 1.184 1.038 0.835 1.102 0.844 0.943 0.924 1.155 0.943 0.779 1.308 1.322 0.915 1.17 1.259 0.925 1.04 1.316 1.186 0.863 1.294 1.097 1.317 0.893 0.842 0.991 0.937 0.89 1.208 1.251 1.215 0.875 1.047 0.706 0.719 0.96 0.883 1.041 0.861 1.276 1.051 1.057 1.09 1.275 0.601 1.063 1.151 1.054 0.856 1.123 0.948 1.146 1.207 1.151 1.125 0.8 0.67 1.06 1.027 0.598 0.986 1.191 1.171 0.717 0.674 1.074 1.13 0.661 1.231 0.954 1.219 1.24 0.886 1.276 0.755 0.947 1.102 0.755 1.119 0.767 1.175 1.123 0.913 1.254 1.084 0.645 0.991 0.869 1.278 0.967 0.766 0.613 0.855 0.669 1.071 1.099 0.628 0.753 0.844 1.351 0.73 0.673 1.432 1.2 0.781 1.054 0.944 1.0 0.966 0.914 0.763 0.667 1.0 0.71 0.727 0.973 0.693 1.0 1.201 1.0 0.685 1.322 1.0 1.518 1.0 0.717 0.699 1.0 0.824 1.0 0.674 1.396 1.0 1.047 1.0 0.729 1.036 1.0 0.821 1.0 0.873 0.842 1.0 1.089 1.0 1.116 1.226 1.0 0.812 1.0 0.933 0.842 1.0 0.779 1.0 0.994 0.737 1.0 1.0 1.0 0.793 0.817 1.0 1.0 1.0 0.98 0.734 1.0 1.0 1.0 1.124 0.713 1.0 1.0 1.0 0.929 0.721 1.0 1.0 1.0 0.901 0.744 1.0 1.0 1.0 1.053 0.97 1.0 1.0 1.0 0.98 1.0 1.0 1.0 1.0 0.971 1.0 1.0 1.0 1.0 0.861 1.0 1.0 1.0 1.0 0.828 1.0 1.0 1.0 1.0 0.783 1.0 1.0 1.0 1.0 0.762 1.0 1.0 1.0 1.0 1.353 1.0 1.0 1.0 1.0 1.353 1.0 1.0 1.0 1.0 1.461 1.0 1.0 1.0 1.0 1.061 1.0 1.0 1.0 1.0 0.771 1.0 1.0 1.0 1.0 0.764 1.0 1.0 1.0 1.0 1.645 1.0 1.0 1.0 1.0 0.596 1.0 1.0 1.0 1.0 1.0 1.0 1.0 1.0 1.0 1.0 1.0 1.0 1.0 1.0 1.0 1.0 1.0 1.0 1.0 1.0 1.0 1.0 1.0 1.0 1.0 1.0 1.0 1.0 1.0 1.0 1.0 1.0 1.0 1.0 1.0 1.0 1.0 1.0 1.0 1.0 1.0 1.0 1.0 1.0 1.0 1.0 1.0 1.0 1.0 1.0 1.0 1.0 1.0 1.0 1.0 1.0 1.0 1.0 1.0 1.0 1.0 1.0 1.0 1.0 1.0 1.0 1.0 1.0 1.0 1.0 1.0 1.0 1.0 1.0 1.0 1.0 1.0 1.0 1.0 1.0 1.0 1.0 1.0 1.0 1.0 1.0 1.0 1.0 1.0 1.0 1.0 1.0 1.0 1.0 1.0 1.0 1.0 1.0 1.0 1.0 1.0 1.0 1.0 1.0 1.0 1.0 1.0 1.0 1.0 1.0 1.0 1.0 1.0 1.0 1.0 1.0 1.0 1.0 1.0 1.0 1.0 1.0 1.0 1.0 1.184 1.003 0.835 1.102 1.09 0.829 0.925 1.256 0.954 0.774 0.925 1.025 0.923 0.963 0.94 0.797 1.027 1.199 0.862 1.334 0.879 1.142 0.962 1.133 0.922 1.115 1.151 1.187 0.729 1.172 1.092 1.15 1.179 1.36 0.743 0.649 1.185 1.246 1.362 1.297 1.218 0.821 1.239 1.138 1.332 0.862 0.778 0.735 1.218 1.22 1.329 1.178 0.957 1.182 1.317 1.262 1.268 1.04 1.293 1.367 1.28 1.084 0.888 1.047 1.277 1.342 1.288 1.229 1.286 0.947 1.307 1.295 1.091 1.316 1.293 0.938 1.319 1.208 1.293 0.744 1.39 0.627 1.253 0.885 1.321 1.259 1.274 0.846 1.323 0.772 0.627 1.306 1.184 0.757 1.126 1.04 1.259 1.066 0.704 1.294 1.39 0.704 1.231 1.093 1.301 0.931 1.011 1.144 0.725 0.769 1.317 1.308 1.15 0.781 1.314 1.251 0.819 0.997 1.343 0.838 1.243 0.832 0.993 1.37 0.804 0.974 1.388 0.958 0.796 0.773 1.485 0.802 0.945 1.145 1.39 1.165 0.839 0.97 0.912 1.305 0.864 1.44 0.967 0.696 0.728 0.674 1.0 0.944 0.664 1.0 0.683 1.0 0.895 1.0 1.0 0.716 1.0 0.77 1.0 1.0 0.747 1.0 1.098 1.0 1.0 1.175 1.0 1.123 1.0 1.0 1.86 1.0 1.388 1.0 1.0 0.747 1.0 0.956 1.0 1.0 1.87 1.0 0.757 1.0 1.0 0.807 1.0 0.744 1.0 1.0 0.831 1.0 0.739 1.0 1.0 0.788 1.0 0.735 1.0 1.0 1.0 1.0 0.768 1.0 1.0 1.0 1.0 1.44 1.0 1.0 1.0 1.0 1.312 1.0 1.0 1.0 1.0 1.116 1.0 1.0 1.0 1.0 1.002 1.0 1.0 1.0 1.0 0.998 1.0 1.0 1.0 1.0 0.952 1.0 1.0 1.0 1.0 1.09 1.0 1.0 1.0 1.0 1.184 1.0 1.0 1.0 1.0 1.2 1.0 1.0 1.0 1.0 0.889 1.0 1.0 1.0 1.0 0.805 1.0 1.0 1.0 1.0 0.788 1.0 1.0 1.0 1.0 1.03 1.0 1.0 1.0 1.0 0.935 1.0 1.0 1.0 1.0 0.994 1.0 1.0 1.0 1.0 1.083 1.0 1.0 1.0 1.0 1.103 1.0 1.0 1.0 1.0 0.689 1.0 1.0 1.0 1.0 0.921 1.0 1.0 1.0 1.0 1.103 1.0 1.0 1.0 1.0 1.199 1.0 1.0 1.0 1.0 0.715 1.0 1.0 1.0 1.0 0.741 1.0 1.0 1.0 1.0 0.782 1.0 1.0 1.0 1.0 0.749 1.0 1.0 1.0 1.0 1.006 1.0 1.0 1.0 1.0 0.739 1.0 1.0 1.0 1.0 1.098 1.0 1.0 1.0 1.0 0.796 1.0 1.0 1.0 1.0 1.192 1.0 1.0 1.0 1.0 0.702 1.0 1.0 1.0 1.0 0.814 1.0 1.0 1.0 1.0 0.7 1.0 1.0 1.0 1.0 0.683 1.0 1.0 1.0 1.0 0.69 1.0 1.0 0.966 1.188 0.947 1.157 0.977 1.274 0.923 1.258 0.78 1.127 0.814 1.033 0.933 0.755 1.323 0.915 1.125 1.19 0.805 0.945 0.875 1.105 0.719 0.883 1.01 1.103 1.166 0.824 1.217 0.861 1.048 0.754 0.826 1.31 0.971 0.829 1.126 1.119 1.165 1.287 0.85 1.181 1.255 1.303 0.708 1.303 1.249 1.081 1.196 1.357 1.324 0.74 1.218 0.666 1.182 1.157 1.035 1.218 1.226 1.368 1.257 1.186 0.677 1.429 0.688 0.866 1.197 1.286 1.338 1.052 0.937 1.324 0.89 1.034 1.374 0.917 1.195 0.875 1.474 1.193 1.237 1.303 1.246 0.636 0.987 1.008 1.0 1.376 1.343 1.218 0.865 1.0 0.961 1.221 0.741 0.968 1.0 0.926 0.878 0.747 0.818 1.0 0.765 0.717 1.185 1.089 1.0 0.71 1.016 0.787 1.038 1.0 0.896 1.571 1.058 1.131 1.0 0.994 0.711 1.065 0.928 1.0 0.852 0.737 1.177 0.801 1.0 0.919 0.701 0.729 1.232 1.0 0.888 1.255 0.782 0.942 1.0 1.029 0.981 0.789 0.973 1.0 0.743 0.973 0.996 0.974 1.0 0.922 0.732 0.993 1.182 1.0 0.908 0.947 0.701 0.881 1.0 0.943 0.946 1.0 1.155 1.0 0.717 0.923 1.0 0.955 1.0 0.796 0.9 1.0 0.774 1.0 0.906 0.814 1.0 0.802 1.0 1.0 1.253 1.0 0.804 1.0 1.0 0.839 1.0 0.763 1.0 1.0 0.887 1.0 0.792 1.0 1.0 1.448 1.0 1.102 1.0 1.0 1.43 1.0 0.741 1.0 1.0 0.758 1.0 0.717 1.0 1.0 0.708 1.0 0.688 1.0 1.0 0.698 1.0 0.738 1.0 1.0 1.103 1.0 1.0 1.0 1.0 1.108 1.0 1.0 1.0 1.0 0.969 1.0 1.0 1.0 1.0 0.678 1.0 1.0 1.0 1.0 1.0 1.0 1.0 1.0 1.0 1.0 1.0 1.0 1.0 1.0 1.0 1.0 1.0 1.0 1.0 1.0 1.0 1.0 1.0 1.0 1.0 1.0 1.0 1.0 1.0 1.0 1.0 1.0 1.0 1.0 1.0 1.0 1.0 1.0 1.0 1.0 1.0 1.0 1.0 1.0 1.0 1.0 1.0 1.0 1.0 1.0 1.0 1.0 1.0 1.0 1.0 1.0 1.0 1.0 1.0 1.0 1.0 1.0 1.0 1.0 1.0 1.0 1.0 1.0 1.0 1.0 1.0 1.0 1.0 1.0 1.0 1.0 1.0 1.0 1.0 1.0 1.0 1.0 1.0 1.0 1.0 1.0 1.0 1.0 1.0 1.0 1.0 1.0 1.0 1.0 1.0 1.0 1.0 1.0 1.0 1.0 1.0 1.0 1.0 1.0 1.0 1.0 1.0 1.0 1.0 1.0 1.0 1.0 1.0 1.0 1.0 1.0 1.0 1.0 1.0 1.0 1.0 1.0 1.0 1.0 1.0 1.0 1.0 1.0 1.0 1.0 1.0 1.0 1.0 1.0 1.0 1.0 1.0 1.0 1.0 1.0 1.0 1.0 1.0 1.0 1.0 1.0 0.874 1.038 1.179 0.957 0.977 1.033 1.271 1.147 0.964 1.12 0.913 1.303 0.95 1.073 1.322 0.787 1.031 0.731 0.733 0.965 1.331 1.319 1.209 1.14 1.16 0.78 0.787 0.727 0.594 0.792 0.821 1.066 1.211 1.074 0.803 1.117 0.823 0.851 0.655 1.059 0.74 0.723 1.031 1.196 0.746 1.18 1.096 1.307 0.688 1.082 0.875 1.085 1.048 0.966 1.156 0.686 0.834 0.891 0.693 0.805 1.232 0.714 1.01 1.0 1.271 0.768 1.273 0.999 1.0 1.207 1.019 0.754 1.128 1.0 0.661 0.708 1.13 1.1 1.0 1.134 0.845 0.885 0.937 1.0 0.995 1.161 0.798 0.997 1.0 0.855 0.734 1.123 0.823 1.0 0.702 1.175 1.09 0.926 1.0 0.752 1.16 1.012 1.036 1.0 0.813 1.189 1.07 1.053 1.0 0.802 0.725 0.904 0.897 1.0 0.775 0.832 1.151 0.889 1.0 1.448 0.881 0.726 1.059 1.0 1.032 0.944 1.217 0.887 1.0 0.717 0.751 0.962 1.353 1.0 0.745 0.769 0.719 0.886 1.0 1.0 0.759 0.925 1.054 1.0 1.0 0.871 1.059 1.057 1.0 1.0 1.186 1.085 1.058 1.0 1.0 0.994 0.82 0.723 1.0 1.0 0.794 0.985 0.878 1.0 1.0 0.708 0.975 1.383 1.0 1.0 1.0 0.73 1.392 1.0 1.0 1.0 1.318 1.307 1.0 1.0 1.0 0.717 0.79 1.0 1.0 1.0 0.829 1.078 1.0 1.0 1.0 0.82 0.907 1.0 1.0 1.0 0.811 0.969 1.0 1.0 1.0 0.854 0.983 1.0 1.0 1.0 0.843 0.794 1.0 1.0 1.0 0.842 0.676 1.0 1.0 1.0 1.042 0.807 1.0 1.0 1.0 0.949 0.669 1.0 1.0 1.0 0.777 0.659 1.0 1.0 1.0 0.949 0.696 1.0 1.0 1.0 0.958 0.667 1.0 1.0 1.0 0.967 0.711 1.0 1.0 1.0 0.98 1.0 1.0 1.0 1.0 0.712 1.0 1.0 1.0 1.0 0.729 1.0 1.0 1.0 1.0 1.047 1.0 1.0 1.0 1.0 0.697 1.0 1.0 1.0 1.0 0.714 1.0 1.0 1.0 1.0 0.741 1.0 1.0 1.0 1.0 0.741 1.0 1.0 1.0 1.0 0.687 1.0 1.0 1.0 1.0 0.709 1.0 1.0 1.0 1.0 0.65 1.0 1.0 1.0 1.0 1.0 1.0 1.0 1.0 1.0 1.0 1.0 1.0 1.0 1.0 1.0 1.0 1.0 1.0 1.0 1.0 1.0 1.0 1.0 1.0 1.0 1.0 1.0 1.0 1.0 1.0 1.0 1.0 1.0 1.0 1.0 1.0 1.0 1.0 1.0 1.0 1.0 1.0 1.0 1.0 1.0 1.0 1.0 1.0 1.0 1.0 1.0 1.0 1.0 1.0 1.0 1.0 1.0 1.0 1.0 1.0 1.0 1.0 1.0 1.0 1.0 1.0 1.0 1.0 1.0 1.0 1.0 1.0 1.0 1.0 1.0 1.0 1.0 1.0 1.0 1.0 1.0 1.0 1.0 1.184 1.188 0.972 1.102 0.844 0.943 1.277 1.276 1.15 1.249 1.305 1.037 0.941 1.185 1.265 0.806 0.866 0.927 0.728 0.815 1.053 1.092 1.16 0.871 1.043 0.826 1.237 0.884 1.296 0.786 1.175 0.563 1.039 0.725 1.132 0.865 1.191 0.76 1.06 1.076 1.073 1.277 1.226 1.01 1.152 1.108 1.215 1.234 1.311 0.676 0.747 1.153 1.134 1.188 1.232 1.178 0.641 1.098 1.047 1.256 1.115 1.258 1.261 1.36 1.054 1.112 0.598 1.304 1.07 1.204 1.175 1.476 0.686 0.768 0.711 1.264 1.2 0.694 1.354 0.701 1.117 1.016 1.262 1.279 1.0 1.335 0.628 1.287 1.376 1.0 1.329 1.241 1.123 0.662 1.0 1.097 0.938 1.304 1.293 1.0 1.007 0.753 1.342 0.674 1.0 0.926 1.23 0.973 1.11 1.0 0.938 0.943 0.909 1.039 1.0 0.991 1.425 1.439 0.784 1.0 1.003 1.413 0.842 1.21 1.0 1.276 0.991 0.741 1.044 1.0 1.231 1.421 1.35 0.956 1.0 1.194 0.743 0.758 0.692 1.0 0.964 1.441 1.28 0.821 1.0 1.303 0.592 1.238 0.705 1.0 1.277 0.722 1.235 0.806 1.0 0.665 1.061 0.957 1.001 1.0 0.676 1.268 1.267 0.751 1.0 0.69 1.332 0.75 1.0 1.0 0.709 0.635 0.81 1.0 1.0 0.763 0.694 1.0 1.0 1.0 0.754 0.778 1.0 1.0 1.0 0.742 0.796 1.0 1.0 1.0 1.043 0.73 1.0 1.0 1.0 0.832 0.753 1.0 1.0 1.0 1.098 0.752 1.0 1.0 1.0 1.119 1.0 1.0 1.0 1.0 0.905 1.0 1.0 1.0 1.0 1.575 1.0 1.0 1.0 1.0 0.783 1.0 1.0 1.0 1.0 0.872 1.0 1.0 1.0 1.0 1.24 1.0 1.0 1.0 1.0 0.804 1.0 1.0 1.0 1.0 0.79 1.0 1.0 1.0 1.0 1.0 1.0 1.0 1.0 1.0 1.0 1.0 1.0 1.0 1.0 1.0 1.0 1.0 1.0 1.0 1.0 1.0 1.0 1.0 1.0 1.0 1.0 1.0 1.0 1.0 1.0 1.0 1.0 1.0 1.0 1.0 1.0 1.0 1.0 1.0 1.0 1.0 1.0 1.0 1.0 1.0 1.0 1.0 1.0 1.0 1.0 1.0 1.0 1.0 1.0 1.0 1.0 1.0 1.0 1.0 1.0 1.0 1.0 1.0 1.0 1.0 1.0 1.0 1.0 1.0 1.0 1.0 1.0 1.0 1.0 1.0 1.0 1.0 1.0 1.0 1.0 1.0 1.0 1.0 1.0 1.0 1.0 1.0 1.0 1.0 1.0 1.0 1.0 1.0 1.0 1.0 1.0 1.0 1.0 1.0 1.0 1.0 1.0 1.0 1.0 1.0 1.0 1.0 1.0 1.0 1.0 1.0 1.0 1.0 1.0 1.0 1.0 1.0 1.0 1.0 1.0 1.0 1.0 1.0 1.0 1.0 1.0 1.0 1.0 1.0 1.0 1.0 1.0 1.0 1.0 1.0 1.0 1.0 1.0 1.0 0.874 1.003 1.179 1.102 0.844 1.27 0.926 1.152 0.781 1.257 0.992 0.76 0.923 1.244 1.165 0.917 0.75 1.182 0.753 0.926 1.107 1.294 1.183 1.02 0.855 1.1 1.039 0.714 1.094 1.2 1.094 0.801 1.193 1.095 0.934 1.198 0.878 0.706 1.153 1.253 0.828 0.971 0.986 1.313 1.099 0.738 0.833 0.894 1.152 1.128 1.251 1.145 0.922 1.274 1.075 1.128 0.949 0.976 1.103 0.648 0.683 1.193 1.017 1.162 1.166 1.227 0.784 0.829 0.934 1.357 0.748 1.197 0.907 1.015 0.641 1.215 1.23 1.005 1.0 1.253 0.76 1.176 1.163 1.0 1.237 0.781 1.154 0.806 1.0 1.252 1.126 1.111 1.139 1.0 1.418 0.81 0.81 0.956 1.0 0.72 1.068 0.662 1.187 1.0 0.933 1.026 0.671 1.034 1.0 1.028 1.123 0.961 0.716 1.0 1.024 1.281 0.805 1.224 1.0 1.608 0.871 0.821 1.037 1.0 1.119 0.945 1.095 1.266 1.0 0.733 1.293 0.805 0.921 1.0 1.662 0.917 0.871 1.279 1.0 1.052 1.059 1.107 0.818 1.0 0.823 0.828 1.19 0.758 1.0 1.028 1.307 0.901 0.772 1.0 0.76 0.994 1.311 1.016 1.0 0.807 1.0 1.325 1.321 1.0 1.042 1.0 1.387 0.819 1.0 0.835 1.0 0.862 0.828 1.0 0.711 1.0 0.927 0.73 1.0 0.781 1.0 0.822 0.8 1.0 0.857 1.0 0.799 0.693 1.0 0.891 1.0 0.752 1.522 1.0 1.982 1.0 1.0 0.701 1.0 0.698 1.0 1.0 0.714 1.0 0.834 1.0 1.0 1.243 1.0 1.0 1.0 1.0 0.624 1.0 1.0 1.0 1.0 0.936 1.0 1.0 1.0 1.0 1.802 1.0 1.0 1.0 1.0 1.0 1.0 1.0 1.0 1.0 1.0 1.0 1.0 1.0 1.0 1.0 1.0 1.0 1.0 1.0 1.0 1.0 1.0 1.0 1.0 1.0 1.0 1.0 1.0 1.0 1.0 1.0 1.0 1.0 1.0 1.0 1.0 1.0 1.0 1.0 1.0 1.0 1.0 1.0 1.0 1.0 1.0 1.0 1.0 1.0 1.0 1.0 1.0 1.0 1.0 1.0 1.0 1.0 1.0 1.0 1.0 1.0 1.0 1.0 1.0 1.0 1.0 1.0 1.0 1.0 1.0 1.0 1.0 1.0 1.0 1.0 1.0 1.0 1.0 1.0 1.0 1.0 1.0 1.0 1.0 1.0 1.0 1.0 1.0 1.0 1.0 1.0 1.0 1.0 1.0 1.0 1.0 1.0 1.0 1.0 1.0 1.0 1.0 1.0 1.0 1.0 1.0 1.0 1.0 1.0 1.0 1.0 1.0 1.0 1.0 1.0 1.0 1.0 1.0 1.0 1.0 1.0 1.0 1.0 1.0 1.0 1.0 1.0 1.0 1.0 1.0 1.0 1.0 1.0 1.0 1.0 1.0 1.0 1.0 1.0 1.0 1.0 1.0 1.0 1.0 1.0 1.0 1.0 1.0 1.0 1.0 1.0 1.0 1.0 1.0 1.0 1.0 1.0,1.9818265,0.98182654,0.56001264,0.3,0.5857927799224854,0.0003,5,4.0563173
47,0.20363770425319672,0.99559367,1.021 1.039 0.946 0.973 0.945 0.936 1.259 1.163 0.78 0.776 1.046 1.291 0.923 1.176 1.012 1.306 0.741 0.707 0.895 0.827 1.034 1.111 0.894 1.305 1.055 1.025 0.736 1.267 1.049 1.094 1.078 0.738 1.09 0.793 1.147 0.896 0.847 1.265 1.145 1.16 1.138 1.115 0.949 0.636 0.684 0.906 0.727 1.146 1.254 0.993 1.239 0.726 1.157 1.259 0.732 0.875 1.045 1.154 1.125 1.059 0.819 0.885 0.733 1.226 1.0 1.174 1.132 0.671 0.709 1.0 1.106 1.135 1.07 1.206 1.0 1.295 1.418 1.107 1.14 1.0 1.335 0.898 1.381 1.048 1.0 1.267 0.879 1.206 0.663 1.0 1.071 0.675 1.041 1.084 1.0 1.003 0.873 0.749 0.746 1.0 1.274 0.669 0.777 1.188 1.0 0.956 1.051 1.0 0.744 1.0 0.702 0.8 1.0 0.779 1.0 0.694 1.096 1.0 0.806 1.0 0.706 0.983 1.0 0.833 1.0 1.012 0.988 1.0 0.722 1.0 0.705 1.171 1.0 0.698 1.0 0.97 0.873 1.0 1.115 1.0 1.181 0.983 1.0 1.117 1.0 0.673 0.698 1.0 0.925 1.0 0.677 1.133 1.0 0.785 1.0 1.085 1.067 1.0 1.037 1.0 1.721 1.035 1.0 0.896 1.0 1.0 0.925 1.0 0.984 1.0 1.0 0.94 1.0 0.806 1.0 1.0 0.929 1.0 1.101 1.0 1.0 0.75 1.0 0.882 1.0 1.0 0.735 1.0 0.777 1.0 1.0 1.0 1.0 1.0 1.0 1.0 1.85 1.0 1.0 1.0 1.0 0.808 1.0 1.0 1.0 1.0 0.74 1.0 1.0 1.0 1.0 0.744 1.0 1.0 1.0 1.0 0.75 1.0 1.0 1.0 1.0 0.72 1.0 1.0 1.0 1.0 0.821 1.0 1.0 1.0 1.0 1.0 1.0 1.0 1.0 1.0 1.0 1.0 1.0 1.0 1.0 1.0 1.0 1.0 1.0 1.0 1.0 1.0 1.0 1.0 1.0 1.0 1.0 1.0 1.0 1.0 1.0 1.0 1.0 1.0 1.0 1.0 1.0 1.0 1.0 1.0 1.0 1.0 1.0 1.0 1.0 1.0 1.0 1.0 1.0 1.0 1.0 1.0 1.0 1.0 1.0 1.0 1.0 1.0 1.0 1.0 1.0 1.0 1.0 1.0 1.0 1.0 1.0 1.0 1.0 1.0 1.0 1.0 1.0 1.0 1.0 1.0 1.0 1.0 1.0 1.0 1.0 1.0 1.0 1.0 1.0 1.0 1.0 1.0 1.0 1.0 1.0 1.0 1.0 1.0 1.0 1.0 1.0 1.0 1.0 1.0 1.0 1.0 1.0 1.0 1.0 1.0 1.0 1.0 1.0 1.0 1.0 1.0 1.0 1.0 1.0 1.0 1.0 1.0 1.0 1.0 1.0 1.0 1.0 1.0 1.0 1.0 1.0 1.0 1.0 1.0 1.0 1.0 1.0 1.0 1.0 1.0 1.0 1.0 1.0 1.0 1.0 1.0 1.0 1.0 1.0 1.0 1.0 1.0 1.0 1.0 1.0 1.0 1.0 1.0 0.981 0.959 1.107 0.973 0.945 1.266 0.928 0.934 0.791 0.939 1.004 1.05 0.969 0.77 1.168 1.086 0.762 0.899 0.758 0.99 0.994 1.058 0.974 0.845 0.764 1.174 0.824 1.204 1.094 0.671 0.741 1.249 0.884 1.117 0.735 1.193 1.148 1.083 1.298 0.72 0.71 0.753 1.225 0.552 1.203 0.752 0.951 1.104 0.676 1.214 0.731 0.757 0.729 0.721 0.646 1.205 0.763 0.781 1.291 0.65 1.07 0.993 1.158 0.575 0.999 1.02 1.133 1.133 0.677 1.158 0.931 1.038 1.061 1.256 0.67 1.055 1.045 1.055 0.582 1.173 0.965 1.016 0.695 0.601 0.688 1.0 1.169 1.146 0.966 0.779 1.0 1.017 0.695 0.655 1.203 1.0 1.023 1.399 0.917 0.94 1.0 0.799 0.616 0.663 0.692 1.0 0.82 0.881 0.859 1.0 1.0 1.117 0.878 0.9 1.0 1.0 0.813 0.795 0.89 1.0 1.0 1.157 0.724 0.854 1.0 1.0 1.05 0.667 0.648 1.0 1.0 1.219 0.646 1.234 1.0 1.0 0.88 0.751 0.774 1.0 1.0 0.823 1.251 0.792 1.0 1.0 0.873 0.869 1.0 1.0 1.0 1.254 0.635 1.0 1.0 1.0 0.752 0.693 1.0 1.0 1.0 0.708 0.617 1.0 1.0 1.0 1.034 1.73 1.0 1.0 1.0 0.674 1.0 1.0 1.0 1.0 0.669 1.0 1.0 1.0 1.0 1.02 1.0 1.0 1.0 1.0 0.922 1.0 1.0 1.0 1.0 0.857 1.0 1.0 1.0 1.0 0.868 1.0 1.0 1.0 1.0 0.961 1.0 1.0 1.0 1.0 0.707 1.0 1.0 1.0 1.0 0.872 1.0 1.0 1.0 1.0 0.816 1.0 1.0 1.0 1.0 1.226 1.0 1.0 1.0 1.0 0.659 1.0 1.0 1.0 1.0 1.832 1.0 1.0 1.0 1.0 1.605 1.0 1.0 1.0 1.0 0.716 1.0 1.0 1.0 1.0 1.0 1.0 1.0 1.0 1.0 1.0 1.0 1.0 1.0 1.0 1.0 1.0 1.0 1.0 1.0 1.0 1.0 1.0 1.0 1.0 1.0 1.0 1.0 1.0 1.0 1.0 1.0 1.0 1.0 1.0 1.0 1.0 1.0 1.0 1.0 1.0 1.0 1.0 1.0 1.0 1.0 1.0 1.0 1.0 1.0 1.0 1.0 1.0 1.0 1.0 1.0 1.0 1.0 1.0 1.0 1.0 1.0 1.0 1.0 1.0 1.0 1.0 1.0 1.0 1.0 1.0 1.0 1.0 1.0 1.0 1.0 1.0 1.0 1.0 1.0 1.0 1.0 1.0 1.0 1.0 1.0 1.0 1.0 1.0 1.0 1.0 1.0 1.0 1.0 1.0 1.0 1.0 1.0 1.0 1.0 1.0 1.0 1.0 1.0 1.0 1.0 1.0 1.0 1.0 1.0 1.0 1.0 1.0 1.0 1.0 1.0 1.0 1.0 1.0 1.0 1.0 1.0 1.0 1.0 1.0 1.0 1.0 1.0 1.0 1.0 1.0 1.0 1.0 1.0 1.0 1.0 1.0 1.0 1.0 1.181 1.039 0.836 1.104 0.845 0.947 0.926 1.16 0.945 0.781 1.301 1.315 0.917 1.174 1.251 0.929 1.039 1.307 1.192 0.863 1.287 1.096 1.307 0.895 0.842 0.996 0.941 0.892 1.212 1.247 1.209 0.878 1.047 0.708 0.711 0.964 0.888 1.039 0.863 1.271 1.047 1.055 1.091 1.267 0.593 1.061 1.146 1.056 0.863 1.124 0.939 1.146 1.21 1.152 1.128 0.799 0.663 1.063 1.038 0.592 0.977 1.203 1.169 0.715 0.673 1.07 1.139 0.661 1.234 0.954 1.216 1.246 0.884 1.276 0.755 0.94 1.093 0.755 1.121 0.767 1.176 1.115 0.911 1.255 1.086 0.646 0.994 0.867 1.281 0.964 0.765 0.608 0.854 0.667 1.074 1.099 0.624 0.755 0.844 1.355 0.732 0.674 1.435 1.203 0.776 1.048 0.944 1.0 0.968 0.915 0.761 0.668 1.0 0.705 0.722 0.967 0.691 1.0 1.205 1.0 0.686 1.331 1.0 1.522 1.0 0.716 0.698 1.0 0.819 1.0 0.675 1.393 1.0 1.045 1.0 0.731 1.032 1.0 0.813 1.0 0.878 0.841 1.0 1.088 1.0 1.111 1.228 1.0 0.815 1.0 0.927 0.841 1.0 0.77 1.0 1.002 0.735 1.0 1.0 1.0 0.793 0.814 1.0 1.0 1.0 0.973 0.736 1.0 1.0 1.0 1.119 0.711 1.0 1.0 1.0 0.934 0.718 1.0 1.0 1.0 0.903 0.742 1.0 1.0 1.0 1.05 0.967 1.0 1.0 1.0 0.984 1.0 1.0 1.0 1.0 0.963 1.0 1.0 1.0 1.0 0.854 1.0 1.0 1.0 1.0 0.821 1.0 1.0 1.0 1.0 0.777 1.0 1.0 1.0 1.0 0.761 1.0 1.0 1.0 1.0 1.348 1.0 1.0 1.0 1.0 1.351 1.0 1.0 1.0 1.0 1.461 1.0 1.0 1.0 1.0 1.059 1.0 1.0 1.0 1.0 0.771 1.0 1.0 1.0 1.0 0.759 1.0 1.0 1.0 1.0 1.653 1.0 1.0 1.0 1.0 0.588 1.0 1.0 1.0 1.0 1.0 1.0 1.0 1.0 1.0 1.0 1.0 1.0 1.0 1.0 1.0 1.0 1.0 1.0 1.0 1.0 1.0 1.0 1.0 1.0 1.0 1.0 1.0 1.0 1.0 1.0 1.0 1.0 1.0 1.0 1.0 1.0 1.0 1.0 1.0 1.0 1.0 1.0 1.0 1.0 1.0 1.0 1.0 1.0 1.0 1.0 1.0 1.0 1.0 1.0 1.0 1.0 1.0 1.0 1.0 1.0 1.0 1.0 1.0 1.0 1.0 1.0 1.0 1.0 1.0 1.0 1.0 1.0 1.0 1.0 1.0 1.0 1.0 1.0 1.0 1.0 1.0 1.0 1.0 1.0 1.0 1.0 1.0 1.0 1.0 1.0 1.0 1.0 1.0 1.0 1.0 1.0 1.0 1.0 1.0 1.0 1.0 1.0 1.0 1.0 1.0 1.0 1.0 1.0 1.0 1.0 1.0 1.0 1.0 1.0 1.0 1.0 1.0 1.0 1.0 1.0 1.0 1.0 1.0 1.0 1.181 1.002 0.836 1.104 1.093 0.832 0.927 1.25 0.953 0.776 0.929 1.024 0.924 0.961 0.942 0.801 1.026 1.204 0.862 1.325 0.885 1.136 0.961 1.144 0.913 1.115 1.145 1.191 0.725 1.186 1.103 1.162 1.183 1.355 0.74 0.641 1.196 1.24 1.356 1.312 1.23 0.822 1.233 1.139 1.327 0.864 0.779 0.733 1.229 1.233 1.331 1.175 0.948 1.186 1.314 1.267 1.269 1.05 1.291 1.365 1.274 1.083 0.879 1.05 1.279 1.345 1.293 1.231 1.289 0.949 1.302 1.305 1.101 1.313 1.296 0.939 1.315 1.208 1.295 0.744 1.386 0.627 1.256 0.885 1.322 1.265 1.284 0.838 1.319 0.771 0.627 1.303 1.185 0.757 1.127 1.04 1.253 1.074 0.706 1.29 1.387 0.706 1.233 1.094 1.297 0.929 1.014 1.144 0.727 0.77 1.324 1.319 1.151 0.784 1.313 1.251 0.822 1.002 1.341 0.837 1.243 0.836 0.988 1.37 0.802 0.972 1.385 0.962 0.8 0.775 1.485 0.805 0.949 1.153 1.39 1.164 0.843 0.975 0.911 1.308 0.859 1.439 0.963 0.69 0.729 0.673 1.0 0.941 0.665 1.0 0.683 1.0 0.889 1.0 1.0 0.718 1.0 0.77 1.0 1.0 0.749 1.0 1.106 1.0 1.0 1.174 1.0 1.132 1.0 1.0 1.877 1.0 1.391 1.0 1.0 0.74 1.0 0.953 1.0 1.0 1.887 1.0 0.755 1.0 1.0 0.8 1.0 0.741 1.0 1.0 0.822 1.0 0.737 1.0 1.0 0.788 1.0 0.732 1.0 1.0 1.0 1.0 0.759 1.0 1.0 1.0 1.0 1.445 1.0 1.0 1.0 1.0 1.317 1.0 1.0 1.0 1.0 1.121 1.0 1.0 1.0 1.0 1.002 1.0 1.0 1.0 1.0 0.997 1.0 1.0 1.0 1.0 0.947 1.0 1.0 1.0 1.0 1.091 1.0 1.0 1.0 1.0 1.194 1.0 1.0 1.0 1.0 1.212 1.0 1.0 1.0 1.0 0.889 1.0 1.0 1.0 1.0 0.798 1.0 1.0 1.0 1.0 0.776 1.0 1.0 1.0 1.0 1.038 1.0 1.0 1.0 1.0 0.928 1.0 1.0 1.0 1.0 0.991 1.0 1.0 1.0 1.0 1.085 1.0 1.0 1.0 1.0 1.104 1.0 1.0 1.0 1.0 0.677 1.0 1.0 1.0 1.0 0.914 1.0 1.0 1.0 1.0 1.105 1.0 1.0 1.0 1.0 1.21 1.0 1.0 1.0 1.0 0.703 1.0 1.0 1.0 1.0 0.731 1.0 1.0 1.0 1.0 0.77 1.0 1.0 1.0 1.0 0.739 1.0 1.0 1.0 1.0 1.003 1.0 1.0 1.0 1.0 0.727 1.0 1.0 1.0 1.0 1.104 1.0 1.0 1.0 1.0 0.785 1.0 1.0 1.0 1.0 1.205 1.0 1.0 1.0 1.0 0.69 1.0 1.0 1.0 1.0 0.817 1.0 1.0 1.0 1.0 0.69 1.0 1.0 1.0 1.0 0.686 1.0 1.0 1.0 1.0 0.681 1.0 1.0 0.968 1.185 0.946 1.153 0.978 1.269 0.926 1.251 0.782 1.131 0.817 1.032 0.934 0.757 1.315 0.919 1.119 1.196 0.809 0.943 0.879 1.104 0.721 0.888 1.009 1.098 1.168 0.828 1.218 0.853 1.046 0.753 0.831 1.308 0.969 0.83 1.136 1.119 1.174 1.284 0.851 1.184 1.256 1.305 0.708 1.303 1.253 1.091 1.193 1.355 1.325 0.74 1.219 0.664 1.179 1.151 1.037 1.219 1.225 1.367 1.26 1.184 0.675 1.435 0.686 0.868 1.202 1.288 1.338 1.056 0.934 1.328 0.891 1.035 1.376 0.92 1.201 0.876 1.481 1.19 1.237 1.306 1.248 0.636 0.987 1.011 1.0 1.381 1.348 1.217 0.86 1.0 0.961 1.224 0.739 0.962 1.0 0.924 0.876 0.745 0.812 1.0 0.765 0.717 1.192 1.095 1.0 0.711 1.017 0.785 1.044 1.0 0.892 1.579 1.058 1.131 1.0 0.991 0.711 1.063 0.935 1.0 0.852 0.738 1.182 0.797 1.0 0.918 0.701 0.727 1.231 1.0 0.889 1.254 0.778 0.946 1.0 1.025 0.98 0.786 0.976 1.0 0.742 0.971 0.992 0.977 1.0 0.915 0.733 0.989 1.18 1.0 0.904 0.945 0.699 0.878 1.0 0.94 0.949 1.0 1.153 1.0 0.717 0.925 1.0 0.956 1.0 0.795 0.9 1.0 0.775 1.0 0.898 0.816 1.0 0.804 1.0 1.0 1.251 1.0 0.8 1.0 1.0 0.838 1.0 0.762 1.0 1.0 0.886 1.0 0.786 1.0 1.0 1.449 1.0 1.094 1.0 1.0 1.433 1.0 0.734 1.0 1.0 0.76 1.0 0.717 1.0 1.0 0.702 1.0 0.681 1.0 1.0 0.691 1.0 0.74 1.0 1.0 1.093 1.0 1.0 1.0 1.0 1.098 1.0 1.0 1.0 1.0 0.967 1.0 1.0 1.0 1.0 0.669 1.0 1.0 1.0 1.0 1.0 1.0 1.0 1.0 1.0 1.0 1.0 1.0 1.0 1.0 1.0 1.0 1.0 1.0 1.0 1.0 1.0 1.0 1.0 1.0 1.0 1.0 1.0 1.0 1.0 1.0 1.0 1.0 1.0 1.0 1.0 1.0 1.0 1.0 1.0 1.0 1.0 1.0 1.0 1.0 1.0 1.0 1.0 1.0 1.0 1.0 1.0 1.0 1.0 1.0 1.0 1.0 1.0 1.0 1.0 1.0 1.0 1.0 1.0 1.0 1.0 1.0 1.0 1.0 1.0 1.0 1.0 1.0 1.0 1.0 1.0 1.0 1.0 1.0 1.0 1.0 1.0 1.0 1.0 1.0 1.0 1.0 1.0 1.0 1.0 1.0 1.0 1.0 1.0 1.0 1.0 1.0 1.0 1.0 1.0 1.0 1.0 1.0 1.0 1.0 1.0 1.0 1.0 1.0 1.0 1.0 1.0 1.0 1.0 1.0 1.0 1.0 1.0 1.0 1.0 1.0 1.0 1.0 1.0 1.0 1.0 1.0 1.0 1.0 1.0 1.0 1.0 1.0 1.0 1.0 1.0 1.0 1.0 1.0 1.0 1.0 1.0 1.0 1.0 1.0 1.0 1.0 0.875 1.039 1.175 0.956 0.978 1.034 1.266 1.151 0.963 1.124 0.916 1.296 0.949 1.073 1.314 0.791 1.03 0.733 0.726 0.963 1.324 1.311 1.214 1.15 1.163 0.785 0.791 0.731 0.587 0.796 0.822 1.066 1.216 1.066 0.801 1.117 0.827 0.852 0.655 1.059 0.738 0.722 1.031 1.196 0.742 1.179 1.095 1.298 0.689 1.095 0.862 1.085 1.047 0.966 1.171 0.683 0.836 0.898 0.694 0.796 1.233 0.716 1.02 1.0 1.266 0.766 1.262 1.006 1.0 1.219 1.016 0.756 1.129 1.0 0.659 0.7 1.128 1.1 1.0 1.137 0.842 0.888 0.941 1.0 0.996 1.16 0.79 0.995 1.0 0.853 0.734 1.12 0.824 1.0 0.701 1.173 1.087 0.921 1.0 0.754 1.162 1.015 1.043 1.0 0.809 1.187 1.074 1.055 1.0 0.797 0.723 0.908 0.892 1.0 0.777 0.829 1.156 0.883 1.0 1.45 0.885 0.721 1.06 1.0 1.034 0.95 1.213 0.882 1.0 0.719 0.748 0.957 1.349 1.0 0.739 0.769 0.715 0.88 1.0 1.0 0.755 0.92 1.055 1.0 1.0 0.866 1.069 1.064 1.0 1.0 1.184 1.084 1.065 1.0 1.0 1.002 0.818 0.722 1.0 1.0 0.786 0.983 0.872 1.0 1.0 0.707 0.974 1.381 1.0 1.0 1.0 0.728 1.389 1.0 1.0 1.0 1.314 1.306 1.0 1.0 1.0 0.716 0.788 1.0 1.0 1.0 0.824 1.085 1.0 1.0 1.0 0.815 0.905 1.0 1.0 1.0 0.806 0.963 1.0 1.0 1.0 0.849 0.991 1.0 1.0 1.0 0.838 0.786 1.0 1.0 1.0 0.836 0.678 1.0 1.0 1.0 1.043 0.798 1.0 1.0 1.0 0.948 0.672 1.0 1.0 1.0 0.77 0.663 1.0 1.0 1.0 0.956 0.689 1.0 1.0 1.0 0.956 0.668 1.0 1.0 1.0 0.971 0.702 1.0 1.0 1.0 0.974 1.0 1.0 1.0 1.0 0.71 1.0 1.0 1.0 1.0 0.729 1.0 1.0 1.0 1.0 1.043 1.0 1.0 1.0 1.0 0.699 1.0 1.0 1.0 1.0 0.716 1.0 1.0 1.0 1.0 0.743 1.0 1.0 1.0 1.0 0.735 1.0 1.0 1.0 1.0 0.681 1.0 1.0 1.0 1.0 0.702 1.0 1.0 1.0 1.0 0.643 1.0 1.0 1.0 1.0 1.0 1.0 1.0 1.0 1.0 1.0 1.0 1.0 1.0 1.0 1.0 1.0 1.0 1.0 1.0 1.0 1.0 1.0 1.0 1.0 1.0 1.0 1.0 1.0 1.0 1.0 1.0 1.0 1.0 1.0 1.0 1.0 1.0 1.0 1.0 1.0 1.0 1.0 1.0 1.0 1.0 1.0 1.0 1.0 1.0 1.0 1.0 1.0 1.0 1.0 1.0 1.0 1.0 1.0 1.0 1.0 1.0 1.0 1.0 1.0 1.0 1.0 1.0 1.0 1.0 1.0 1.0 1.0 1.0 1.0 1.0 1.0 1.0 1.0 1.0 1.0 1.0 1.0 1.0 1.181 1.185 0.973 1.104 0.845 0.946 1.272 1.27 1.155 1.242 1.299 1.036 0.94 1.19 1.257 0.81 0.87 0.929 0.731 0.819 1.051 1.103 1.154 0.872 1.038 0.83 1.231 0.884 1.286 0.785 1.169 0.555 1.047 0.728 1.143 0.866 1.19 0.752 1.06 1.076 1.083 1.273 1.24 1.02 1.152 1.103 1.22 1.248 1.31 0.676 0.745 1.161 1.137 1.188 1.231 1.175 0.638 1.105 1.046 1.256 1.128 1.256 1.267 1.359 1.058 1.125 0.59 1.311 1.077 1.204 1.173 1.482 0.685 0.768 0.713 1.266 1.198 0.693 1.36 0.702 1.114 1.019 1.263 1.277 1.0 1.338 0.626 1.288 1.384 1.0 1.332 1.245 1.13 0.661 1.0 1.094 0.941 1.304 1.299 1.0 1.014 0.746 1.343 0.674 1.0 0.927 1.234 0.975 1.114 1.0 0.933 0.945 0.906 1.044 1.0 0.997 1.429 1.444 0.78 1.0 1.005 1.417 0.839 1.206 1.0 1.277 0.992 0.743 1.049 1.0 1.232 1.425 1.347 0.955 1.0 1.194 0.743 0.761 0.693 1.0 0.966 1.446 1.281 0.823 1.0 1.304 0.589 1.239 0.706 1.0 1.278 0.723 1.232 0.808 1.0 0.666 1.06 0.957 0.997 1.0 0.677 1.274 1.266 0.752 1.0 0.692 1.326 0.753 1.0 1.0 0.711 0.634 0.808 1.0 1.0 0.758 0.693 1.0 1.0 1.0 0.748 0.771 1.0 1.0 1.0 0.736 0.789 1.0 1.0 1.0 1.045 0.732 1.0 1.0 1.0 0.827 0.751 1.0 1.0 1.0 1.104 0.75 1.0 1.0 1.0 1.124 1.0 1.0 1.0 1.0 0.91 1.0 1.0 1.0 1.0 1.58 1.0 1.0 1.0 1.0 0.783 1.0 1.0 1.0 1.0 0.868 1.0 1.0 1.0 1.0 1.24 1.0 1.0 1.0 1.0 0.797 1.0 1.0 1.0 1.0 0.784 1.0 1.0 1.0 1.0 1.0 1.0 1.0 1.0 1.0 1.0 1.0 1.0 1.0 1.0 1.0 1.0 1.0 1.0 1.0 1.0 1.0 1.0 1.0 1.0 1.0 1.0 1.0 1.0 1.0 1.0 1.0 1.0 1.0 1.0 1.0 1.0 1.0 1.0 1.0 1.0 1.0 1.0 1.0 1.0 1.0 1.0 1.0 1.0 1.0 1.0 1.0 1.0 1.0 1.0 1.0 1.0 1.0 1.0 1.0 1.0 1.0 1.0 1.0 1.0 1.0 1.0 1.0 1.0 1.0 1.0 1.0 1.0 1.0 1.0 1.0 1.0 1.0 1.0 1.0 1.0 1.0 1.0 1.0 1.0 1.0 1.0 1.0 1.0 1.0 1.0 1.0 1.0 1.0 1.0 1.0 1.0 1.0 1.0 1.0 1.0 1.0 1.0 1.0 1.0 1.0 1.0 1.0 1.0 1.0 1.0 1.0 1.0 1.0 1.0 1.0 1.0 1.0 1.0 1.0 1.0 1.0 1.0 1.0 1.0 1.0 1.0 1.0 1.0 1.0 1.0 1.0 1.0 1.0 1.0 1.0 1.0 1.0 1.0 1.0 0.875 1.002 1.175 1.104 0.845 1.265 0.929 1.156 0.783 1.25 0.99 0.763 0.925 1.235 1.17 0.923 0.752 1.188 0.757 0.927 1.101 1.287 1.188 1.019 0.86 1.095 1.038 0.717 1.094 1.198 1.089 0.802 1.199 1.096 0.938 1.199 0.885 0.708 1.156 1.25 0.82 0.979 0.985 1.322 1.1 0.73 0.824 0.897 1.157 1.138 1.265 1.139 0.925 1.284 1.074 1.122 0.941 0.974 1.11 0.641 0.674 1.195 1.015 1.167 1.175 1.24 0.783 0.829 0.932 1.356 0.746 1.21 0.914 1.013 0.639 1.227 1.243 1.003 1.0 1.252 0.761 1.187 1.176 1.0 1.24 0.782 1.155 0.806 1.0 1.25 1.126 1.112 1.138 1.0 1.419 0.809 0.81 0.954 1.0 0.718 1.072 0.657 1.196 1.0 0.931 1.029 0.667 1.034 1.0 1.029 1.124 0.96 0.714 1.0 1.025 1.288 0.807 1.22 1.0 1.615 0.875 0.822 1.039 1.0 1.117 0.944 1.096 1.266 1.0 0.734 1.3 0.808 0.922 1.0 1.671 0.915 0.872 1.278 1.0 1.048 1.058 1.106 0.82 1.0 0.815 0.829 1.184 0.76 1.0 1.028 1.301 0.898 0.771 1.0 0.762 0.99 1.317 1.016 1.0 0.799 1.0 1.321 1.318 1.0 1.04 1.0 1.384 0.822 1.0 0.826 1.0 0.856 0.824 1.0 0.713 1.0 0.922 0.731 1.0 0.771 1.0 0.826 0.804 1.0 0.849 1.0 0.803 0.696 1.0 0.88 1.0 0.752 1.526 1.0 2.002 1.0 1.0 0.704 1.0 0.688 1.0 1.0 0.716 1.0 0.822 1.0 1.0 1.236 1.0 1.0 1.0 1.0 0.618 1.0 1.0 1.0 1.0 0.933 1.0 1.0 1.0 1.0 1.816 1.0 1.0 1.0 1.0 1.0 1.0 1.0 1.0 1.0 1.0 1.0 1.0 1.0 1.0 1.0 1.0 1.0 1.0 1.0 1.0 1.0 1.0 1.0 1.0 1.0 1.0 1.0 1.0 1.0 1.0 1.0 1.0 1.0 1.0 1.0 1.0 1.0 1.0 1.0 1.0 1.0 1.0 1.0 1.0 1.0 1.0 1.0 1.0 1.0 1.0 1.0 1.0 1.0 1.0 1.0 1.0 1.0 1.0 1.0 1.0 1.0 1.0 1.0 1.0 1.0 1.0 1.0 1.0 1.0 1.0 1.0 1.0 1.0 1.0 1.0 1.0 1.0 1.0 1.0 1.0 1.0 1.0 1.0 1.0 1.0 1.0 1.0 1.0 1.0 1.0 1.0 1.0 1.0 1.0 1.0 1.0 1.0 1.0 1.0 1.0 1.0 1.0 1.0 1.0 1.0 1.0 1.0 1.0 1.0 1.0 1.0 1.0 1.0 1.0 1.0 1.0 1.0 1.0 1.0 1.0 1.0 1.0 1.0 1.0 1.0 1.0 1.0 1.0 1.0 1.0 1.0 1.0 1.0 1.0 1.0 1.0 1.0 1.0 1.0 1.0 1.0 1.0 1.0 1.0 1.0 1.0 1.0 1.0 1.0 1.0 1.0 1.0 1.0 1.0 1.0 1.0 1.0,2.0024674,1.0024674,0.5522578,0.3,0.5902883410453796,0.0003,5,4.1354303
48,0.20565667748451233,0.9955216,1.021 1.04 0.945 0.974 0.944 0.939 1.253 1.167 0.782 0.778 1.047 1.284 0.925 1.18 1.011 1.299 0.744 0.709 0.897 0.82 1.032 1.113 0.896 1.295 1.055 1.023 0.739 1.259 1.048 1.092 1.077 0.741 1.091 0.791 1.146 0.903 0.849 1.265 1.158 1.165 1.138 1.116 0.939 0.628 0.684 0.896 0.729 1.146 1.248 0.997 1.24 0.728 1.157 1.255 0.735 0.876 1.041 1.155 1.136 1.058 0.819 0.889 0.733 1.228 1.0 1.176 1.132 0.671 0.701 1.0 1.115 1.135 1.067 1.207 1.0 1.298 1.416 1.109 1.136 1.0 1.331 0.902 1.385 1.05 1.0 1.261 0.882 1.201 0.662 1.0 1.067 0.676 1.045 1.08 1.0 1.006 0.875 0.751 0.742 1.0 1.28 0.671 0.774 1.188 1.0 0.956 1.046 1.0 0.74 1.0 0.702 0.802 1.0 0.78 1.0 0.693 1.093 1.0 0.808 1.0 0.707 0.986 1.0 0.835 1.0 1.008 0.99 1.0 0.718 1.0 0.704 1.172 1.0 0.697 1.0 0.966 0.866 1.0 1.116 1.0 1.18 0.986 1.0 1.117 1.0 0.675 0.697 1.0 0.924 1.0 0.678 1.13 1.0 0.783 1.0 1.083 1.06 1.0 1.037 1.0 1.725 1.031 1.0 0.893 1.0 1.0 0.926 1.0 0.983 1.0 1.0 0.938 1.0 0.807 1.0 1.0 0.928 1.0 1.1 1.0 1.0 0.741 1.0 0.884 1.0 1.0 0.735 1.0 0.778 1.0 1.0 0.994 1.0 1.0 1.0 1.0 1.87 1.0 1.0 1.0 1.0 0.799 1.0 1.0 1.0 1.0 0.738 1.0 1.0 1.0 1.0 0.743 1.0 1.0 1.0 1.0 0.749 1.0 1.0 1.0 1.0 0.712 1.0 1.0 1.0 1.0 0.822 1.0 1.0 1.0 1.0 1.0 1.0 1.0 1.0 1.0 1.0 1.0 1.0 1.0 1.0 1.0 1.0 1.0 1.0 1.0 1.0 1.0 1.0 1.0 1.0 1.0 1.0 1.0 1.0 1.0 1.0 1.0 1.0 1.0 1.0 1.0 1.0 1.0 1.0 1.0 1.0 1.0 1.0 1.0 1.0 1.0 1.0 1.0 1.0 1.0 1.0 1.0 1.0 1.0 1.0 1.0 1.0 1.0 1.0 1.0 1.0 1.0 1.0 1.0 1.0 1.0 1.0 1.0 1.0 1.0 1.0 1.0 1.0 1.0 1.0 1.0 1.0 1.0 1.0 1.0 1.0 1.0 1.0 1.0 1.0 1.0 1.0 1.0 1.0 1.0 1.0 1.0 1.0 1.0 1.0 1.0 1.0 1.0 1.0 1.0 1.0 1.0 1.0 1.0 1.0 1.0 1.0 1.0 1.0 1.0 1.0 1.0 1.0 1.0 1.0 1.0 1.0 1.0 1.0 1.0 1.0 1.0 1.0 1.0 1.0 1.0 1.0 1.0 1.0 1.0 1.0 1.0 1.0 1.0 1.0 1.0 1.0 1.0 1.0 1.0 1.0 1.0 1.0 1.0 1.0 1.0 1.0 1.0 1.0 1.0 1.0 1.0 1.0 1.0 0.979 0.961 1.109 0.974 0.944 1.261 0.931 0.935 0.793 0.937 1.001 1.051 0.968 0.772 1.168 1.084 0.765 0.901 0.761 0.985 0.99 1.056 0.972 0.846 0.757 1.176 0.825 1.204 1.092 0.664 0.741 1.244 0.889 1.127 0.732 1.195 1.142 1.082 1.296 0.719 0.711 0.752 1.223 0.545 1.202 0.753 0.942 1.114 0.675 1.215 0.732 0.755 0.726 0.72 0.646 1.209 0.761 0.771 1.293 0.65 1.06 1.001 1.157 0.57 1.002 1.023 1.132 1.131 0.677 1.152 0.932 1.035 1.061 1.252 0.669 1.054 1.054 1.058 0.58 1.168 0.966 1.024 0.694 0.599 0.687 1.0 1.17 1.145 0.966 0.78 1.0 1.012 0.694 0.655 1.197 1.0 1.018 1.404 0.915 0.939 1.0 0.79 0.616 0.663 0.695 1.0 0.812 0.878 0.856 1.0 1.0 1.126 0.873 0.896 1.0 1.0 0.807 0.79 0.885 1.0 1.0 1.157 0.725 0.85 1.0 1.0 1.055 0.667 0.649 1.0 1.0 1.221 0.648 1.224 1.0 1.0 0.875 0.746 0.77 1.0 1.0 0.816 1.239 0.793 1.0 1.0 0.867 0.864 1.0 1.0 1.0 1.253 0.631 1.0 1.0 1.0 0.752 0.693 1.0 1.0 1.0 0.708 0.612 1.0 1.0 1.0 1.04 1.743 1.0 1.0 1.0 0.674 1.0 1.0 1.0 1.0 0.668 1.0 1.0 1.0 1.0 1.025 1.0 1.0 1.0 1.0 0.914 1.0 1.0 1.0 1.0 0.85 1.0 1.0 1.0 1.0 0.859 1.0 1.0 1.0 1.0 0.959 1.0 1.0 1.0 1.0 0.707 1.0 1.0 1.0 1.0 0.864 1.0 1.0 1.0 1.0 0.81 1.0 1.0 1.0 1.0 1.216 1.0 1.0 1.0 1.0 0.654 1.0 1.0 1.0 1.0 1.848 1.0 1.0 1.0 1.0 1.616 1.0 1.0 1.0 1.0 0.72 1.0 1.0 1.0 1.0 1.0 1.0 1.0 1.0 1.0 1.0 1.0 1.0 1.0 1.0 1.0 1.0 1.0 1.0 1.0 1.0 1.0 1.0 1.0 1.0 1.0 1.0 1.0 1.0 1.0 1.0 1.0 1.0 1.0 1.0 1.0 1.0 1.0 1.0 1.0 1.0 1.0 1.0 1.0 1.0 1.0 1.0 1.0 1.0 1.0 1.0 1.0 1.0 1.0 1.0 1.0 1.0 1.0 1.0 1.0 1.0 1.0 1.0 1.0 1.0 1.0 1.0 1.0 1.0 1.0 1.0 1.0 1.0 1.0 1.0 1.0 1.0 1.0 1.0 1.0 1.0 1.0 1.0 1.0 1.0 1.0 1.0 1.0 1.0 1.0 1.0 1.0 1.0 1.0 1.0 1.0 1.0 1.0 1.0 1.0 1.0 1.0 1.0 1.0 1.0 1.0 1.0 1.0 1.0 1.0 1.0 1.0 1.0 1.0 1.0 1.0 1.0 1.0 1.0 1.0 1.0 1.0 1.0 1.0 1.0 1.0 1.0 1.0 1.0 1.0 1.0 1.0 1.0 1.0 1.0 1.0 1.0 1.0 1.0 1.179 1.04 0.837 1.107 0.846 0.95 0.929 1.164 0.947 0.783 1.295 1.309 0.919 1.179 1.243 0.933 1.038 1.298 1.196 0.864 1.28 1.096 1.297 0.898 0.841 1.001 0.946 0.893 1.217 1.243 1.203 0.88 1.046 0.711 0.703 0.969 0.894 1.038 0.864 1.267 1.043 1.052 1.091 1.259 0.586 1.059 1.141 1.058 0.869 1.126 0.931 1.147 1.211 1.152 1.132 0.798 0.656 1.066 1.048 0.587 0.969 1.215 1.167 0.712 0.673 1.066 1.148 0.661 1.236 0.954 1.214 1.251 0.883 1.276 0.755 0.933 1.084 0.756 1.122 0.768 1.177 1.105 0.909 1.256 1.087 0.647 0.997 0.866 1.283 0.961 0.765 0.603 0.854 0.664 1.078 1.099 0.62 0.756 0.844 1.359 0.735 0.675 1.439 1.205 0.772 1.042 0.945 1.0 0.969 0.916 0.759 0.668 1.0 0.701 0.716 0.961 0.691 1.0 1.209 1.0 0.688 1.341 1.0 1.525 1.0 0.714 0.697 1.0 0.814 1.0 0.677 1.389 1.0 1.044 1.0 0.732 1.028 1.0 0.805 1.0 0.883 0.84 1.0 1.088 1.0 1.107 1.23 1.0 0.817 1.0 0.921 0.84 1.0 0.762 1.0 1.009 0.734 1.0 1.0 1.0 0.792 0.811 1.0 1.0 1.0 0.967 0.738 1.0 1.0 1.0 1.113 0.708 1.0 1.0 1.0 0.939 0.716 1.0 1.0 1.0 0.905 0.74 1.0 1.0 1.0 1.047 0.964 1.0 1.0 1.0 0.988 1.0 1.0 1.0 1.0 0.956 1.0 1.0 1.0 1.0 0.848 1.0 1.0 1.0 1.0 0.814 1.0 1.0 1.0 1.0 0.771 1.0 1.0 1.0 1.0 0.76 1.0 1.0 1.0 1.0 1.343 1.0 1.0 1.0 1.0 1.348 1.0 1.0 1.0 1.0 1.461 1.0 1.0 1.0 1.0 1.057 1.0 1.0 1.0 1.0 0.77 1.0 1.0 1.0 1.0 0.754 1.0 1.0 1.0 1.0 1.66 1.0 1.0 1.0 1.0 0.582 1.0 1.0 1.0 1.0 1.0 1.0 1.0 1.0 1.0 1.0 1.0 1.0 1.0 1.0 1.0 1.0 1.0 1.0 1.0 1.0 1.0 1.0 1.0 1.0 1.0 1.0 1.0 1.0 1.0 1.0 1.0 1.0 1.0 1.0 1.0 1.0 1.0 1.0 1.0 1.0 1.0 1.0 1.0 1.0 1.0 1.0 1.0 1.0 1.0 1.0 1.0 1.0 1.0 1.0 1.0 1.0 1.0 1.0 1.0 1.0 1.0 1.0 1.0 1.0 1.0 1.0 1.0 1.0 1.0 1.0 1.0 1.0 1.0 1.0 1.0 1.0 1.0 1.0 1.0 1.0 1.0 1.0 1.0 1.0 1.0 1.0 1.0 1.0 1.0 1.0 1.0 1.0 1.0 1.0 1.0 1.0 1.0 1.0 1.0 1.0 1.0 1.0 1.0 1.0 1.0 1.0 1.0 1.0 1.0 1.0 1.0 1.0 1.0 1.0 1.0 1.0 1.0 1.0 1.0 1.0 1.0 1.0 1.0 1.0 1.179 1.001 0.837 1.107 1.096 0.834 0.93 1.243 0.952 0.778 0.933 1.023 0.926 0.96 0.945 0.805 1.025 1.21 0.862 1.316 0.892 1.131 0.96 1.156 0.904 1.113 1.14 1.195 0.722 1.2 1.115 1.174 1.186 1.349 0.737 0.634 1.208 1.235 1.35 1.328 1.242 0.824 1.228 1.139 1.323 0.866 0.782 0.731 1.241 1.246 1.331 1.173 0.939 1.191 1.31 1.272 1.269 1.061 1.288 1.363 1.267 1.083 0.871 1.053 1.28 1.347 1.298 1.233 1.292 0.952 1.296 1.316 1.111 1.309 1.299 0.94 1.309 1.208 1.297 0.744 1.379 0.628 1.259 0.885 1.321 1.272 1.295 0.83 1.316 0.771 0.628 1.299 1.187 0.758 1.129 1.042 1.247 1.082 0.708 1.287 1.382 0.707 1.236 1.095 1.293 0.927 1.018 1.143 0.729 0.771 1.33 1.331 1.151 0.787 1.311 1.251 0.825 1.008 1.338 0.836 1.243 0.84 0.982 1.368 0.8 0.971 1.382 0.966 0.804 0.777 1.483 0.807 0.952 1.16 1.389 1.162 0.847 0.979 0.912 1.31 0.855 1.437 0.96 0.684 0.731 0.672 1.0 0.938 0.666 1.0 0.684 1.0 0.883 1.0 1.0 0.72 1.0 0.771 1.0 1.0 0.751 1.0 1.113 1.0 1.0 1.174 1.0 1.139 1.0 1.0 1.893 1.0 1.393 1.0 1.0 0.734 1.0 0.951 1.0 1.0 1.903 1.0 0.753 1.0 1.0 0.794 1.0 0.74 1.0 1.0 0.814 1.0 0.735 1.0 1.0 0.789 1.0 0.73 1.0 1.0 1.0 1.0 0.75 1.0 1.0 1.0 1.0 1.45 1.0 1.0 1.0 1.0 1.32 1.0 1.0 1.0 1.0 1.125 1.0 1.0 1.0 1.0 1.001 1.0 1.0 1.0 1.0 0.996 1.0 1.0 1.0 1.0 0.943 1.0 1.0 1.0 1.0 1.091 1.0 1.0 1.0 1.0 1.203 1.0 1.0 1.0 1.0 1.222 1.0 1.0 1.0 1.0 0.889 1.0 1.0 1.0 1.0 0.792 1.0 1.0 1.0 1.0 0.766 1.0 1.0 1.0 1.0 1.044 1.0 1.0 1.0 1.0 0.922 1.0 1.0 1.0 1.0 0.987 1.0 1.0 1.0 1.0 1.087 1.0 1.0 1.0 1.0 1.105 1.0 1.0 1.0 1.0 0.666 1.0 1.0 1.0 1.0 0.908 1.0 1.0 1.0 1.0 1.105 1.0 1.0 1.0 1.0 1.221 1.0 1.0 1.0 1.0 0.693 1.0 1.0 1.0 1.0 0.722 1.0 1.0 1.0 1.0 0.759 1.0 1.0 1.0 1.0 0.73 1.0 1.0 1.0 1.0 1.0 1.0 1.0 1.0 1.0 0.715 1.0 1.0 1.0 1.0 1.109 1.0 1.0 1.0 1.0 0.776 1.0 1.0 1.0 1.0 1.217 1.0 1.0 1.0 1.0 0.679 1.0 1.0 1.0 1.0 0.819 1.0 1.0 1.0 1.0 0.682 1.0 1.0 1.0 1.0 0.688 1.0 1.0 1.0 1.0 0.673 1.0 1.0 0.97 1.182 0.945 1.149 0.98 1.265 0.929 1.245 0.783 1.134 0.821 1.031 0.936 0.759 1.308 0.923 1.114 1.201 0.813 0.941 0.883 1.102 0.724 0.892 1.008 1.094 1.17 0.833 1.219 0.846 1.043 0.752 0.835 1.307 0.967 0.83 1.145 1.119 1.183 1.281 0.853 1.188 1.257 1.306 0.708 1.303 1.256 1.1 1.19 1.353 1.325 0.741 1.219 0.661 1.175 1.144 1.04 1.219 1.224 1.367 1.262 1.182 0.673 1.44 0.686 0.871 1.206 1.291 1.34 1.059 0.931 1.331 0.892 1.036 1.377 0.923 1.207 0.877 1.486 1.186 1.237 1.308 1.25 0.635 0.987 1.015 1.0 1.385 1.352 1.217 0.855 1.0 0.961 1.227 0.736 0.957 1.0 0.922 0.873 0.743 0.806 1.0 0.765 0.718 1.199 1.101 1.0 0.711 1.018 0.784 1.05 1.0 0.889 1.588 1.059 1.131 1.0 0.988 0.711 1.061 0.941 1.0 0.851 0.739 1.187 0.793 1.0 0.917 0.7 0.726 1.229 1.0 0.89 1.253 0.775 0.949 1.0 1.02 0.979 0.783 0.98 1.0 0.741 0.97 0.988 0.98 1.0 0.907 0.734 0.986 1.178 1.0 0.901 0.944 0.697 0.875 1.0 0.937 0.952 1.0 1.15 1.0 0.716 0.927 1.0 0.958 1.0 0.794 0.901 1.0 0.776 1.0 0.891 0.818 1.0 0.806 1.0 1.0 1.246 1.0 0.797 1.0 1.0 0.837 1.0 0.762 1.0 1.0 0.886 1.0 0.78 1.0 1.0 1.449 1.0 1.084 1.0 1.0 1.436 1.0 0.727 1.0 1.0 0.762 1.0 0.717 1.0 1.0 0.697 1.0 0.675 1.0 1.0 0.685 1.0 0.74 1.0 1.0 1.082 1.0 1.0 1.0 1.0 1.085 1.0 1.0 1.0 1.0 0.966 1.0 1.0 1.0 1.0 0.662 1.0 1.0 1.0 1.0 1.0 1.0 1.0 1.0 1.0 1.0 1.0 1.0 1.0 1.0 1.0 1.0 1.0 1.0 1.0 1.0 1.0 1.0 1.0 1.0 1.0 1.0 1.0 1.0 1.0 1.0 1.0 1.0 1.0 1.0 1.0 1.0 1.0 1.0 1.0 1.0 1.0 1.0 1.0 1.0 1.0 1.0 1.0 1.0 1.0 1.0 1.0 1.0 1.0 1.0 1.0 1.0 1.0 1.0 1.0 1.0 1.0 1.0 1.0 1.0 1.0 1.0 1.0 1.0 1.0 1.0 1.0 1.0 1.0 1.0 1.0 1.0 1.0 1.0 1.0 1.0 1.0 1.0 1.0 1.0 1.0 1.0 1.0 1.0 1.0 1.0 1.0 1.0 1.0 1.0 1.0 1.0 1.0 1.0 1.0 1.0 1.0 1.0 1.0 1.0 1.0 1.0 1.0 1.0 1.0 1.0 1.0 1.0 1.0 1.0 1.0 1.0 1.0 1.0 1.0 1.0 1.0 1.0 1.0 1.0 1.0 1.0 1.0 1.0 1.0 1.0 1.0 1.0 1.0 1.0 1.0 1.0 1.0 1.0 1.0 1.0 1.0 1.0 1.0 1.0 1.0 1.0 0.877 1.04 1.171 0.955 0.98 1.035 1.262 1.155 0.962 1.127 0.92 1.29 0.947 1.073 1.307 0.795 1.028 0.736 0.719 0.961 1.316 1.303 1.22 1.16 1.165 0.789 0.795 0.734 0.579 0.801 0.824 1.066 1.222 1.057 0.8 1.115 0.832 0.853 0.655 1.058 0.737 0.722 1.03 1.197 0.739 1.178 1.094 1.29 0.69 1.108 0.851 1.086 1.047 0.965 1.185 0.681 0.839 0.906 0.694 0.787 1.233 0.718 1.03 1.0 1.26 0.764 1.252 1.014 1.0 1.23 1.012 0.759 1.13 1.0 0.659 0.692 1.125 1.101 1.0 1.139 0.838 0.891 0.944 1.0 0.998 1.158 0.782 0.994 1.0 0.851 0.735 1.118 0.825 1.0 0.7 1.171 1.084 0.916 1.0 0.756 1.163 1.018 1.05 1.0 0.805 1.185 1.078 1.056 1.0 0.792 0.721 0.913 0.886 1.0 0.779 0.826 1.161 0.878 1.0 1.452 0.889 0.716 1.061 1.0 1.037 0.954 1.209 0.877 1.0 0.721 0.744 0.953 1.346 1.0 0.733 0.769 0.711 0.875 1.0 1.0 0.752 0.915 1.056 1.0 1.0 0.862 1.078 1.071 1.0 1.0 1.183 1.082 1.072 1.0 1.0 1.008 0.816 0.722 1.0 1.0 0.78 0.982 0.867 1.0 1.0 0.705 0.973 1.378 1.0 1.0 1.0 0.727 1.387 1.0 1.0 1.0 1.311 1.305 1.0 1.0 1.0 0.715 0.787 1.0 1.0 1.0 0.819 1.091 1.0 1.0 1.0 0.81 0.904 1.0 1.0 1.0 0.801 0.958 1.0 1.0 1.0 0.844 0.998 1.0 1.0 1.0 0.834 0.779 1.0 1.0 1.0 0.831 0.68 1.0 1.0 1.0 1.042 0.79 1.0 1.0 1.0 0.947 0.674 1.0 1.0 1.0 0.763 0.666 1.0 1.0 1.0 0.963 0.683 1.0 1.0 1.0 0.954 0.669 1.0 1.0 1.0 0.975 0.692 1.0 1.0 1.0 0.968 1.0 1.0 1.0 1.0 0.707 1.0 1.0 1.0 1.0 0.728 1.0 1.0 1.0 1.0 1.04 1.0 1.0 1.0 1.0 0.7 1.0 1.0 1.0 1.0 0.717 1.0 1.0 1.0 1.0 0.745 1.0 1.0 1.0 1.0 0.729 1.0 1.0 1.0 1.0 0.675 1.0 1.0 1.0 1.0 0.695 1.0 1.0 1.0 1.0 0.637 1.0 1.0 1.0 1.0 1.0 1.0 1.0 1.0 1.0 1.0 1.0 1.0 1.0 1.0 1.0 1.0 1.0 1.0 1.0 1.0 1.0 1.0 1.0 1.0 1.0 1.0 1.0 1.0 1.0 1.0 1.0 1.0 1.0 1.0 1.0 1.0 1.0 1.0 1.0 1.0 1.0 1.0 1.0 1.0 1.0 1.0 1.0 1.0 1.0 1.0 1.0 1.0 1.0 1.0 1.0 1.0 1.0 1.0 1.0 1.0 1.0 1.0 1.0 1.0 1.0 1.0 1.0 1.0 1.0 1.0 1.0 1.0 1.0 1.0 1.0 1.0 1.0 1.0 1.0 1.0 1.0 1.0 1.0 1.179 1.182 0.974 1.107 0.846 0.95 1.267 1.264 1.159 1.236 1.293 1.035 0.938 1.196 1.249 0.814 0.875 0.931 0.733 0.822 1.049 1.113 1.148 0.873 1.033 0.833 1.226 0.885 1.275 0.784 1.163 0.547 1.056 0.732 1.154 0.867 1.188 0.745 1.06 1.074 1.092 1.27 1.254 1.03 1.152 1.097 1.225 1.261 1.308 0.677 0.743 1.168 1.139 1.188 1.231 1.172 0.637 1.113 1.046 1.257 1.141 1.254 1.273 1.357 1.062 1.139 0.582 1.318 1.084 1.205 1.171 1.487 0.683 0.768 0.715 1.268 1.196 0.692 1.365 0.704 1.112 1.023 1.263 1.274 1.0 1.339 0.625 1.289 1.391 1.0 1.335 1.249 1.137 0.66 1.0 1.091 0.944 1.301 1.305 1.0 1.021 0.74 1.341 0.673 1.0 0.928 1.238 0.978 1.12 1.0 0.929 0.948 0.904 1.048 1.0 1.003 1.432 1.449 0.775 1.0 1.008 1.42 0.835 1.2 1.0 1.278 0.994 0.746 1.054 1.0 1.233 1.429 1.341 0.955 1.0 1.193 0.743 0.763 0.694 1.0 0.968 1.45 1.284 0.826 1.0 1.304 0.586 1.24 0.706 1.0 1.278 0.724 1.23 0.81 1.0 0.667 1.06 0.958 0.993 1.0 0.679 1.282 1.266 0.752 1.0 0.694 1.318 0.755 1.0 1.0 0.713 0.632 0.808 1.0 1.0 0.752 0.691 1.0 1.0 1.0 0.741 0.765 1.0 1.0 1.0 0.729 0.783 1.0 1.0 1.0 1.048 0.732 1.0 1.0 1.0 0.821 0.749 1.0 1.0 1.0 1.11 0.748 1.0 1.0 1.0 1.13 1.0 1.0 1.0 1.0 0.915 1.0 1.0 1.0 1.0 1.584 1.0 1.0 1.0 1.0 0.782 1.0 1.0 1.0 1.0 0.865 1.0 1.0 1.0 1.0 1.24 1.0 1.0 1.0 1.0 0.791 1.0 1.0 1.0 1.0 0.778 1.0 1.0 1.0 1.0 1.0 1.0 1.0 1.0 1.0 1.0 1.0 1.0 1.0 1.0 1.0 1.0 1.0 1.0 1.0 1.0 1.0 1.0 1.0 1.0 1.0 1.0 1.0 1.0 1.0 1.0 1.0 1.0 1.0 1.0 1.0 1.0 1.0 1.0 1.0 1.0 1.0 1.0 1.0 1.0 1.0 1.0 1.0 1.0 1.0 1.0 1.0 1.0 1.0 1.0 1.0 1.0 1.0 1.0 1.0 1.0 1.0 1.0 1.0 1.0 1.0 1.0 1.0 1.0 1.0 1.0 1.0 1.0 1.0 1.0 1.0 1.0 1.0 1.0 1.0 1.0 1.0 1.0 1.0 1.0 1.0 1.0 1.0 1.0 1.0 1.0 1.0 1.0 1.0 1.0 1.0 1.0 1.0 1.0 1.0 1.0 1.0 1.0 1.0 1.0 1.0 1.0 1.0 1.0 1.0 1.0 1.0 1.0 1.0 1.0 1.0 1.0 1.0 1.0 1.0 1.0 1.0 1.0 1.0 1.0 1.0 1.0 1.0 1.0 1.0 1.0 1.0 1.0 1.0 1.0 1.0 1.0 1.0 1.0 1.0 0.877 1.001 1.171 1.107 0.846 1.26 0.932 1.161 0.785 1.244 0.987 0.765 0.927 1.226 1.175 0.928 0.755 1.193 0.76 0.93 1.094 1.281 1.193 1.018 0.865 1.089 1.036 0.72 1.093 1.196 1.084 0.803 1.204 1.097 0.943 1.2 0.892 0.711 1.159 1.247 0.813 0.988 0.983 1.331 1.099 0.722 0.816 0.9 1.163 1.149 1.28 1.133 0.929 1.293 1.073 1.116 0.932 0.972 1.117 0.633 0.665 1.196 1.014 1.172 1.184 1.254 0.783 0.829 0.929 1.355 0.745 1.224 0.922 1.011 0.637 1.239 1.256 1.0 1.0 1.25 0.761 1.199 1.188 1.0 1.242 0.784 1.156 0.805 1.0 1.249 1.126 1.114 1.136 1.0 1.419 0.809 0.81 0.952 1.0 0.716 1.076 0.653 1.205 1.0 0.929 1.031 0.663 1.035 1.0 1.03 1.125 0.958 0.713 1.0 1.027 1.295 0.81 1.217 1.0 1.622 0.879 0.822 1.041 1.0 1.116 0.943 1.098 1.265 1.0 0.736 1.307 0.811 0.925 1.0 1.68 0.912 0.873 1.277 1.0 1.044 1.058 1.104 0.823 1.0 0.808 0.831 1.177 0.761 1.0 1.027 1.294 0.895 0.77 1.0 0.764 0.987 1.325 1.017 1.0 0.791 1.0 1.315 1.315 1.0 1.037 1.0 1.38 0.825 1.0 0.818 1.0 0.851 0.821 1.0 0.714 1.0 0.917 0.732 1.0 0.764 1.0 0.829 0.807 1.0 0.841 1.0 0.806 0.699 1.0 0.869 1.0 0.752 1.53 1.0 2.022 1.0 1.0 0.707 1.0 0.68 1.0 1.0 0.718 1.0 0.81 1.0 1.0 1.227 1.0 1.0 1.0 1.0 0.613 1.0 1.0 1.0 1.0 0.931 1.0 1.0 1.0 1.0 1.83 1.0 1.0 1.0 1.0 1.0 1.0 1.0 1.0 1.0 1.0 1.0 1.0 1.0 1.0 1.0 1.0 1.0 1.0 1.0 1.0 1.0 1.0 1.0 1.0 1.0 1.0 1.0 1.0 1.0 1.0 1.0 1.0 1.0 1.0 1.0 1.0 1.0 1.0 1.0 1.0 1.0 1.0 1.0 1.0 1.0 1.0 1.0 1.0 1.0 1.0 1.0 1.0 1.0 1.0 1.0 1.0 1.0 1.0 1.0 1.0 1.0 1.0 1.0 1.0 1.0 1.0 1.0 1.0 1.0 1.0 1.0 1.0 1.0 1.0 1.0 1.0 1.0 1.0 1.0 1.0 1.0 1.0 1.0 1.0 1.0 1.0 1.0 1.0 1.0 1.0 1.0 1.0 1.0 1.0 1.0 1.0 1.0 1.0 1.0 1.0 1.0 1.0 1.0 1.0 1.0 1.0 1.0 1.0 1.0 1.0 1.0 1.0 1.0 1.0 1.0 1.0 1.0 1.0 1.0 1.0 1.0 1.0 1.0 1.0 1.0 1.0 1.0 1.0 1.0 1.0 1.0 1.0 1.0 1.0 1.0 1.0 1.0 1.0 1.0 1.0 1.0 1.0 1.0 1.0 1.0 1.0 1.0 1.0 1.0 1.0 1.0 1.0 1.0 1.0 1.0 1.0 1.0,2.0222204,1.0222204,0.54468304,0.3,0.5942001938819885,0.0003,5,4.212175
49,0.20747876167297363,0.99544406,1.021 1.041 0.943 0.976 0.942 0.942 1.25 1.171 0.783 0.78 1.047 1.279 0.927 1.184 1.009 1.294 0.746 0.711 0.899 0.813 1.029 1.115 0.898 1.287 1.055 1.02 0.742 1.253 1.047 1.091 1.075 0.744 1.09 0.79 1.147 0.909 0.853 1.266 1.171 1.17 1.136 1.117 0.931 0.62 0.683 0.887 0.731 1.145 1.243 0.999 1.239 0.729 1.157 1.252 0.739 0.877 1.038 1.154 1.148 1.057 0.819 0.894 0.733 1.228 1.0 1.178 1.132 0.671 0.694 1.0 1.123 1.135 1.066 1.208 1.0 1.301 1.414 1.111 1.133 1.0 1.328 0.905 1.39 1.053 1.0 1.256 0.884 1.194 0.661 1.0 1.063 0.677 1.049 1.078 1.0 1.01 0.878 0.752 0.738 1.0 1.286 0.672 0.77 1.188 1.0 0.958 1.041 1.0 0.737 1.0 0.702 0.803 1.0 0.781 1.0 0.693 1.091 1.0 0.809 1.0 0.708 0.988 1.0 0.836 1.0 1.005 0.993 1.0 0.714 1.0 0.704 1.173 1.0 0.695 1.0 0.962 0.86 1.0 1.117 1.0 1.18 0.99 1.0 1.117 1.0 0.676 0.695 1.0 0.922 1.0 0.68 1.127 1.0 0.781 1.0 1.081 1.054 1.0 1.037 1.0 1.728 1.026 1.0 0.891 1.0 1.0 0.927 1.0 0.982 1.0 1.0 0.936 1.0 0.806 1.0 1.0 0.928 1.0 1.099 1.0 1.0 0.734 1.0 0.885 1.0 1.0 0.734 1.0 0.778 1.0 1.0 0.988 1.0 1.0 1.0 1.0 1.889 1.0 1.0 1.0 1.0 0.792 1.0 1.0 1.0 1.0 0.736 1.0 1.0 1.0 1.0 0.741 1.0 1.0 1.0 1.0 0.747 1.0 1.0 1.0 1.0 0.704 1.0 1.0 1.0 1.0 0.823 1.0 1.0 1.0 1.0 1.0 1.0 1.0 1.0 1.0 1.0 1.0 1.0 1.0 1.0 1.0 1.0 1.0 1.0 1.0 1.0 1.0 1.0 1.0 1.0 1.0 1.0 1.0 1.0 1.0 1.0 1.0 1.0 1.0 1.0 1.0 1.0 1.0 1.0 1.0 1.0 1.0 1.0 1.0 1.0 1.0 1.0 1.0 1.0 1.0 1.0 1.0 1.0 1.0 1.0 1.0 1.0 1.0 1.0 1.0 1.0 1.0 1.0 1.0 1.0 1.0 1.0 1.0 1.0 1.0 1.0 1.0 1.0 1.0 1.0 1.0 1.0 1.0 1.0 1.0 1.0 1.0 1.0 1.0 1.0 1.0 1.0 1.0 1.0 1.0 1.0 1.0 1.0 1.0 1.0 1.0 1.0 1.0 1.0 1.0 1.0 1.0 1.0 1.0 1.0 1.0 1.0 1.0 1.0 1.0 1.0 1.0 1.0 1.0 1.0 1.0 1.0 1.0 1.0 1.0 1.0 1.0 1.0 1.0 1.0 1.0 1.0 1.0 1.0 1.0 1.0 1.0 1.0 1.0 1.0 1.0 1.0 1.0 1.0 1.0 1.0 1.0 1.0 1.0 1.0 1.0 1.0 1.0 1.0 1.0 1.0 1.0 1.0 1.0 0.977 0.963 1.112 0.976 0.942 1.258 0.934 0.937 0.795 0.935 0.998 1.051 0.965 0.775 1.167 1.082 0.768 0.903 0.764 0.981 0.986 1.054 0.969 0.847 0.75 1.178 0.827 1.203 1.09 0.657 0.741 1.241 0.895 1.136 0.73 1.198 1.137 1.08 1.295 0.718 0.712 0.75 1.222 0.537 1.202 0.753 0.933 1.124 0.673 1.216 0.734 0.754 0.724 0.72 0.647 1.212 0.76 0.761 1.293 0.651 1.049 1.009 1.155 0.566 1.004 1.026 1.131 1.129 0.677 1.145 0.933 1.032 1.061 1.248 0.667 1.053 1.063 1.061 0.577 1.163 0.967 1.032 0.694 0.597 0.686 1.0 1.169 1.144 0.966 0.781 1.0 1.007 0.694 0.655 1.19 1.0 1.014 1.41 0.914 0.937 1.0 0.782 0.616 0.664 0.699 1.0 0.805 0.875 0.853 1.0 1.0 1.134 0.869 0.891 1.0 1.0 0.801 0.785 0.88 1.0 1.0 1.158 0.726 0.846 1.0 1.0 1.061 0.667 0.65 1.0 1.0 1.224 0.65 1.214 1.0 1.0 0.87 0.741 0.766 1.0 1.0 0.81 1.227 0.792 1.0 1.0 0.861 0.86 1.0 1.0 1.0 1.251 0.627 1.0 1.0 1.0 0.752 0.693 1.0 1.0 1.0 0.708 0.608 1.0 1.0 1.0 1.044 1.755 1.0 1.0 1.0 0.674 1.0 1.0 1.0 1.0 0.668 1.0 1.0 1.0 1.0 1.029 1.0 1.0 1.0 1.0 0.906 1.0 1.0 1.0 1.0 0.844 1.0 1.0 1.0 1.0 0.851 1.0 1.0 1.0 1.0 0.958 1.0 1.0 1.0 1.0 0.707 1.0 1.0 1.0 1.0 0.857 1.0 1.0 1.0 1.0 0.805 1.0 1.0 1.0 1.0 1.205 1.0 1.0 1.0 1.0 0.65 1.0 1.0 1.0 1.0 1.864 1.0 1.0 1.0 1.0 1.625 1.0 1.0 1.0 1.0 0.723 1.0 1.0 1.0 1.0 1.0 1.0 1.0 1.0 1.0 1.0 1.0 1.0 1.0 1.0 1.0 1.0 1.0 1.0 1.0 1.0 1.0 1.0 1.0 1.0 1.0 1.0 1.0 1.0 1.0 1.0 1.0 1.0 1.0 1.0 1.0 1.0 1.0 1.0 1.0 1.0 1.0 1.0 1.0 1.0 1.0 1.0 1.0 1.0 1.0 1.0 1.0 1.0 1.0 1.0 1.0 1.0 1.0 1.0 1.0 1.0 1.0 1.0 1.0 1.0 1.0 1.0 1.0 1.0 1.0 1.0 1.0 1.0 1.0 1.0 1.0 1.0 1.0 1.0 1.0 1.0 1.0 1.0 1.0 1.0 1.0 1.0 1.0 1.0 1.0 1.0 1.0 1.0 1.0 1.0 1.0 1.0 1.0 1.0 1.0 1.0 1.0 1.0 1.0 1.0 1.0 1.0 1.0 1.0 1.0 1.0 1.0 1.0 1.0 1.0 1.0 1.0 1.0 1.0 1.0 1.0 1.0 1.0 1.0 1.0 1.0 1.0 1.0 1.0 1.0 1.0 1.0 1.0 1.0 1.0 1.0 1.0 1.0 1.0 1.177 1.041 0.837 1.109 0.847 0.953 0.932 1.167 0.949 0.784 1.29 1.304 0.921 1.182 1.237 0.937 1.036 1.291 1.2 0.864 1.275 1.094 1.289 0.9 0.841 1.007 0.95 0.895 1.22 1.239 1.198 0.883 1.045 0.714 0.696 0.973 0.9 1.035 0.866 1.262 1.039 1.049 1.091 1.253 0.578 1.055 1.135 1.059 0.875 1.127 0.924 1.147 1.212 1.15 1.135 0.797 0.649 1.069 1.058 0.582 0.962 1.227 1.166 0.71 0.674 1.061 1.158 0.662 1.236 0.954 1.213 1.257 0.881 1.276 0.756 0.926 1.075 0.756 1.123 0.769 1.177 1.096 0.908 1.258 1.088 0.648 1.0 0.865 1.283 0.958 0.764 0.598 0.854 0.662 1.081 1.098 0.616 0.757 0.843 1.363 0.737 0.676 1.443 1.207 0.767 1.035 0.946 1.0 0.971 0.917 0.757 0.668 1.0 0.696 0.711 0.953 0.69 1.0 1.212 1.0 0.691 1.35 1.0 1.527 1.0 0.713 0.696 1.0 0.809 1.0 0.679 1.385 1.0 1.043 1.0 0.734 1.024 1.0 0.797 1.0 0.888 0.839 1.0 1.087 1.0 1.102 1.231 1.0 0.819 1.0 0.915 0.839 1.0 0.754 1.0 1.017 0.732 1.0 1.0 1.0 0.791 0.808 1.0 1.0 1.0 0.961 0.739 1.0 1.0 1.0 1.108 0.704 1.0 1.0 1.0 0.945 0.714 1.0 1.0 1.0 0.905 0.737 1.0 1.0 1.0 1.045 0.963 1.0 1.0 1.0 0.99 1.0 1.0 1.0 1.0 0.948 1.0 1.0 1.0 1.0 0.842 1.0 1.0 1.0 1.0 0.808 1.0 1.0 1.0 1.0 0.767 1.0 1.0 1.0 1.0 0.758 1.0 1.0 1.0 1.0 1.337 1.0 1.0 1.0 1.0 1.344 1.0 1.0 1.0 1.0 1.46 1.0 1.0 1.0 1.0 1.054 1.0 1.0 1.0 1.0 0.769 1.0 1.0 1.0 1.0 0.751 1.0 1.0 1.0 1.0 1.666 1.0 1.0 1.0 1.0 0.576 1.0 1.0 1.0 1.0 1.0 1.0 1.0 1.0 1.0 1.0 1.0 1.0 1.0 1.0 1.0 1.0 1.0 1.0 1.0 1.0 1.0 1.0 1.0 1.0 1.0 1.0 1.0 1.0 1.0 1.0 1.0 1.0 1.0 1.0 1.0 1.0 1.0 1.0 1.0 1.0 1.0 1.0 1.0 1.0 1.0 1.0 1.0 1.0 1.0 1.0 1.0 1.0 1.0 1.0 1.0 1.0 1.0 1.0 1.0 1.0 1.0 1.0 1.0 1.0 1.0 1.0 1.0 1.0 1.0 1.0 1.0 1.0 1.0 1.0 1.0 1.0 1.0 1.0 1.0 1.0 1.0 1.0 1.0 1.0 1.0 1.0 1.0 1.0 1.0 1.0 1.0 1.0 1.0 1.0 1.0 1.0 1.0 1.0 1.0 1.0 1.0 1.0 1.0 1.0 1.0 1.0 1.0 1.0 1.0 1.0 1.0 1.0 1.0 1.0 1.0 1.0 1.0 1.0 1.0 1.0 1.0 1.0 1.0 1.0 1.177 0.999 0.837 1.109 1.098 0.837 0.934 1.238 0.95 0.78 0.937 1.02 0.928 0.958 0.947 0.809 1.023 1.214 0.862 1.309 0.898 1.127 0.957 1.168 0.896 1.111 1.134 1.198 0.719 1.215 1.127 1.187 1.188 1.344 0.734 0.627 1.219 1.231 1.345 1.344 1.254 0.826 1.224 1.138 1.318 0.87 0.785 0.73 1.252 1.26 1.33 1.172 0.932 1.194 1.307 1.277 1.269 1.071 1.285 1.361 1.259 1.083 0.863 1.056 1.28 1.348 1.302 1.235 1.296 0.955 1.29 1.327 1.122 1.306 1.303 0.941 1.304 1.207 1.3 0.743 1.373 0.628 1.262 0.885 1.318 1.279 1.305 0.823 1.313 0.771 0.628 1.295 1.19 0.758 1.131 1.044 1.24 1.09 0.71 1.284 1.378 0.708 1.239 1.098 1.291 0.926 1.022 1.143 0.732 0.771 1.337 1.342 1.151 0.79 1.307 1.249 0.828 1.014 1.336 0.836 1.242 0.844 0.976 1.367 0.798 0.97 1.378 0.969 0.808 0.779 1.481 0.81 0.954 1.167 1.389 1.16 0.852 0.984 0.914 1.313 0.851 1.436 0.957 0.679 0.732 0.671 1.0 0.935 0.666 1.0 0.684 1.0 0.877 1.0 1.0 0.721 1.0 0.772 1.0 1.0 0.753 1.0 1.12 1.0 1.0 1.173 1.0 1.146 1.0 1.0 1.908 1.0 1.395 1.0 1.0 0.728 1.0 0.948 1.0 1.0 1.917 1.0 0.752 1.0 1.0 0.788 1.0 0.738 1.0 1.0 0.808 1.0 0.733 1.0 1.0 0.788 1.0 0.729 1.0 1.0 1.0 1.0 0.743 1.0 1.0 1.0 1.0 1.455 1.0 1.0 1.0 1.0 1.323 1.0 1.0 1.0 1.0 1.128 1.0 1.0 1.0 1.0 1.002 1.0 1.0 1.0 1.0 0.996 1.0 1.0 1.0 1.0 0.938 1.0 1.0 1.0 1.0 1.092 1.0 1.0 1.0 1.0 1.211 1.0 1.0 1.0 1.0 1.231 1.0 1.0 1.0 1.0 0.887 1.0 1.0 1.0 1.0 0.786 1.0 1.0 1.0 1.0 0.757 1.0 1.0 1.0 1.0 1.05 1.0 1.0 1.0 1.0 0.917 1.0 1.0 1.0 1.0 0.984 1.0 1.0 1.0 1.0 1.088 1.0 1.0 1.0 1.0 1.105 1.0 1.0 1.0 1.0 0.656 1.0 1.0 1.0 1.0 0.903 1.0 1.0 1.0 1.0 1.106 1.0 1.0 1.0 1.0 1.23 1.0 1.0 1.0 1.0 0.683 1.0 1.0 1.0 1.0 0.714 1.0 1.0 1.0 1.0 0.75 1.0 1.0 1.0 1.0 0.722 1.0 1.0 1.0 1.0 0.998 1.0 1.0 1.0 1.0 0.705 1.0 1.0 1.0 1.0 1.113 1.0 1.0 1.0 1.0 0.768 1.0 1.0 1.0 1.0 1.227 1.0 1.0 1.0 1.0 0.67 1.0 1.0 1.0 1.0 0.821 1.0 1.0 1.0 1.0 0.674 1.0 1.0 1.0 1.0 0.689 1.0 1.0 1.0 1.0 0.666 1.0 1.0 0.972 1.18 0.943 1.146 0.981 1.261 0.932 1.24 0.785 1.138 0.824 1.029 0.938 0.761 1.302 0.927 1.11 1.206 0.816 0.939 0.887 1.1 0.727 0.897 1.006 1.091 1.172 0.837 1.218 0.839 1.039 0.75 0.839 1.305 0.964 0.831 1.155 1.117 1.193 1.277 0.854 1.192 1.259 1.305 0.709 1.303 1.258 1.11 1.188 1.351 1.326 0.741 1.219 0.66 1.172 1.138 1.041 1.22 1.222 1.367 1.265 1.181 0.671 1.444 0.685 0.873 1.211 1.294 1.341 1.063 0.928 1.333 0.894 1.038 1.379 0.925 1.213 0.879 1.491 1.181 1.237 1.309 1.251 0.635 0.986 1.02 1.0 1.389 1.355 1.217 0.85 1.0 0.962 1.23 0.734 0.952 1.0 0.92 0.871 0.741 0.801 1.0 0.765 0.718 1.206 1.108 1.0 0.71 1.019 0.782 1.056 1.0 0.885 1.596 1.059 1.13 1.0 0.985 0.711 1.06 0.947 1.0 0.851 0.739 1.192 0.789 1.0 0.915 0.7 0.724 1.227 1.0 0.891 1.253 0.772 0.953 1.0 1.016 0.979 0.78 0.985 1.0 0.74 0.97 0.983 0.983 1.0 0.899 0.735 0.982 1.174 1.0 0.898 0.943 0.695 0.873 1.0 0.934 0.956 1.0 1.146 1.0 0.715 0.929 1.0 0.96 1.0 0.793 0.902 1.0 0.777 1.0 0.885 0.82 1.0 0.807 1.0 1.0 1.241 1.0 0.794 1.0 1.0 0.837 1.0 0.761 1.0 1.0 0.887 1.0 0.774 1.0 1.0 1.45 1.0 1.073 1.0 1.0 1.439 1.0 0.721 1.0 1.0 0.764 1.0 0.716 1.0 1.0 0.692 1.0 0.67 1.0 1.0 0.68 1.0 0.74 1.0 1.0 1.07 1.0 1.0 1.0 1.0 1.072 1.0 1.0 1.0 1.0 0.965 1.0 1.0 1.0 1.0 0.655 1.0 1.0 1.0 1.0 1.0 1.0 1.0 1.0 1.0 1.0 1.0 1.0 1.0 1.0 1.0 1.0 1.0 1.0 1.0 1.0 1.0 1.0 1.0 1.0 1.0 1.0 1.0 1.0 1.0 1.0 1.0 1.0 1.0 1.0 1.0 1.0 1.0 1.0 1.0 1.0 1.0 1.0 1.0 1.0 1.0 1.0 1.0 1.0 1.0 1.0 1.0 1.0 1.0 1.0 1.0 1.0 1.0 1.0 1.0 1.0 1.0 1.0 1.0 1.0 1.0 1.0 1.0 1.0 1.0 1.0 1.0 1.0 1.0 1.0 1.0 1.0 1.0 1.0 1.0 1.0 1.0 1.0 1.0 1.0 1.0 1.0 1.0 1.0 1.0 1.0 1.0 1.0 1.0 1.0 1.0 1.0 1.0 1.0 1.0 1.0 1.0 1.0 1.0 1.0 1.0 1.0 1.0 1.0 1.0 1.0 1.0 1.0 1.0 1.0 1.0 1.0 1.0 1.0 1.0 1.0 1.0 1.0 1.0 1.0 1.0 1.0 1.0 1.0 1.0 1.0 1.0 1.0 1.0 1.0 1.0 1.0 1.0 1.0 1.0 1.0 1.0 1.0 1.0 1.0 1.0 1.0 0.878 1.041 1.169 0.953 0.981 1.035 1.258 1.159 0.96 1.13 0.923 1.286 0.945 1.072 1.301 0.799 1.025 0.739 0.713 0.958 1.311 1.298 1.225 1.17 1.167 0.793 0.799 0.737 0.572 0.805 0.826 1.065 1.227 1.048 0.798 1.113 0.837 0.855 0.656 1.056 0.736 0.721 1.028 1.198 0.736 1.175 1.093 1.283 0.691 1.121 0.84 1.086 1.045 0.964 1.2 0.679 0.841 0.913 0.695 0.779 1.231 0.72 1.04 1.0 1.254 0.763 1.242 1.022 1.0 1.242 1.008 0.761 1.131 1.0 0.658 0.685 1.122 1.102 1.0 1.141 0.835 0.895 0.947 1.0 1.0 1.157 0.775 0.992 1.0 0.85 0.735 1.115 0.826 1.0 0.698 1.168 1.08 0.911 1.0 0.757 1.164 1.022 1.056 1.0 0.801 1.181 1.082 1.057 1.0 0.788 0.719 0.918 0.881 1.0 0.78 0.824 1.166 0.873 1.0 1.455 0.892 0.711 1.062 1.0 1.039 0.958 1.204 0.872 1.0 0.723 0.741 0.95 1.343 1.0 0.727 0.769 0.706 0.87 1.0 1.0 0.748 0.911 1.057 1.0 1.0 0.857 1.086 1.077 1.0 1.0 1.181 1.08 1.079 1.0 1.0 1.012 0.814 0.723 1.0 1.0 0.773 0.98 0.862 1.0 1.0 0.703 0.972 1.375 1.0 1.0 1.0 0.727 1.384 1.0 1.0 1.0 1.308 1.304 1.0 1.0 1.0 0.715 0.786 1.0 1.0 1.0 0.815 1.096 1.0 1.0 1.0 0.806 0.902 1.0 1.0 1.0 0.796 0.953 1.0 1.0 1.0 0.84 1.004 1.0 1.0 1.0 0.83 0.772 1.0 1.0 1.0 0.826 0.681 1.0 1.0 1.0 1.042 0.782 1.0 1.0 1.0 0.945 0.677 1.0 1.0 1.0 0.757 0.668 1.0 1.0 1.0 0.969 0.678 1.0 1.0 1.0 0.952 0.668 1.0 1.0 1.0 0.979 0.684 1.0 1.0 1.0 0.962 1.0 1.0 1.0 1.0 0.704 1.0 1.0 1.0 1.0 0.727 1.0 1.0 1.0 1.0 1.037 1.0 1.0 1.0 1.0 0.7 1.0 1.0 1.0 1.0 0.717 1.0 1.0 1.0 1.0 0.745 1.0 1.0 1.0 1.0 0.724 1.0 1.0 1.0 1.0 0.671 1.0 1.0 1.0 1.0 0.69 1.0 1.0 1.0 1.0 0.633 1.0 1.0 1.0 1.0 1.0 1.0 1.0 1.0 1.0 1.0 1.0 1.0 1.0 1.0 1.0 1.0 1.0 1.0 1.0 1.0 1.0 1.0 1.0 1.0 1.0 1.0 1.0 1.0 1.0 1.0 1.0 1.0 1.0 1.0 1.0 1.0 1.0 1.0 1.0 1.0 1.0 1.0 1.0 1.0 1.0 1.0 1.0 1.0 1.0 1.0 1.0 1.0 1.0 1.0 1.0 1.0 1.0 1.0 1.0 1.0 1.0 1.0 1.0 1.0 1.0 1.0 1.0 1.0 1.0 1.0 1.0 1.0 1.0 1.0 1.0 1.0 1.0 1.0 1.0 1.0 1.0 1.0 1.0 1.177 1.18 0.975 1.109 0.847 0.953 1.263 1.259 1.163 1.231 1.288 1.033 0.936 1.2 1.242 0.818 0.879 0.933 0.736 0.826 1.047 1.124 1.143 0.875 1.03 0.837 1.22 0.885 1.267 0.783 1.158 0.539 1.064 0.735 1.165 0.869 1.184 0.738 1.058 1.071 1.103 1.267 1.267 1.04 1.154 1.091 1.231 1.275 1.306 0.678 0.742 1.176 1.141 1.187 1.231 1.168 0.635 1.121 1.045 1.258 1.155 1.253 1.278 1.356 1.066 1.152 0.575 1.323 1.092 1.207 1.169 1.49 0.682 0.768 0.716 1.268 1.195 0.691 1.369 0.706 1.11 1.027 1.265 1.271 1.0 1.339 0.624 1.291 1.397 1.0 1.337 1.254 1.144 0.659 1.0 1.088 0.948 1.298 1.311 1.0 1.028 0.733 1.337 0.672 1.0 0.93 1.242 0.981 1.124 1.0 0.925 0.951 0.902 1.053 1.0 1.009 1.434 1.455 0.771 1.0 1.01 1.422 0.832 1.193 1.0 1.278 0.995 0.748 1.06 1.0 1.233 1.432 1.334 0.956 1.0 1.191 0.744 0.765 0.695 1.0 0.971 1.454 1.286 0.828 1.0 1.305 0.583 1.241 0.705 1.0 1.278 0.725 1.228 0.811 1.0 0.668 1.06 0.958 0.99 1.0 0.68 1.289 1.266 0.753 1.0 0.695 1.31 0.757 1.0 1.0 0.715 0.63 0.808 1.0 1.0 0.746 0.69 1.0 1.0 1.0 0.734 0.76 1.0 1.0 1.0 0.722 0.778 1.0 1.0 1.0 1.052 0.732 1.0 1.0 1.0 0.815 0.747 1.0 1.0 1.0 1.116 0.746 1.0 1.0 1.0 1.136 1.0 1.0 1.0 1.0 0.918 1.0 1.0 1.0 1.0 1.587 1.0 1.0 1.0 1.0 0.781 1.0 1.0 1.0 1.0 0.862 1.0 1.0 1.0 1.0 1.24 1.0 1.0 1.0 1.0 0.785 1.0 1.0 1.0 1.0 0.774 1.0 1.0 1.0 1.0 1.0 1.0 1.0 1.0 1.0 1.0 1.0 1.0 1.0 1.0 1.0 1.0 1.0 1.0 1.0 1.0 1.0 1.0 1.0 1.0 1.0 1.0 1.0 1.0 1.0 1.0 1.0 1.0 1.0 1.0 1.0 1.0 1.0 1.0 1.0 1.0 1.0 1.0 1.0 1.0 1.0 1.0 1.0 1.0 1.0 1.0 1.0 1.0 1.0 1.0 1.0 1.0 1.0 1.0 1.0 1.0 1.0 1.0 1.0 1.0 1.0 1.0 1.0 1.0 1.0 1.0 1.0 1.0 1.0 1.0 1.0 1.0 1.0 1.0 1.0 1.0 1.0 1.0 1.0 1.0 1.0 1.0 1.0 1.0 1.0 1.0 1.0 1.0 1.0 1.0 1.0 1.0 1.0 1.0 1.0 1.0 1.0 1.0 1.0 1.0 1.0 1.0 1.0 1.0 1.0 1.0 1.0 1.0 1.0 1.0 1.0 1.0 1.0 1.0 1.0 1.0 1.0 1.0 1.0 1.0 1.0 1.0 1.0 1.0 1.0 1.0 1.0 1.0 1.0 1.0 1.0 1.0 1.0 1.0 1.0 0.878 0.999 1.169 1.109 0.847 1.256 0.935 1.165 0.787 1.239 0.984 0.768 0.929 1.219 1.179 0.934 0.758 1.197 0.763 0.932 1.088 1.276 1.197 1.015 0.87 1.083 1.033 0.722 1.091 1.194 1.079 0.805 1.208 1.099 0.948 1.2 0.898 0.713 1.161 1.244 0.806 0.997 0.981 1.339 1.098 0.714 0.808 0.903 1.168 1.16 1.294 1.126 0.932 1.303 1.071 1.11 0.925 0.97 1.124 0.626 0.656 1.197 1.011 1.179 1.193 1.267 0.783 0.828 0.927 1.354 0.744 1.237 0.93 1.01 0.635 1.252 1.269 0.997 1.0 1.249 0.762 1.211 1.2 1.0 1.244 0.785 1.156 0.805 1.0 1.248 1.126 1.115 1.134 1.0 1.418 0.81 0.811 0.949 1.0 0.714 1.081 0.648 1.215 1.0 0.927 1.033 0.658 1.036 1.0 1.032 1.126 0.956 0.712 1.0 1.027 1.302 0.812 1.213 1.0 1.628 0.882 0.823 1.043 1.0 1.114 0.942 1.099 1.264 1.0 0.737 1.314 0.814 0.928 1.0 1.688 0.911 0.875 1.276 1.0 1.04 1.057 1.102 0.824 1.0 0.801 0.833 1.17 0.763 1.0 1.027 1.287 0.892 0.77 1.0 0.766 0.985 1.332 1.017 1.0 0.783 1.0 1.309 1.313 1.0 1.035 1.0 1.376 0.827 1.0 0.81 1.0 0.846 0.818 1.0 0.715 1.0 0.914 0.733 1.0 0.757 1.0 0.831 0.809 1.0 0.833 1.0 0.808 0.702 1.0 0.859 1.0 0.751 1.534 1.0 2.042 1.0 1.0 0.71 1.0 0.672 1.0 1.0 0.719 1.0 0.799 1.0 1.0 1.218 1.0 1.0 1.0 1.0 0.61 1.0 1.0 1.0 1.0 0.928 1.0 1.0 1.0 1.0 1.844 1.0 1.0 1.0 1.0 1.0 1.0 1.0 1.0 1.0 1.0 1.0 1.0 1.0 1.0 1.0 1.0 1.0 1.0 1.0 1.0 1.0 1.0 1.0 1.0 1.0 1.0 1.0 1.0 1.0 1.0 1.0 1.0 1.0 1.0 1.0 1.0 1.0 1.0 1.0 1.0 1.0 1.0 1.0 1.0 1.0 1.0 1.0 1.0 1.0 1.0 1.0 1.0 1.0 1.0 1.0 1.0 1.0 1.0 1.0 1.0 1.0 1.0 1.0 1.0 1.0 1.0 1.0 1.0 1.0 1.0 1.0 1.0 1.0 1.0 1.0 1.0 1.0 1.0 1.0 1.0 1.0 1.0 1.0 1.0 1.0 1.0 1.0 1.0 1.0 1.0 1.0 1.0 1.0 1.0 1.0 1.0 1.0 1.0 1.0 1.0 1.0 1.0 1.0 1.0 1.0 1.0 1.0 1.0 1.0 1.0 1.0 1.0 1.0 1.0 1.0 1.0 1.0 1.0 1.0 1.0 1.0 1.0 1.0 1.0 1.0 1.0 1.0 1.0 1.0 1.0 1.0 1.0 1.0 1.0 1.0 1.0 1.0 1.0 1.0 1.0 1.0 1.0 1.0 1.0 1.0 1.0 1.0 1.0 1.0 1.0 1.0 1.0 1.0 1.0 1.0 1.0 1.0,2.0419843,1.0419843,0.53744984,0.3,0.5975320935249329,0.0003,5,4.287857
50,0.20916928350925446,0.99535525,1.021 1.041 0.941 0.977 0.939 0.946 1.247 1.174 0.785 0.781 1.046 1.276 0.928 1.187 1.007 1.29 0.748 0.713 0.902 0.806 1.025 1.115 0.9 1.28 1.055 1.016 0.744 1.249 1.045 1.09 1.073 0.746 1.088 0.789 1.146 0.916 0.856 1.266 1.184 1.173 1.133 1.117 0.923 0.613 0.682 0.88 0.733 1.143 1.237 1.001 1.237 0.731 1.154 1.248 0.744 0.879 1.033 1.151 1.16 1.058 0.82 0.898 0.734 1.227 1.0 1.179 1.132 0.671 0.688 1.0 1.132 1.134 1.064 1.208 1.0 1.303 1.413 1.113 1.13 1.0 1.324 0.908 1.393 1.056 1.0 1.251 0.886 1.188 0.661 1.0 1.059 0.679 1.051 1.076 1.0 1.013 0.879 0.753 0.734 1.0 1.292 0.673 0.767 1.186 1.0 0.959 1.035 1.0 0.733 1.0 0.702 0.803 1.0 0.781 1.0 0.693 1.09 1.0 0.81 1.0 0.708 0.991 1.0 0.838 1.0 1.002 0.997 1.0 0.71 1.0 0.704 1.173 1.0 0.694 1.0 0.959 0.853 1.0 1.119 1.0 1.178 0.994 1.0 1.116 1.0 0.677 0.694 1.0 0.922 1.0 0.681 1.123 1.0 0.778 1.0 1.078 1.047 1.0 1.038 1.0 1.731 1.021 1.0 0.889 1.0 1.0 0.928 1.0 0.982 1.0 1.0 0.934 1.0 0.806 1.0 1.0 0.929 1.0 1.097 1.0 1.0 0.727 1.0 0.884 1.0 1.0 0.733 1.0 0.778 1.0 1.0 0.981 1.0 1.0 1.0 1.0 1.909 1.0 1.0 1.0 1.0 0.785 1.0 1.0 1.0 1.0 0.734 1.0 1.0 1.0 1.0 0.738 1.0 1.0 1.0 1.0 0.745 1.0 1.0 1.0 1.0 0.698 1.0 1.0 1.0 1.0 0.823 1.0 1.0 1.0 1.0 1.0 1.0 1.0 1.0 1.0 1.0 1.0 1.0 1.0 1.0 1.0 1.0 1.0 1.0 1.0 1.0 1.0 1.0 1.0 1.0 1.0 1.0 1.0 1.0 1.0 1.0 1.0 1.0 1.0 1.0 1.0 1.0 1.0 1.0 1.0 1.0 1.0 1.0 1.0 1.0 1.0 1.0 1.0 1.0 1.0 1.0 1.0 1.0 1.0 1.0 1.0 1.0 1.0 1.0 1.0 1.0 1.0 1.0 1.0 1.0 1.0 1.0 1.0 1.0 1.0 1.0 1.0 1.0 1.0 1.0 1.0 1.0 1.0 1.0 1.0 1.0 1.0 1.0 1.0 1.0 1.0 1.0 1.0 1.0 1.0 1.0 1.0 1.0 1.0 1.0 1.0 1.0 1.0 1.0 1.0 1.0 1.0 1.0 1.0 1.0 1.0 1.0 1.0 1.0 1.0 1.0 1.0 1.0 1.0 1.0 1.0 1.0 1.0 1.0 1.0 1.0 1.0 1.0 1.0 1.0 1.0 1.0 1.0 1.0 1.0 1.0 1.0 1.0 1.0 1.0 1.0 1.0 1.0 1.0 1.0 1.0 1.0 1.0 1.0 1.0 1.0 1.0 1.0 1.0 1.0 1.0 1.0 1.0 1.0 0.974 0.965 1.114 0.977 0.939 1.255 0.937 0.938 0.797 0.932 0.994 1.05 0.962 0.777 1.166 1.079 0.771 0.905 0.767 0.978 0.981 1.051 0.966 0.848 0.744 1.179 0.829 1.202 1.086 0.65 0.742 1.24 0.9 1.146 0.728 1.199 1.134 1.077 1.294 0.719 0.714 0.75 1.22 0.531 1.202 0.754 0.925 1.135 0.672 1.216 0.736 0.753 0.722 0.72 0.648 1.214 0.758 0.752 1.292 0.652 1.04 1.018 1.152 0.561 1.006 1.029 1.129 1.127 0.678 1.139 0.934 1.029 1.061 1.245 0.665 1.053 1.072 1.065 0.574 1.158 0.969 1.04 0.693 0.595 0.685 1.0 1.167 1.144 0.965 0.781 1.0 1.003 0.695 0.655 1.183 1.0 1.01 1.416 0.912 0.935 1.0 0.775 0.616 0.664 0.702 1.0 0.797 0.871 0.851 1.0 1.0 1.143 0.865 0.887 1.0 1.0 0.795 0.781 0.875 1.0 1.0 1.158 0.727 0.842 1.0 1.0 1.067 0.667 0.652 1.0 1.0 1.226 0.652 1.203 1.0 1.0 0.865 0.737 0.763 1.0 1.0 0.803 1.214 0.791 1.0 1.0 0.855 0.855 1.0 1.0 1.0 1.25 0.624 1.0 1.0 1.0 0.753 0.691 1.0 1.0 1.0 0.708 0.604 1.0 1.0 1.0 1.048 1.766 1.0 1.0 1.0 0.674 1.0 1.0 1.0 1.0 0.669 1.0 1.0 1.0 1.0 1.032 1.0 1.0 1.0 1.0 0.898 1.0 1.0 1.0 1.0 0.837 1.0 1.0 1.0 1.0 0.844 1.0 1.0 1.0 1.0 0.957 1.0 1.0 1.0 1.0 0.706 1.0 1.0 1.0 1.0 0.851 1.0 1.0 1.0 1.0 0.8 1.0 1.0 1.0 1.0 1.195 1.0 1.0 1.0 1.0 0.646 1.0 1.0 1.0 1.0 1.88 1.0 1.0 1.0 1.0 1.634 1.0 1.0 1.0 1.0 0.726 1.0 1.0 1.0 1.0 1.0 1.0 1.0 1.0 1.0 1.0 1.0 1.0 1.0 1.0 1.0 1.0 1.0 1.0 1.0 1.0 1.0 1.0 1.0 1.0 1.0 1.0 1.0 1.0 1.0 1.0 1.0 1.0 1.0 1.0 1.0 1.0 1.0 1.0 1.0 1.0 1.0 1.0 1.0 1.0 1.0 1.0 1.0 1.0 1.0 1.0 1.0 1.0 1.0 1.0 1.0 1.0 1.0 1.0 1.0 1.0 1.0 1.0 1.0 1.0 1.0 1.0 1.0 1.0 1.0 1.0 1.0 1.0 1.0 1.0 1.0 1.0 1.0 1.0 1.0 1.0 1.0 1.0 1.0 1.0 1.0 1.0 1.0 1.0 1.0 1.0 1.0 1.0 1.0 1.0 1.0 1.0 1.0 1.0 1.0 1.0 1.0 1.0 1.0 1.0 1.0 1.0 1.0 1.0 1.0 1.0 1.0 1.0 1.0 1.0 1.0 1.0 1.0 1.0 1.0 1.0 1.0 1.0 1.0 1.0 1.0 1.0 1.0 1.0 1.0 1.0 1.0 1.0 1.0 1.0 1.0 1.0 1.0 1.0 1.176 1.041 0.838 1.111 0.848 0.957 0.935 1.171 0.951 0.786 1.286 1.301 0.923 1.185 1.232 0.941 1.033 1.285 1.203 0.865 1.271 1.093 1.283 0.903 0.842 1.013 0.955 0.897 1.223 1.235 1.195 0.886 1.043 0.716 0.689 0.978 0.905 1.031 0.868 1.258 1.033 1.044 1.091 1.249 0.572 1.051 1.129 1.06 0.881 1.127 0.918 1.147 1.213 1.147 1.137 0.797 0.643 1.07 1.068 0.577 0.956 1.24 1.165 0.708 0.675 1.056 1.167 0.663 1.235 0.954 1.213 1.262 0.88 1.276 0.757 0.917 1.066 0.756 1.124 0.77 1.177 1.087 0.907 1.259 1.087 0.65 1.004 0.863 1.283 0.954 0.763 0.594 0.854 0.66 1.084 1.096 0.613 0.758 0.844 1.366 0.74 0.677 1.446 1.207 0.763 1.029 0.947 1.0 0.974 0.919 0.755 0.668 1.0 0.692 0.707 0.946 0.69 1.0 1.215 1.0 0.693 1.358 1.0 1.529 1.0 0.711 0.696 1.0 0.805 1.0 0.681 1.381 1.0 1.042 1.0 0.737 1.021 1.0 0.79 1.0 0.894 0.839 1.0 1.085 1.0 1.098 1.232 1.0 0.819 1.0 0.909 0.839 1.0 0.746 1.0 1.026 0.732 1.0 1.0 1.0 0.789 0.806 1.0 1.0 1.0 0.954 0.739 1.0 1.0 1.0 1.101 0.701 1.0 1.0 1.0 0.951 0.712 1.0 1.0 1.0 0.905 0.734 1.0 1.0 1.0 1.043 0.962 1.0 1.0 1.0 0.992 1.0 1.0 1.0 1.0 0.94 1.0 1.0 1.0 1.0 0.836 1.0 1.0 1.0 1.0 0.801 1.0 1.0 1.0 1.0 0.763 1.0 1.0 1.0 1.0 0.756 1.0 1.0 1.0 1.0 1.33 1.0 1.0 1.0 1.0 1.34 1.0 1.0 1.0 1.0 1.459 1.0 1.0 1.0 1.0 1.052 1.0 1.0 1.0 1.0 0.767 1.0 1.0 1.0 1.0 0.748 1.0 1.0 1.0 1.0 1.673 1.0 1.0 1.0 1.0 0.572 1.0 1.0 1.0 1.0 1.0 1.0 1.0 1.0 1.0 1.0 1.0 1.0 1.0 1.0 1.0 1.0 1.0 1.0 1.0 1.0 1.0 1.0 1.0 1.0 1.0 1.0 1.0 1.0 1.0 1.0 1.0 1.0 1.0 1.0 1.0 1.0 1.0 1.0 1.0 1.0 1.0 1.0 1.0 1.0 1.0 1.0 1.0 1.0 1.0 1.0 1.0 1.0 1.0 1.0 1.0 1.0 1.0 1.0 1.0 1.0 1.0 1.0 1.0 1.0 1.0 1.0 1.0 1.0 1.0 1.0 1.0 1.0 1.0 1.0 1.0 1.0 1.0 1.0 1.0 1.0 1.0 1.0 1.0 1.0 1.0 1.0 1.0 1.0 1.0 1.0 1.0 1.0 1.0 1.0 1.0 1.0 1.0 1.0 1.0 1.0 1.0 1.0 1.0 1.0 1.0 1.0 1.0 1.0 1.0 1.0 1.0 1.0 1.0 1.0 1.0 1.0 1.0 1.0 1.0 1.0 1.0 1.0 1.0 1.0 1.176 0.997 0.838 1.111 1.1 0.839 0.937 1.235 0.948 0.782 0.941 1.017 0.93 0.955 0.949 0.813 1.019 1.218 0.862 1.303 0.904 1.124 0.954 1.18 0.889 1.107 1.128 1.2 0.717 1.229 1.14 1.2 1.191 1.338 0.731 0.621 1.231 1.228 1.339 1.36 1.267 0.83 1.222 1.136 1.314 0.874 0.79 0.728 1.265 1.274 1.327 1.171 0.925 1.195 1.304 1.281 1.271 1.082 1.283 1.359 1.253 1.084 0.855 1.058 1.28 1.347 1.303 1.237 1.3 0.958 1.285 1.335 1.132 1.302 1.306 0.943 1.298 1.205 1.302 0.743 1.369 0.628 1.266 0.886 1.316 1.284 1.313 0.817 1.31 0.771 0.629 1.292 1.192 0.759 1.134 1.046 1.234 1.098 0.712 1.281 1.375 0.71 1.242 1.101 1.288 0.924 1.025 1.143 0.735 0.772 1.342 1.352 1.15 0.793 1.303 1.246 0.832 1.021 1.333 0.837 1.239 0.848 0.969 1.366 0.798 0.971 1.375 0.971 0.811 0.781 1.48 0.813 0.956 1.174 1.39 1.157 0.856 0.99 0.917 1.315 0.847 1.434 0.954 0.675 0.733 0.669 1.0 0.933 0.666 1.0 0.684 1.0 0.872 1.0 1.0 0.721 1.0 0.773 1.0 1.0 0.754 1.0 1.125 1.0 1.0 1.171 1.0 1.152 1.0 1.0 1.923 1.0 1.397 1.0 1.0 0.723 1.0 0.946 1.0 1.0 1.932 1.0 0.752 1.0 1.0 0.783 1.0 0.738 1.0 1.0 0.802 1.0 0.732 1.0 1.0 0.787 1.0 0.727 1.0 1.0 1.0 1.0 0.736 1.0 1.0 1.0 1.0 1.459 1.0 1.0 1.0 1.0 1.325 1.0 1.0 1.0 1.0 1.131 1.0 1.0 1.0 1.0 1.003 1.0 1.0 1.0 1.0 0.996 1.0 1.0 1.0 1.0 0.935 1.0 1.0 1.0 1.0 1.091 1.0 1.0 1.0 1.0 1.218 1.0 1.0 1.0 1.0 1.239 1.0 1.0 1.0 1.0 0.886 1.0 1.0 1.0 1.0 0.781 1.0 1.0 1.0 1.0 0.748 1.0 1.0 1.0 1.0 1.055 1.0 1.0 1.0 1.0 0.913 1.0 1.0 1.0 1.0 0.982 1.0 1.0 1.0 1.0 1.089 1.0 1.0 1.0 1.0 1.105 1.0 1.0 1.0 1.0 0.648 1.0 1.0 1.0 1.0 0.898 1.0 1.0 1.0 1.0 1.106 1.0 1.0 1.0 1.0 1.238 1.0 1.0 1.0 1.0 0.675 1.0 1.0 1.0 1.0 0.706 1.0 1.0 1.0 1.0 0.741 1.0 1.0 1.0 1.0 0.714 1.0 1.0 1.0 1.0 0.996 1.0 1.0 1.0 1.0 0.697 1.0 1.0 1.0 1.0 1.116 1.0 1.0 1.0 1.0 0.76 1.0 1.0 1.0 1.0 1.236 1.0 1.0 1.0 1.0 0.661 1.0 1.0 1.0 1.0 0.823 1.0 1.0 1.0 1.0 0.668 1.0 1.0 1.0 1.0 0.691 1.0 1.0 1.0 1.0 0.661 1.0 1.0 0.975 1.179 0.941 1.144 0.983 1.259 0.935 1.236 0.786 1.14 0.827 1.026 0.94 0.763 1.297 0.931 1.108 1.21 0.82 0.936 0.891 1.097 0.729 0.901 1.004 1.089 1.173 0.84 1.216 0.833 1.034 0.749 0.843 1.304 0.96 0.832 1.165 1.115 1.203 1.274 0.856 1.194 1.26 1.303 0.71 1.301 1.261 1.12 1.187 1.35 1.325 0.741 1.216 0.658 1.168 1.131 1.041 1.221 1.221 1.367 1.267 1.179 0.67 1.446 0.685 0.876 1.214 1.298 1.344 1.066 0.925 1.336 0.897 1.04 1.381 0.927 1.217 0.881 1.494 1.177 1.236 1.311 1.251 0.634 0.986 1.025 1.0 1.394 1.358 1.218 0.844 1.0 0.963 1.232 0.732 0.947 1.0 0.918 0.869 0.739 0.796 1.0 0.765 0.717 1.212 1.115 1.0 0.71 1.02 0.781 1.064 1.0 0.882 1.603 1.059 1.13 1.0 0.984 0.711 1.058 0.952 1.0 0.852 0.74 1.196 0.785 1.0 0.915 0.699 0.722 1.225 1.0 0.891 1.251 0.769 0.958 1.0 1.01 0.979 0.776 0.99 1.0 0.738 0.97 0.979 0.987 1.0 0.891 0.735 0.978 1.171 1.0 0.895 0.943 0.692 0.87 1.0 0.931 0.959 1.0 1.142 1.0 0.713 0.932 1.0 0.963 1.0 0.792 0.903 1.0 0.778 1.0 0.878 0.821 1.0 0.808 1.0 1.0 1.236 1.0 0.792 1.0 1.0 0.839 1.0 0.759 1.0 1.0 0.888 1.0 0.77 1.0 1.0 1.45 1.0 1.063 1.0 1.0 1.441 1.0 0.716 1.0 1.0 0.764 1.0 0.715 1.0 1.0 0.688 1.0 0.666 1.0 1.0 0.676 1.0 0.739 1.0 1.0 1.058 1.0 1.0 1.0 1.0 1.058 1.0 1.0 1.0 1.0 0.963 1.0 1.0 1.0 1.0 0.649 1.0 1.0 1.0 1.0 1.0 1.0 1.0 1.0 1.0 1.0 1.0 1.0 1.0 1.0 1.0 1.0 1.0 1.0 1.0 1.0 1.0 1.0 1.0 1.0 1.0 1.0 1.0 1.0 1.0 1.0 1.0 1.0 1.0 1.0 1.0 1.0 1.0 1.0 1.0 1.0 1.0 1.0 1.0 1.0 1.0 1.0 1.0 1.0 1.0 1.0 1.0 1.0 1.0 1.0 1.0 1.0 1.0 1.0 1.0 1.0 1.0 1.0 1.0 1.0 1.0 1.0 1.0 1.0 1.0 1.0 1.0 1.0 1.0 1.0 1.0 1.0 1.0 1.0 1.0 1.0 1.0 1.0 1.0 1.0 1.0 1.0 1.0 1.0 1.0 1.0 1.0 1.0 1.0 1.0 1.0 1.0 1.0 1.0 1.0 1.0 1.0 1.0 1.0 1.0 1.0 1.0 1.0 1.0 1.0 1.0 1.0 1.0 1.0 1.0 1.0 1.0 1.0 1.0 1.0 1.0 1.0 1.0 1.0 1.0 1.0 1.0 1.0 1.0 1.0 1.0 1.0 1.0 1.0 1.0 1.0 1.0 1.0 1.0 1.0 1.0 1.0 1.0 1.0 1.0 1.0 1.0 0.879 1.041 1.166 0.952 0.983 1.035 1.256 1.162 0.957 1.132 0.927 1.283 0.942 1.07 1.297 0.802 1.022 0.741 0.707 0.955 1.307 1.293 1.229 1.181 1.168 0.797 0.803 0.739 0.566 0.809 0.828 1.063 1.231 1.04 0.797 1.108 0.842 0.856 0.658 1.053 0.736 0.721 1.025 1.2 0.734 1.17 1.092 1.277 0.693 1.134 0.83 1.086 1.043 0.964 1.215 0.678 0.844 0.92 0.697 0.772 1.227 0.722 1.05 1.0 1.248 0.761 1.235 1.029 1.0 1.254 1.003 0.763 1.132 1.0 0.658 0.677 1.118 1.103 1.0 1.141 0.832 0.898 0.949 1.0 1.001 1.154 0.767 0.991 1.0 0.849 0.735 1.111 0.828 1.0 0.697 1.165 1.076 0.907 1.0 0.757 1.164 1.026 1.061 1.0 0.798 1.178 1.087 1.057 1.0 0.785 0.716 0.923 0.876 1.0 0.781 0.822 1.172 0.868 1.0 1.457 0.894 0.705 1.063 1.0 1.04 0.96 1.2 0.867 1.0 0.724 0.737 0.947 1.34 1.0 0.723 0.768 0.701 0.865 1.0 1.0 0.743 0.907 1.058 1.0 1.0 0.853 1.095 1.083 1.0 1.0 1.179 1.078 1.084 1.0 1.0 1.016 0.813 0.723 1.0 1.0 0.767 0.979 0.858 1.0 1.0 0.701 0.97 1.373 1.0 1.0 1.0 0.726 1.383 1.0 1.0 1.0 1.305 1.303 1.0 1.0 1.0 0.715 0.785 1.0 1.0 1.0 0.811 1.1 1.0 1.0 1.0 0.802 0.901 1.0 1.0 1.0 0.792 0.948 1.0 1.0 1.0 0.836 1.009 1.0 1.0 1.0 0.826 0.766 1.0 1.0 1.0 0.822 0.682 1.0 1.0 1.0 1.041 0.775 1.0 1.0 1.0 0.944 0.68 1.0 1.0 1.0 0.751 0.671 1.0 1.0 1.0 0.975 0.674 1.0 1.0 1.0 0.951 0.667 1.0 1.0 1.0 0.983 0.676 1.0 1.0 1.0 0.956 1.0 1.0 1.0 1.0 0.7 1.0 1.0 1.0 1.0 0.725 1.0 1.0 1.0 1.0 1.032 1.0 1.0 1.0 1.0 0.699 1.0 1.0 1.0 1.0 0.717 1.0 1.0 1.0 1.0 0.745 1.0 1.0 1.0 1.0 0.72 1.0 1.0 1.0 1.0 0.668 1.0 1.0 1.0 1.0 0.685 1.0 1.0 1.0 1.0 0.63 1.0 1.0 1.0 1.0 1.0 1.0 1.0 1.0 1.0 1.0 1.0 1.0 1.0 1.0 1.0 1.0 1.0 1.0 1.0 1.0 1.0 1.0 1.0 1.0 1.0 1.0 1.0 1.0 1.0 1.0 1.0 1.0 1.0 1.0 1.0 1.0 1.0 1.0 1.0 1.0 1.0 1.0 1.0 1.0 1.0 1.0 1.0 1.0 1.0 1.0 1.0 1.0 1.0 1.0 1.0 1.0 1.0 1.0 1.0 1.0 1.0 1.0 1.0 1.0 1.0 1.0 1.0 1.0 1.0 1.0 1.0 1.0 1.0 1.0 1.0 1.0 1.0 1.0 1.0 1.0 1.0 1.0 1.0 1.176 1.179 0.977 1.111 0.848 0.956 1.26 1.255 1.166 1.227 1.285 1.031 0.933 1.204 1.237 0.821 0.883 0.935 0.738 0.83 1.044 1.135 1.139 0.876 1.027 0.841 1.214 0.886 1.26 0.783 1.155 0.532 1.073 0.738 1.177 0.87 1.179 0.732 1.056 1.068 1.113 1.264 1.282 1.05 1.155 1.085 1.235 1.289 1.304 0.68 0.741 1.184 1.141 1.184 1.231 1.165 0.634 1.129 1.044 1.259 1.168 1.253 1.281 1.355 1.068 1.166 0.567 1.327 1.099 1.209 1.167 1.491 0.681 0.77 0.719 1.266 1.195 0.69 1.371 0.709 1.107 1.032 1.266 1.269 1.0 1.338 0.623 1.293 1.402 1.0 1.337 1.257 1.15 0.658 1.0 1.085 0.952 1.295 1.315 1.0 1.036 0.727 1.334 0.671 1.0 0.932 1.245 0.984 1.128 1.0 0.922 0.954 0.9 1.056 1.0 1.016 1.434 1.459 0.767 1.0 1.013 1.423 0.83 1.187 1.0 1.278 0.998 0.749 1.063 1.0 1.232 1.433 1.326 0.958 1.0 1.189 0.745 0.766 0.697 1.0 0.974 1.456 1.287 0.83 1.0 1.306 0.58 1.241 0.704 1.0 1.278 0.727 1.226 0.812 1.0 0.669 1.062 0.957 0.987 1.0 0.681 1.295 1.264 0.754 1.0 0.697 1.302 0.758 1.0 1.0 0.716 0.628 0.808 1.0 1.0 0.74 0.689 1.0 1.0 1.0 0.727 0.754 1.0 1.0 1.0 0.714 0.773 1.0 1.0 1.0 1.056 0.732 1.0 1.0 1.0 0.808 0.744 1.0 1.0 1.0 1.124 0.743 1.0 1.0 1.0 1.143 1.0 1.0 1.0 1.0 0.921 1.0 1.0 1.0 1.0 1.589 1.0 1.0 1.0 1.0 0.779 1.0 1.0 1.0 1.0 0.86 1.0 1.0 1.0 1.0 1.24 1.0 1.0 1.0 1.0 0.78 1.0 1.0 1.0 1.0 0.77 1.0 1.0 1.0 1.0 1.0 1.0 1.0 1.0 1.0 1.0 1.0 1.0 1.0 1.0 1.0 1.0 1.0 1.0 1.0 1.0 1.0 1.0 1.0 1.0 1.0 1.0 1.0 1.0 1.0 1.0 1.0 1.0 1.0 1.0 1.0 1.0 1.0 1.0 1.0 1.0 1.0 1.0 1.0 1.0 1.0 1.0 1.0 1.0 1.0 1.0 1.0 1.0 1.0 1.0 1.0 1.0 1.0 1.0 1.0 1.0 1.0 1.0 1.0 1.0 1.0 1.0 1.0 1.0 1.0 1.0 1.0 1.0 1.0 1.0 1.0 1.0 1.0 1.0 1.0 1.0 1.0 1.0 1.0 1.0 1.0 1.0 1.0 1.0 1.0 1.0 1.0 1.0 1.0 1.0 1.0 1.0 1.0 1.0 1.0 1.0 1.0 1.0 1.0 1.0 1.0 1.0 1.0 1.0 1.0 1.0 1.0 1.0 1.0 1.0 1.0 1.0 1.0 1.0 1.0 1.0 1.0 1.0 1.0 1.0 1.0 1.0 1.0 1.0 1.0 1.0 1.0 1.0 1.0 1.0 1.0 1.0 1.0 1.0 1.0 0.879 0.997 1.166 1.111 0.848 1.254 0.939 1.168 0.788 1.235 0.979 0.77 0.931 1.214 1.183 0.94 0.76 1.201 0.765 0.934 1.08 1.272 1.201 1.012 0.874 1.077 1.03 0.725 1.088 1.191 1.073 0.807 1.212 1.099 0.954 1.198 0.904 0.715 1.161 1.24 0.8 1.005 0.978 1.346 1.096 0.707 0.801 0.906 1.172 1.171 1.309 1.119 0.935 1.31 1.067 1.105 0.919 0.968 1.131 0.619 0.648 1.196 1.008 1.187 1.203 1.282 0.783 0.828 0.925 1.354 0.743 1.251 0.937 1.009 0.634 1.265 1.282 0.993 1.0 1.247 0.763 1.223 1.213 1.0 1.244 0.786 1.155 0.804 1.0 1.248 1.124 1.117 1.133 1.0 1.419 0.811 0.812 0.947 1.0 0.712 1.086 0.643 1.225 1.0 0.925 1.037 0.654 1.036 1.0 1.032 1.126 0.955 0.71 1.0 1.028 1.309 0.814 1.209 1.0 1.636 0.886 0.824 1.045 1.0 1.111 0.942 1.101 1.263 1.0 0.737 1.321 0.816 0.931 1.0 1.697 0.909 0.876 1.274 1.0 1.036 1.057 1.101 0.826 1.0 0.794 0.834 1.163 0.764 1.0 1.025 1.28 0.889 0.769 1.0 0.768 0.982 1.338 1.017 1.0 0.775 1.0 1.303 1.31 1.0 1.031 1.0 1.371 0.828 1.0 0.802 1.0 0.842 0.817 1.0 0.714 1.0 0.91 0.733 1.0 0.751 1.0 0.833 0.81 1.0 0.826 1.0 0.809 0.705 1.0 0.849 1.0 0.75 1.536 1.0 2.062 1.0 1.0 0.712 1.0 0.666 1.0 1.0 0.72 1.0 0.788 1.0 1.0 1.209 1.0 1.0 1.0 1.0 0.607 1.0 1.0 1.0 1.0 0.925 1.0 1.0 1.0 1.0 1.858 1.0 1.0 1.0 1.0 1.0 1.0 1.0 1.0 1.0 1.0 1.0 1.0 1.0 1.0 1.0 1.0 1.0 1.0 1.0 1.0 1.0 1.0 1.0 1.0 1.0 1.0 1.0 1.0 1.0 1.0 1.0 1.0 1.0 1.0 1.0 1.0 1.0 1.0 1.0 1.0 1.0 1.0 1.0 1.0 1.0 1.0 1.0 1.0 1.0 1.0 1.0 1.0 1.0 1.0 1.0 1.0 1.0 1.0 1.0 1.0 1.0 1.0 1.0 1.0 1.0 1.0 1.0 1.0 1.0 1.0 1.0 1.0 1.0 1.0 1.0 1.0 1.0 1.0 1.0 1.0 1.0 1.0 1.0 1.0 1.0 1.0 1.0 1.0 1.0 1.0 1.0 1.0 1.0 1.0 1.0 1.0 1.0 1.0 1.0 1.0 1.0 1.0 1.0 1.0 1.0 1.0 1.0 1.0 1.0 1.0 1.0 1.0 1.0 1.0 1.0 1.0 1.0 1.0 1.0 1.0 1.0 1.0 1.0 1.0 1.0 1.0 1.0 1.0 1.0 1.0 1.0 1.0 1.0 1.0 1.0 1.0 1.0 1.0 1.0 1.0 1.0 1.0 1.0 1.0 1.0 1.0 1.0 1.0 1.0 1.0 1.0 1.0 1.0 1.0 1.0 1.0 1.0,2.0621269,1.0621269,0.53055793,0.3,0.6001524329185486,0.0003,5,4.3633423
51,0.21077561378479004,0.9952534,1.021 1.041 0.939 0.978 0.937 0.949 1.246 1.178 0.786 0.783 1.045 1.274 0.93 1.19 1.004 1.288 0.75 0.715 0.904 0.801 1.021 1.115 0.902 1.276 1.054 1.012 0.746 1.247 1.043 1.088 1.07 0.748 1.086 0.788 1.146 0.922 0.859 1.266 1.197 1.175 1.13 1.117 0.917 0.607 0.681 0.873 0.734 1.14 1.232 1.003 1.233 0.732 1.151 1.244 0.748 0.881 1.028 1.148 1.172 1.058 0.822 0.903 0.735 1.225 1.0 1.179 1.132 0.672 0.682 1.0 1.142 1.133 1.063 1.206 1.0 1.303 1.414 1.113 1.127 1.0 1.322 0.91 1.396 1.06 1.0 1.246 0.888 1.182 0.66 1.0 1.055 0.68 1.052 1.074 1.0 1.018 0.88 0.755 0.731 1.0 1.296 0.675 0.765 1.184 1.0 0.961 1.029 1.0 0.73 1.0 0.703 0.804 1.0 0.782 1.0 0.694 1.088 1.0 0.81 1.0 0.709 0.994 1.0 0.838 1.0 0.999 1.0 1.0 0.706 1.0 0.705 1.172 1.0 0.693 1.0 0.955 0.847 1.0 1.12 1.0 1.176 0.999 1.0 1.115 1.0 0.677 0.692 1.0 0.922 1.0 0.682 1.119 1.0 0.775 1.0 1.075 1.041 1.0 1.039 1.0 1.736 1.015 1.0 0.888 1.0 1.0 0.929 1.0 0.982 1.0 1.0 0.932 1.0 0.805 1.0 1.0 0.93 1.0 1.095 1.0 1.0 0.72 1.0 0.883 1.0 1.0 0.731 1.0 0.777 1.0 1.0 0.974 1.0 1.0 1.0 1.0 1.929 1.0 1.0 1.0 1.0 0.778 1.0 1.0 1.0 1.0 0.732 1.0 1.0 1.0 1.0 0.735 1.0 1.0 1.0 1.0 0.742 1.0 1.0 1.0 1.0 0.692 1.0 1.0 1.0 1.0 0.823 1.0 1.0 1.0 1.0 1.0 1.0 1.0 1.0 1.0 1.0 1.0 1.0 1.0 1.0 1.0 1.0 1.0 1.0 1.0 1.0 1.0 1.0 1.0 1.0 1.0 1.0 1.0 1.0 1.0 1.0 1.0 1.0 1.0 1.0 1.0 1.0 1.0 1.0 1.0 1.0 1.0 1.0 1.0 1.0 1.0 1.0 1.0 1.0 1.0 1.0 1.0 1.0 1.0 1.0 1.0 1.0 1.0 1.0 1.0 1.0 1.0 1.0 1.0 1.0 1.0 1.0 1.0 1.0 1.0 1.0 1.0 1.0 1.0 1.0 1.0 1.0 1.0 1.0 1.0 1.0 1.0 1.0 1.0 1.0 1.0 1.0 1.0 1.0 1.0 1.0 1.0 1.0 1.0 1.0 1.0 1.0 1.0 1.0 1.0 1.0 1.0 1.0 1.0 1.0 1.0 1.0 1.0 1.0 1.0 1.0 1.0 1.0 1.0 1.0 1.0 1.0 1.0 1.0 1.0 1.0 1.0 1.0 1.0 1.0 1.0 1.0 1.0 1.0 1.0 1.0 1.0 1.0 1.0 1.0 1.0 1.0 1.0 1.0 1.0 1.0 1.0 1.0 1.0 1.0 1.0 1.0 1.0 1.0 1.0 1.0 1.0 1.0 1.0 0.972 0.968 1.116 0.978 0.937 1.254 0.941 0.94 0.798 0.928 0.99 1.049 0.958 0.779 1.164 1.074 0.773 0.907 0.77 0.975 0.975 1.047 0.962 0.849 0.739 1.179 0.831 1.201 1.082 0.644 0.742 1.24 0.905 1.156 0.727 1.198 1.132 1.074 1.293 0.719 0.717 0.749 1.218 0.524 1.201 0.755 0.919 1.145 0.672 1.216 0.738 0.752 0.72 0.721 0.649 1.215 0.757 0.743 1.289 0.653 1.031 1.027 1.148 0.557 1.006 1.032 1.125 1.126 0.679 1.134 0.935 1.025 1.06 1.242 0.664 1.053 1.081 1.069 0.572 1.154 0.97 1.049 0.694 0.593 0.685 1.0 1.164 1.144 0.962 0.782 1.0 0.998 0.695 0.655 1.177 1.0 1.006 1.421 0.909 0.93 1.0 0.768 0.616 0.665 0.705 1.0 0.791 0.865 0.848 1.0 1.0 1.153 0.861 0.884 1.0 1.0 0.789 0.778 0.871 1.0 1.0 1.158 0.727 0.838 1.0 1.0 1.073 0.667 0.653 1.0 1.0 1.228 0.653 1.193 1.0 1.0 0.861 0.732 0.761 1.0 1.0 0.797 1.202 0.79 1.0 1.0 0.849 0.849 1.0 1.0 1.0 1.248 0.622 1.0 1.0 1.0 0.755 0.689 1.0 1.0 1.0 0.709 0.602 1.0 1.0 1.0 1.05 1.775 1.0 1.0 1.0 0.675 1.0 1.0 1.0 1.0 0.669 1.0 1.0 1.0 1.0 1.034 1.0 1.0 1.0 1.0 0.891 1.0 1.0 1.0 1.0 0.831 1.0 1.0 1.0 1.0 0.837 1.0 1.0 1.0 1.0 0.958 1.0 1.0 1.0 1.0 0.704 1.0 1.0 1.0 1.0 0.845 1.0 1.0 1.0 1.0 0.796 1.0 1.0 1.0 1.0 1.184 1.0 1.0 1.0 1.0 0.644 1.0 1.0 1.0 1.0 1.897 1.0 1.0 1.0 1.0 1.641 1.0 1.0 1.0 1.0 0.728 1.0 1.0 1.0 1.0 1.0 1.0 1.0 1.0 1.0 1.0 1.0 1.0 1.0 1.0 1.0 1.0 1.0 1.0 1.0 1.0 1.0 1.0 1.0 1.0 1.0 1.0 1.0 1.0 1.0 1.0 1.0 1.0 1.0 1.0 1.0 1.0 1.0 1.0 1.0 1.0 1.0 1.0 1.0 1.0 1.0 1.0 1.0 1.0 1.0 1.0 1.0 1.0 1.0 1.0 1.0 1.0 1.0 1.0 1.0 1.0 1.0 1.0 1.0 1.0 1.0 1.0 1.0 1.0 1.0 1.0 1.0 1.0 1.0 1.0 1.0 1.0 1.0 1.0 1.0 1.0 1.0 1.0 1.0 1.0 1.0 1.0 1.0 1.0 1.0 1.0 1.0 1.0 1.0 1.0 1.0 1.0 1.0 1.0 1.0 1.0 1.0 1.0 1.0 1.0 1.0 1.0 1.0 1.0 1.0 1.0 1.0 1.0 1.0 1.0 1.0 1.0 1.0 1.0 1.0 1.0 1.0 1.0 1.0 1.0 1.0 1.0 1.0 1.0 1.0 1.0 1.0 1.0 1.0 1.0 1.0 1.0 1.0 1.0 1.176 1.041 0.838 1.113 0.848 0.961 0.938 1.174 0.952 0.787 1.284 1.3 0.925 1.187 1.229 0.945 1.03 1.281 1.205 0.866 1.269 1.09 1.278 0.905 0.842 1.018 0.961 0.899 1.226 1.231 1.193 0.89 1.04 0.718 0.683 0.983 0.911 1.026 0.87 1.254 1.028 1.039 1.09 1.247 0.565 1.046 1.122 1.06 0.887 1.127 0.912 1.147 1.215 1.144 1.139 0.797 0.637 1.071 1.078 0.573 0.95 1.253 1.163 0.706 0.676 1.05 1.177 0.664 1.233 0.955 1.215 1.266 0.879 1.277 0.759 0.909 1.058 0.756 1.124 0.771 1.176 1.078 0.906 1.261 1.086 0.651 1.008 0.86 1.281 0.951 0.762 0.589 0.854 0.658 1.085 1.094 0.609 0.759 0.844 1.369 0.743 0.678 1.448 1.206 0.76 1.021 0.948 1.0 0.976 0.919 0.753 0.668 1.0 0.688 0.703 0.938 0.691 1.0 1.217 1.0 0.696 1.365 1.0 1.532 1.0 0.708 0.696 1.0 0.801 1.0 0.684 1.379 1.0 1.041 1.0 0.739 1.018 1.0 0.784 1.0 0.901 0.839 1.0 1.083 1.0 1.094 1.232 1.0 0.82 1.0 0.902 0.839 1.0 0.74 1.0 1.035 0.731 1.0 1.0 1.0 0.786 0.805 1.0 1.0 1.0 0.947 0.739 1.0 1.0 1.0 1.095 0.697 1.0 1.0 1.0 0.958 0.71 1.0 1.0 1.0 0.904 0.73 1.0 1.0 1.0 1.041 0.961 1.0 1.0 1.0 0.992 1.0 1.0 1.0 1.0 0.932 1.0 1.0 1.0 1.0 0.831 1.0 1.0 1.0 1.0 0.796 1.0 1.0 1.0 1.0 0.759 1.0 1.0 1.0 1.0 0.753 1.0 1.0 1.0 1.0 1.321 1.0 1.0 1.0 1.0 1.333 1.0 1.0 1.0 1.0 1.457 1.0 1.0 1.0 1.0 1.048 1.0 1.0 1.0 1.0 0.764 1.0 1.0 1.0 1.0 0.745 1.0 1.0 1.0 1.0 1.679 1.0 1.0 1.0 1.0 0.569 1.0 1.0 1.0 1.0 1.0 1.0 1.0 1.0 1.0 1.0 1.0 1.0 1.0 1.0 1.0 1.0 1.0 1.0 1.0 1.0 1.0 1.0 1.0 1.0 1.0 1.0 1.0 1.0 1.0 1.0 1.0 1.0 1.0 1.0 1.0 1.0 1.0 1.0 1.0 1.0 1.0 1.0 1.0 1.0 1.0 1.0 1.0 1.0 1.0 1.0 1.0 1.0 1.0 1.0 1.0 1.0 1.0 1.0 1.0 1.0 1.0 1.0 1.0 1.0 1.0 1.0 1.0 1.0 1.0 1.0 1.0 1.0 1.0 1.0 1.0 1.0 1.0 1.0 1.0 1.0 1.0 1.0 1.0 1.0 1.0 1.0 1.0 1.0 1.0 1.0 1.0 1.0 1.0 1.0 1.0 1.0 1.0 1.0 1.0 1.0 1.0 1.0 1.0 1.0 1.0 1.0 1.0 1.0 1.0 1.0 1.0 1.0 1.0 1.0 1.0 1.0 1.0 1.0 1.0 1.0 1.0 1.0 1.0 1.0 1.176 0.995 0.838 1.113 1.102 0.841 0.94 1.232 0.945 0.783 0.945 1.013 0.932 0.952 0.952 0.816 1.015 1.221 0.863 1.3 0.909 1.122 0.95 1.192 0.882 1.103 1.121 1.202 0.715 1.244 1.153 1.214 1.192 1.333 0.729 0.615 1.244 1.228 1.333 1.377 1.281 0.834 1.221 1.133 1.309 0.879 0.795 0.727 1.278 1.288 1.32 1.17 0.92 1.195 1.301 1.283 1.274 1.093 1.282 1.358 1.249 1.085 0.849 1.058 1.28 1.342 1.301 1.239 1.302 0.961 1.282 1.34 1.143 1.3 1.308 0.945 1.295 1.202 1.303 0.743 1.366 0.628 1.269 0.887 1.314 1.288 1.319 0.81 1.309 0.772 0.63 1.289 1.194 0.76 1.137 1.049 1.229 1.107 0.714 1.28 1.374 0.711 1.245 1.104 1.286 0.924 1.028 1.144 0.738 0.772 1.345 1.36 1.15 0.796 1.298 1.241 0.836 1.028 1.331 0.838 1.235 0.852 0.962 1.365 0.798 0.972 1.372 0.973 0.815 0.782 1.481 0.815 0.957 1.179 1.391 1.153 0.861 0.996 0.921 1.316 0.844 1.434 0.951 0.672 0.733 0.668 1.0 0.93 0.665 1.0 0.683 1.0 0.867 1.0 1.0 0.721 1.0 0.775 1.0 1.0 0.754 1.0 1.129 1.0 1.0 1.167 1.0 1.156 1.0 1.0 1.939 1.0 1.399 1.0 1.0 0.719 1.0 0.943 1.0 1.0 1.947 1.0 0.752 1.0 1.0 0.779 1.0 0.738 1.0 1.0 0.798 1.0 0.732 1.0 1.0 0.786 1.0 0.727 1.0 1.0 1.0 1.0 0.73 1.0 1.0 1.0 1.0 1.463 1.0 1.0 1.0 1.0 1.327 1.0 1.0 1.0 1.0 1.132 1.0 1.0 1.0 1.0 1.004 1.0 1.0 1.0 1.0 0.997 1.0 1.0 1.0 1.0 0.932 1.0 1.0 1.0 1.0 1.091 1.0 1.0 1.0 1.0 1.225 1.0 1.0 1.0 1.0 1.245 1.0 1.0 1.0 1.0 0.884 1.0 1.0 1.0 1.0 0.777 1.0 1.0 1.0 1.0 0.741 1.0 1.0 1.0 1.0 1.058 1.0 1.0 1.0 1.0 0.909 1.0 1.0 1.0 1.0 0.981 1.0 1.0 1.0 1.0 1.089 1.0 1.0 1.0 1.0 1.105 1.0 1.0 1.0 1.0 0.642 1.0 1.0 1.0 1.0 0.894 1.0 1.0 1.0 1.0 1.105 1.0 1.0 1.0 1.0 1.246 1.0 1.0 1.0 1.0 0.668 1.0 1.0 1.0 1.0 0.7 1.0 1.0 1.0 1.0 0.734 1.0 1.0 1.0 1.0 0.708 1.0 1.0 1.0 1.0 0.995 1.0 1.0 1.0 1.0 0.69 1.0 1.0 1.0 1.0 1.119 1.0 1.0 1.0 1.0 0.755 1.0 1.0 1.0 1.0 1.244 1.0 1.0 1.0 1.0 0.654 1.0 1.0 1.0 1.0 0.825 1.0 1.0 1.0 1.0 0.663 1.0 1.0 1.0 1.0 0.692 1.0 1.0 1.0 1.0 0.657 1.0 1.0 0.977 1.179 0.939 1.142 0.984 1.258 0.938 1.234 0.787 1.143 0.83 1.022 0.942 0.765 1.294 0.935 1.106 1.213 0.823 0.932 0.894 1.093 0.731 0.906 1.001 1.088 1.173 0.844 1.213 0.827 1.029 0.749 0.847 1.302 0.956 0.833 1.175 1.112 1.214 1.271 0.858 1.195 1.262 1.298 0.712 1.299 1.265 1.13 1.186 1.348 1.324 0.742 1.213 0.656 1.165 1.124 1.04 1.223 1.22 1.367 1.267 1.178 0.668 1.446 0.685 0.879 1.215 1.302 1.347 1.07 0.922 1.34 0.9 1.042 1.384 0.929 1.219 0.884 1.494 1.174 1.234 1.313 1.25 0.634 0.987 1.032 1.0 1.399 1.358 1.219 0.839 1.0 0.964 1.233 0.731 0.942 1.0 0.917 0.868 0.737 0.791 1.0 0.764 0.716 1.217 1.123 1.0 0.708 1.02 0.779 1.073 1.0 0.88 1.609 1.058 1.129 1.0 0.982 0.71 1.057 0.957 1.0 0.852 0.74 1.199 0.782 1.0 0.914 0.699 0.719 1.222 1.0 0.892 1.249 0.766 0.963 1.0 1.004 0.98 0.773 0.995 1.0 0.736 0.971 0.974 0.992 1.0 0.884 0.735 0.975 1.167 1.0 0.891 0.943 0.69 0.868 1.0 0.928 0.963 1.0 1.138 1.0 0.712 0.935 1.0 0.966 1.0 0.791 0.906 1.0 0.779 1.0 0.871 0.822 1.0 0.809 1.0 1.0 1.231 1.0 0.79 1.0 1.0 0.841 1.0 0.758 1.0 1.0 0.89 1.0 0.766 1.0 1.0 1.451 1.0 1.052 1.0 1.0 1.441 1.0 0.712 1.0 1.0 0.764 1.0 0.713 1.0 1.0 0.686 1.0 0.662 1.0 1.0 0.673 1.0 0.737 1.0 1.0 1.045 1.0 1.0 1.0 1.0 1.045 1.0 1.0 1.0 1.0 0.961 1.0 1.0 1.0 1.0 0.644 1.0 1.0 1.0 1.0 1.0 1.0 1.0 1.0 1.0 1.0 1.0 1.0 1.0 1.0 1.0 1.0 1.0 1.0 1.0 1.0 1.0 1.0 1.0 1.0 1.0 1.0 1.0 1.0 1.0 1.0 1.0 1.0 1.0 1.0 1.0 1.0 1.0 1.0 1.0 1.0 1.0 1.0 1.0 1.0 1.0 1.0 1.0 1.0 1.0 1.0 1.0 1.0 1.0 1.0 1.0 1.0 1.0 1.0 1.0 1.0 1.0 1.0 1.0 1.0 1.0 1.0 1.0 1.0 1.0 1.0 1.0 1.0 1.0 1.0 1.0 1.0 1.0 1.0 1.0 1.0 1.0 1.0 1.0 1.0 1.0 1.0 1.0 1.0 1.0 1.0 1.0 1.0 1.0 1.0 1.0 1.0 1.0 1.0 1.0 1.0 1.0 1.0 1.0 1.0 1.0 1.0 1.0 1.0 1.0 1.0 1.0 1.0 1.0 1.0 1.0 1.0 1.0 1.0 1.0 1.0 1.0 1.0 1.0 1.0 1.0 1.0 1.0 1.0 1.0 1.0 1.0 1.0 1.0 1.0 1.0 1.0 1.0 1.0 1.0 1.0 1.0 1.0 1.0 1.0 1.0 1.0 0.88 1.041 1.165 0.95 0.984 1.034 1.255 1.165 0.954 1.134 0.93 1.282 0.938 1.067 1.294 0.805 1.017 0.743 0.702 0.951 1.305 1.291 1.233 1.193 1.168 0.8 0.807 0.742 0.559 0.813 0.83 1.061 1.234 1.032 0.796 1.103 0.846 0.858 0.66 1.049 0.736 0.722 1.022 1.203 0.732 1.165 1.09 1.273 0.695 1.147 0.822 1.085 1.041 0.965 1.23 0.677 0.846 0.927 0.699 0.765 1.223 0.723 1.059 1.0 1.242 0.76 1.228 1.037 1.0 1.266 0.998 0.765 1.133 1.0 0.659 0.67 1.113 1.104 1.0 1.141 0.829 0.902 0.951 1.0 1.001 1.15 0.76 0.99 1.0 0.849 0.734 1.106 0.829 1.0 0.696 1.162 1.071 0.902 1.0 0.758 1.163 1.03 1.066 1.0 0.796 1.175 1.092 1.058 1.0 0.782 0.713 0.928 0.871 1.0 0.781 0.821 1.179 0.863 1.0 1.461 0.896 0.7 1.063 1.0 1.04 0.962 1.194 0.862 1.0 0.725 0.732 0.944 1.338 1.0 0.72 0.766 0.696 0.861 1.0 1.0 0.738 0.903 1.058 1.0 1.0 0.849 1.102 1.088 1.0 1.0 1.176 1.077 1.089 1.0 1.0 1.019 0.812 0.724 1.0 1.0 0.76 0.977 0.853 1.0 1.0 0.697 0.968 1.372 1.0 1.0 1.0 0.726 1.381 1.0 1.0 1.0 1.304 1.303 1.0 1.0 1.0 0.715 0.785 1.0 1.0 1.0 0.807 1.103 1.0 1.0 1.0 0.798 0.901 1.0 1.0 1.0 0.789 0.945 1.0 1.0 1.0 0.833 1.013 1.0 1.0 1.0 0.822 0.76 1.0 1.0 1.0 0.817 0.682 1.0 1.0 1.0 1.041 0.769 1.0 1.0 1.0 0.942 0.681 1.0 1.0 1.0 0.746 0.672 1.0 1.0 1.0 0.98 0.67 1.0 1.0 1.0 0.95 0.666 1.0 1.0 1.0 0.986 0.67 1.0 1.0 1.0 0.949 1.0 1.0 1.0 1.0 0.696 1.0 1.0 1.0 1.0 0.723 1.0 1.0 1.0 1.0 1.027 1.0 1.0 1.0 1.0 0.698 1.0 1.0 1.0 1.0 0.715 1.0 1.0 1.0 1.0 0.743 1.0 1.0 1.0 1.0 0.717 1.0 1.0 1.0 1.0 0.666 1.0 1.0 1.0 1.0 0.681 1.0 1.0 1.0 1.0 0.628 1.0 1.0 1.0 1.0 1.0 1.0 1.0 1.0 1.0 1.0 1.0 1.0 1.0 1.0 1.0 1.0 1.0 1.0 1.0 1.0 1.0 1.0 1.0 1.0 1.0 1.0 1.0 1.0 1.0 1.0 1.0 1.0 1.0 1.0 1.0 1.0 1.0 1.0 1.0 1.0 1.0 1.0 1.0 1.0 1.0 1.0 1.0 1.0 1.0 1.0 1.0 1.0 1.0 1.0 1.0 1.0 1.0 1.0 1.0 1.0 1.0 1.0 1.0 1.0 1.0 1.0 1.0 1.0 1.0 1.0 1.0 1.0 1.0 1.0 1.0 1.0 1.0 1.0 1.0 1.0 1.0 1.0 1.0 1.176 1.179 0.978 1.113 0.848 0.959 1.259 1.253 1.169 1.225 1.283 1.027 0.93 1.208 1.234 0.824 0.887 0.937 0.74 0.833 1.041 1.146 1.137 0.878 1.025 0.844 1.208 0.887 1.255 0.782 1.153 0.525 1.081 0.741 1.189 0.872 1.172 0.726 1.053 1.063 1.124 1.261 1.297 1.06 1.155 1.078 1.238 1.304 1.302 0.682 0.74 1.193 1.14 1.179 1.232 1.161 0.634 1.138 1.042 1.26 1.182 1.252 1.283 1.354 1.069 1.18 0.561 1.33 1.108 1.211 1.164 1.489 0.68 0.771 0.721 1.263 1.194 0.689 1.371 0.711 1.105 1.036 1.267 1.268 1.0 1.335 0.622 1.294 1.404 1.0 1.335 1.26 1.155 0.657 1.0 1.082 0.958 1.292 1.318 1.0 1.044 0.721 1.332 0.67 1.0 0.934 1.248 0.986 1.132 1.0 0.918 0.958 0.9 1.058 1.0 1.023 1.433 1.462 0.764 1.0 1.016 1.422 0.829 1.181 1.0 1.277 1.001 0.75 1.066 1.0 1.231 1.432 1.319 0.96 1.0 1.186 0.747 0.767 0.698 1.0 0.977 1.457 1.287 0.831 1.0 1.307 0.577 1.241 0.703 1.0 1.278 0.729 1.225 0.813 1.0 0.67 1.064 0.956 0.985 1.0 0.683 1.299 1.262 0.754 1.0 0.698 1.295 0.759 1.0 1.0 0.717 0.625 0.809 1.0 1.0 0.733 0.688 1.0 1.0 1.0 0.719 0.75 1.0 1.0 1.0 0.706 0.769 1.0 1.0 1.0 1.061 0.731 1.0 1.0 1.0 0.801 0.74 1.0 1.0 1.0 1.132 0.741 1.0 1.0 1.0 1.151 1.0 1.0 1.0 1.0 0.922 1.0 1.0 1.0 1.0 1.591 1.0 1.0 1.0 1.0 0.776 1.0 1.0 1.0 1.0 0.859 1.0 1.0 1.0 1.0 1.239 1.0 1.0 1.0 1.0 0.776 1.0 1.0 1.0 1.0 0.767 1.0 1.0 1.0 1.0 1.0 1.0 1.0 1.0 1.0 1.0 1.0 1.0 1.0 1.0 1.0 1.0 1.0 1.0 1.0 1.0 1.0 1.0 1.0 1.0 1.0 1.0 1.0 1.0 1.0 1.0 1.0 1.0 1.0 1.0 1.0 1.0 1.0 1.0 1.0 1.0 1.0 1.0 1.0 1.0 1.0 1.0 1.0 1.0 1.0 1.0 1.0 1.0 1.0 1.0 1.0 1.0 1.0 1.0 1.0 1.0 1.0 1.0 1.0 1.0 1.0 1.0 1.0 1.0 1.0 1.0 1.0 1.0 1.0 1.0 1.0 1.0 1.0 1.0 1.0 1.0 1.0 1.0 1.0 1.0 1.0 1.0 1.0 1.0 1.0 1.0 1.0 1.0 1.0 1.0 1.0 1.0 1.0 1.0 1.0 1.0 1.0 1.0 1.0 1.0 1.0 1.0 1.0 1.0 1.0 1.0 1.0 1.0 1.0 1.0 1.0 1.0 1.0 1.0 1.0 1.0 1.0 1.0 1.0 1.0 1.0 1.0 1.0 1.0 1.0 1.0 1.0 1.0 1.0 1.0 1.0 1.0 1.0 1.0 1.0 0.88 0.995 1.165 1.113 0.848 1.253 0.942 1.171 0.789 1.233 0.975 0.772 0.933 1.21 1.186 0.945 0.762 1.205 0.767 0.937 1.073 1.271 1.205 1.008 0.879 1.071 1.026 0.727 1.084 1.188 1.068 0.808 1.215 1.099 0.959 1.196 0.91 0.717 1.159 1.237 0.795 1.014 0.974 1.351 1.093 0.7 0.795 0.909 1.174 1.182 1.324 1.112 0.938 1.315 1.063 1.099 0.914 0.965 1.136 0.613 0.64 1.193 1.005 1.194 1.213 1.296 0.783 0.828 0.923 1.354 0.743 1.265 0.945 1.008 0.633 1.278 1.296 0.989 1.0 1.247 0.765 1.236 1.227 1.0 1.243 0.788 1.153 0.804 1.0 1.248 1.122 1.119 1.131 1.0 1.42 0.812 0.813 0.944 1.0 0.71 1.092 0.638 1.236 1.0 0.924 1.04 0.65 1.036 1.0 1.031 1.126 0.955 0.709 1.0 1.027 1.314 0.816 1.206 1.0 1.644 0.889 0.825 1.045 1.0 1.108 0.942 1.104 1.261 1.0 0.737 1.326 0.819 0.934 1.0 1.708 0.908 0.878 1.271 1.0 1.031 1.056 1.098 0.827 1.0 0.788 0.836 1.156 0.765 1.0 1.022 1.273 0.887 0.768 1.0 0.769 0.98 1.344 1.015 1.0 0.768 1.0 1.297 1.308 1.0 1.026 1.0 1.366 0.829 1.0 0.796 1.0 0.839 0.816 1.0 0.714 1.0 0.907 0.733 1.0 0.746 1.0 0.835 0.81 1.0 0.819 1.0 0.81 0.707 1.0 0.839 1.0 0.749 1.537 1.0 2.083 1.0 1.0 0.714 1.0 0.66 1.0 1.0 0.72 1.0 0.778 1.0 1.0 1.199 1.0 1.0 1.0 1.0 0.606 1.0 1.0 1.0 1.0 0.922 1.0 1.0 1.0 1.0 1.872 1.0 1.0 1.0 1.0 1.0 1.0 1.0 1.0 1.0 1.0 1.0 1.0 1.0 1.0 1.0 1.0 1.0 1.0 1.0 1.0 1.0 1.0 1.0 1.0 1.0 1.0 1.0 1.0 1.0 1.0 1.0 1.0 1.0 1.0 1.0 1.0 1.0 1.0 1.0 1.0 1.0 1.0 1.0 1.0 1.0 1.0 1.0 1.0 1.0 1.0 1.0 1.0 1.0 1.0 1.0 1.0 1.0 1.0 1.0 1.0 1.0 1.0 1.0 1.0 1.0 1.0 1.0 1.0 1.0 1.0 1.0 1.0 1.0 1.0 1.0 1.0 1.0 1.0 1.0 1.0 1.0 1.0 1.0 1.0 1.0 1.0 1.0 1.0 1.0 1.0 1.0 1.0 1.0 1.0 1.0 1.0 1.0 1.0 1.0 1.0 1.0 1.0 1.0 1.0 1.0 1.0 1.0 1.0 1.0 1.0 1.0 1.0 1.0 1.0 1.0 1.0 1.0 1.0 1.0 1.0 1.0 1.0 1.0 1.0 1.0 1.0 1.0 1.0 1.0 1.0 1.0 1.0 1.0 1.0 1.0 1.0 1.0 1.0 1.0 1.0 1.0 1.0 1.0 1.0 1.0 1.0 1.0 1.0 1.0 1.0 1.0 1.0 1.0 1.0 1.0 1.0 1.0,2.0830905,1.0830905,0.52400756,0.3,0.6021958589553833,0.0003,5,4.440071
52,0.2122480869293213,0.99514306,1.02 1.04 0.936 0.979 0.934 0.952 1.248 1.18 0.787 0.784 1.043 1.275 0.932 1.192 1.001 1.289 0.751 0.715 0.906 0.796 1.016 1.114 0.903 1.274 1.053 1.007 0.747 1.248 1.039 1.086 1.066 0.75 1.082 0.787 1.145 0.927 0.862 1.265 1.211 1.175 1.125 1.116 0.913 0.601 0.681 0.868 0.735 1.136 1.227 1.004 1.229 0.733 1.147 1.241 0.753 0.883 1.022 1.144 1.183 1.059 0.824 0.907 0.737 1.223 1.0 1.178 1.13 0.673 0.676 1.0 1.151 1.131 1.062 1.203 1.0 1.303 1.417 1.112 1.124 1.0 1.32 0.911 1.397 1.064 1.0 1.242 0.889 1.177 0.659 1.0 1.051 0.681 1.053 1.072 1.0 1.022 0.88 0.756 0.728 1.0 1.299 0.676 0.764 1.182 1.0 0.964 1.022 1.0 0.727 1.0 0.704 0.804 1.0 0.782 1.0 0.695 1.088 1.0 0.811 1.0 0.71 0.998 1.0 0.839 1.0 0.997 1.004 1.0 0.703 1.0 0.706 1.171 1.0 0.691 1.0 0.952 0.841 1.0 1.121 1.0 1.174 1.003 1.0 1.113 1.0 0.678 0.69 1.0 0.923 1.0 0.682 1.114 1.0 0.772 1.0 1.071 1.034 1.0 1.039 1.0 1.741 1.008 1.0 0.888 1.0 1.0 0.93 1.0 0.982 1.0 1.0 0.931 1.0 0.803 1.0 1.0 0.931 1.0 1.092 1.0 1.0 0.713 1.0 0.881 1.0 1.0 0.729 1.0 0.776 1.0 1.0 0.966 1.0 1.0 1.0 1.0 1.949 1.0 1.0 1.0 1.0 0.773 1.0 1.0 1.0 1.0 0.728 1.0 1.0 1.0 1.0 0.732 1.0 1.0 1.0 1.0 0.738 1.0 1.0 1.0 1.0 0.688 1.0 1.0 1.0 1.0 0.821 1.0 1.0 1.0 1.0 1.0 1.0 1.0 1.0 1.0 1.0 1.0 1.0 1.0 1.0 1.0 1.0 1.0 1.0 1.0 1.0 1.0 1.0 1.0 1.0 1.0 1.0 1.0 1.0 1.0 1.0 1.0 1.0 1.0 1.0 1.0 1.0 1.0 1.0 1.0 1.0 1.0 1.0 1.0 1.0 1.0 1.0 1.0 1.0 1.0 1.0 1.0 1.0 1.0 1.0 1.0 1.0 1.0 1.0 1.0 1.0 1.0 1.0 1.0 1.0 1.0 1.0 1.0 1.0 1.0 1.0 1.0 1.0 1.0 1.0 1.0 1.0 1.0 1.0 1.0 1.0 1.0 1.0 1.0 1.0 1.0 1.0 1.0 1.0 1.0 1.0 1.0 1.0 1.0 1.0 1.0 1.0 1.0 1.0 1.0 1.0 1.0 1.0 1.0 1.0 1.0 1.0 1.0 1.0 1.0 1.0 1.0 1.0 1.0 1.0 1.0 1.0 1.0 1.0 1.0 1.0 1.0 1.0 1.0 1.0 1.0 1.0 1.0 1.0 1.0 1.0 1.0 1.0 1.0 1.0 1.0 1.0 1.0 1.0 1.0 1.0 1.0 1.0 1.0 1.0 1.0 1.0 1.0 1.0 1.0 1.0 1.0 1.0 1.0 0.968 0.97 1.118 0.979 0.934 1.254 0.944 0.941 0.799 0.924 0.984 1.047 0.954 0.78 1.162 1.07 0.774 0.909 0.771 0.974 0.969 1.043 0.958 0.85 0.734 1.178 0.832 1.199 1.077 0.638 0.742 1.243 0.91 1.167 0.725 1.197 1.133 1.07 1.292 0.72 0.72 0.749 1.216 0.518 1.2 0.756 0.914 1.156 0.671 1.215 0.741 0.752 0.719 0.722 0.65 1.216 0.757 0.736 1.285 0.654 1.023 1.035 1.143 0.553 1.006 1.035 1.122 1.125 0.68 1.13 0.936 1.021 1.059 1.241 0.663 1.053 1.09 1.072 0.57 1.151 0.972 1.057 0.694 0.592 0.684 1.0 1.16 1.145 0.959 0.782 1.0 0.993 0.696 0.656 1.171 1.0 1.001 1.425 0.907 0.925 1.0 0.762 0.617 0.666 0.708 1.0 0.785 0.859 0.845 1.0 1.0 1.162 0.858 0.881 1.0 1.0 0.784 0.775 0.868 1.0 1.0 1.159 0.728 0.834 1.0 1.0 1.08 0.667 0.654 1.0 1.0 1.23 0.655 1.182 1.0 1.0 0.856 0.728 0.759 1.0 1.0 0.791 1.19 0.788 1.0 1.0 0.843 0.842 1.0 1.0 1.0 1.247 0.62 1.0 1.0 1.0 0.756 0.687 1.0 1.0 1.0 0.71 0.6 1.0 1.0 1.0 1.052 1.782 1.0 1.0 1.0 0.676 1.0 1.0 1.0 1.0 0.67 1.0 1.0 1.0 1.0 1.034 1.0 1.0 1.0 1.0 0.884 1.0 1.0 1.0 1.0 0.825 1.0 1.0 1.0 1.0 0.83 1.0 1.0 1.0 1.0 0.959 1.0 1.0 1.0 1.0 0.702 1.0 1.0 1.0 1.0 0.84 1.0 1.0 1.0 1.0 0.793 1.0 1.0 1.0 1.0 1.174 1.0 1.0 1.0 1.0 0.642 1.0 1.0 1.0 1.0 1.915 1.0 1.0 1.0 1.0 1.647 1.0 1.0 1.0 1.0 0.73 1.0 1.0 1.0 1.0 1.0 1.0 1.0 1.0 1.0 1.0 1.0 1.0 1.0 1.0 1.0 1.0 1.0 1.0 1.0 1.0 1.0 1.0 1.0 1.0 1.0 1.0 1.0 1.0 1.0 1.0 1.0 1.0 1.0 1.0 1.0 1.0 1.0 1.0 1.0 1.0 1.0 1.0 1.0 1.0 1.0 1.0 1.0 1.0 1.0 1.0 1.0 1.0 1.0 1.0 1.0 1.0 1.0 1.0 1.0 1.0 1.0 1.0 1.0 1.0 1.0 1.0 1.0 1.0 1.0 1.0 1.0 1.0 1.0 1.0 1.0 1.0 1.0 1.0 1.0 1.0 1.0 1.0 1.0 1.0 1.0 1.0 1.0 1.0 1.0 1.0 1.0 1.0 1.0 1.0 1.0 1.0 1.0 1.0 1.0 1.0 1.0 1.0 1.0 1.0 1.0 1.0 1.0 1.0 1.0 1.0 1.0 1.0 1.0 1.0 1.0 1.0 1.0 1.0 1.0 1.0 1.0 1.0 1.0 1.0 1.0 1.0 1.0 1.0 1.0 1.0 1.0 1.0 1.0 1.0 1.0 1.0 1.0 1.0 1.177 1.04 0.838 1.114 0.849 0.964 0.941 1.176 0.954 0.787 1.285 1.301 0.927 1.188 1.229 0.95 1.026 1.281 1.206 0.867 1.269 1.087 1.277 0.907 0.843 1.024 0.966 0.901 1.227 1.226 1.193 0.893 1.036 0.719 0.678 0.988 0.916 1.021 0.872 1.249 1.022 1.033 1.089 1.248 0.559 1.041 1.116 1.06 0.892 1.126 0.909 1.147 1.218 1.139 1.14 0.796 0.632 1.071 1.088 0.568 0.947 1.266 1.16 0.704 0.678 1.043 1.187 0.665 1.23 0.955 1.218 1.27 0.878 1.277 0.76 0.899 1.05 0.755 1.124 0.773 1.174 1.071 0.906 1.262 1.083 0.652 1.012 0.856 1.278 0.946 0.761 0.585 0.853 0.656 1.085 1.092 0.606 0.759 0.845 1.372 0.745 0.679 1.449 1.204 0.756 1.013 0.95 1.0 0.979 0.92 0.75 0.668 1.0 0.685 0.699 0.929 0.692 1.0 1.218 1.0 0.699 1.371 1.0 1.536 1.0 0.706 0.697 1.0 0.798 1.0 0.686 1.376 1.0 1.04 1.0 0.742 1.014 1.0 0.778 1.0 0.908 0.84 1.0 1.079 1.0 1.09 1.232 1.0 0.819 1.0 0.896 0.84 1.0 0.733 1.0 1.045 0.731 1.0 1.0 1.0 0.784 0.804 1.0 1.0 1.0 0.939 0.74 1.0 1.0 1.0 1.089 0.693 1.0 1.0 1.0 0.965 0.709 1.0 1.0 1.0 0.903 0.727 1.0 1.0 1.0 1.039 0.961 1.0 1.0 1.0 0.992 1.0 1.0 1.0 1.0 0.924 1.0 1.0 1.0 1.0 0.825 1.0 1.0 1.0 1.0 0.79 1.0 1.0 1.0 1.0 0.756 1.0 1.0 1.0 1.0 0.751 1.0 1.0 1.0 1.0 1.311 1.0 1.0 1.0 1.0 1.326 1.0 1.0 1.0 1.0 1.455 1.0 1.0 1.0 1.0 1.045 1.0 1.0 1.0 1.0 0.761 1.0 1.0 1.0 1.0 0.743 1.0 1.0 1.0 1.0 1.685 1.0 1.0 1.0 1.0 0.566 1.0 1.0 1.0 1.0 1.0 1.0 1.0 1.0 1.0 1.0 1.0 1.0 1.0 1.0 1.0 1.0 1.0 1.0 1.0 1.0 1.0 1.0 1.0 1.0 1.0 1.0 1.0 1.0 1.0 1.0 1.0 1.0 1.0 1.0 1.0 1.0 1.0 1.0 1.0 1.0 1.0 1.0 1.0 1.0 1.0 1.0 1.0 1.0 1.0 1.0 1.0 1.0 1.0 1.0 1.0 1.0 1.0 1.0 1.0 1.0 1.0 1.0 1.0 1.0 1.0 1.0 1.0 1.0 1.0 1.0 1.0 1.0 1.0 1.0 1.0 1.0 1.0 1.0 1.0 1.0 1.0 1.0 1.0 1.0 1.0 1.0 1.0 1.0 1.0 1.0 1.0 1.0 1.0 1.0 1.0 1.0 1.0 1.0 1.0 1.0 1.0 1.0 1.0 1.0 1.0 1.0 1.0 1.0 1.0 1.0 1.0 1.0 1.0 1.0 1.0 1.0 1.0 1.0 1.0 1.0 1.0 1.0 1.0 1.0 1.177 0.992 0.838 1.114 1.103 0.842 0.943 1.232 0.942 0.784 0.949 1.009 0.934 0.948 0.954 0.818 1.01 1.223 0.864 1.299 0.915 1.122 0.946 1.204 0.877 1.098 1.114 1.203 0.713 1.259 1.166 1.229 1.193 1.327 0.727 0.61 1.257 1.229 1.327 1.394 1.295 0.84 1.223 1.13 1.304 0.886 0.801 0.725 1.291 1.302 1.312 1.168 0.916 1.195 1.299 1.283 1.279 1.103 1.281 1.358 1.247 1.086 0.844 1.059 1.281 1.336 1.296 1.24 1.304 0.964 1.28 1.344 1.154 1.299 1.308 0.947 1.294 1.198 1.302 0.743 1.366 0.629 1.273 0.888 1.312 1.29 1.323 0.805 1.308 0.773 0.632 1.288 1.196 0.762 1.139 1.051 1.226 1.115 0.717 1.279 1.374 0.712 1.249 1.108 1.286 0.923 1.03 1.144 0.741 0.772 1.347 1.366 1.149 0.798 1.295 1.235 0.84 1.035 1.329 0.839 1.229 0.856 0.956 1.364 0.798 0.973 1.37 0.974 0.819 0.784 1.482 0.818 0.958 1.183 1.392 1.149 0.865 1.002 0.926 1.315 0.841 1.434 0.947 0.669 0.733 0.666 1.0 0.927 0.664 1.0 0.683 1.0 0.863 1.0 1.0 0.721 1.0 0.777 1.0 1.0 0.754 1.0 1.132 1.0 1.0 1.163 1.0 1.159 1.0 1.0 1.955 1.0 1.401 1.0 1.0 0.715 1.0 0.94 1.0 1.0 1.962 1.0 0.752 1.0 1.0 0.776 1.0 0.737 1.0 1.0 0.794 1.0 0.732 1.0 1.0 0.784 1.0 0.727 1.0 1.0 1.0 1.0 0.724 1.0 1.0 1.0 1.0 1.467 1.0 1.0 1.0 1.0 1.329 1.0 1.0 1.0 1.0 1.134 1.0 1.0 1.0 1.0 1.006 1.0 1.0 1.0 1.0 0.998 1.0 1.0 1.0 1.0 0.929 1.0 1.0 1.0 1.0 1.09 1.0 1.0 1.0 1.0 1.23 1.0 1.0 1.0 1.0 1.249 1.0 1.0 1.0 1.0 0.882 1.0 1.0 1.0 1.0 0.774 1.0 1.0 1.0 1.0 0.735 1.0 1.0 1.0 1.0 1.062 1.0 1.0 1.0 1.0 0.906 1.0 1.0 1.0 1.0 0.98 1.0 1.0 1.0 1.0 1.09 1.0 1.0 1.0 1.0 1.105 1.0 1.0 1.0 1.0 0.636 1.0 1.0 1.0 1.0 0.89 1.0 1.0 1.0 1.0 1.105 1.0 1.0 1.0 1.0 1.252 1.0 1.0 1.0 1.0 0.661 1.0 1.0 1.0 1.0 0.694 1.0 1.0 1.0 1.0 0.728 1.0 1.0 1.0 1.0 0.702 1.0 1.0 1.0 1.0 0.995 1.0 1.0 1.0 1.0 0.684 1.0 1.0 1.0 1.0 1.121 1.0 1.0 1.0 1.0 0.75 1.0 1.0 1.0 1.0 1.25 1.0 1.0 1.0 1.0 0.648 1.0 1.0 1.0 1.0 0.826 1.0 1.0 1.0 1.0 0.659 1.0 1.0 1.0 1.0 0.693 1.0 1.0 1.0 1.0 0.654 1.0 1.0 0.979 1.18 0.936 1.142 0.985 1.26 0.941 1.234 0.788 1.144 0.832 1.018 0.944 0.766 1.294 0.939 1.106 1.215 0.825 0.928 0.897 1.088 0.732 0.91 0.997 1.089 1.173 0.847 1.21 0.823 1.023 0.748 0.85 1.301 0.952 0.834 1.186 1.109 1.224 1.268 0.86 1.195 1.263 1.294 0.714 1.297 1.27 1.14 1.185 1.346 1.322 0.742 1.21 0.655 1.163 1.117 1.038 1.224 1.219 1.366 1.268 1.176 0.667 1.445 0.686 0.881 1.216 1.305 1.35 1.074 0.918 1.344 0.903 1.045 1.386 0.93 1.221 0.886 1.493 1.172 1.232 1.317 1.249 0.633 0.987 1.038 1.0 1.405 1.358 1.22 0.834 1.0 0.965 1.233 0.729 0.937 1.0 0.916 0.868 0.736 0.787 1.0 0.764 0.715 1.221 1.132 1.0 0.707 1.02 0.778 1.082 1.0 0.877 1.614 1.057 1.129 1.0 0.981 0.711 1.056 0.962 1.0 0.852 0.74 1.202 0.779 1.0 0.913 0.7 0.717 1.218 1.0 0.892 1.246 0.763 0.968 1.0 0.996 0.98 0.77 1.001 1.0 0.734 0.971 0.969 0.997 1.0 0.876 0.735 0.972 1.164 1.0 0.889 0.944 0.687 0.866 1.0 0.926 0.967 1.0 1.135 1.0 0.709 0.938 1.0 0.97 1.0 0.79 0.908 1.0 0.779 1.0 0.864 0.822 1.0 0.81 1.0 1.0 1.226 1.0 0.788 1.0 1.0 0.843 1.0 0.756 1.0 1.0 0.891 1.0 0.763 1.0 1.0 1.451 1.0 1.043 1.0 1.0 1.441 1.0 0.708 1.0 1.0 0.763 1.0 0.71 1.0 1.0 0.684 1.0 0.659 1.0 1.0 0.67 1.0 0.734 1.0 1.0 1.034 1.0 1.0 1.0 1.0 1.032 1.0 1.0 1.0 1.0 0.958 1.0 1.0 1.0 1.0 0.64 1.0 1.0 1.0 1.0 1.0 1.0 1.0 1.0 1.0 1.0 1.0 1.0 1.0 1.0 1.0 1.0 1.0 1.0 1.0 1.0 1.0 1.0 1.0 1.0 1.0 1.0 1.0 1.0 1.0 1.0 1.0 1.0 1.0 1.0 1.0 1.0 1.0 1.0 1.0 1.0 1.0 1.0 1.0 1.0 1.0 1.0 1.0 1.0 1.0 1.0 1.0 1.0 1.0 1.0 1.0 1.0 1.0 1.0 1.0 1.0 1.0 1.0 1.0 1.0 1.0 1.0 1.0 1.0 1.0 1.0 1.0 1.0 1.0 1.0 1.0 1.0 1.0 1.0 1.0 1.0 1.0 1.0 1.0 1.0 1.0 1.0 1.0 1.0 1.0 1.0 1.0 1.0 1.0 1.0 1.0 1.0 1.0 1.0 1.0 1.0 1.0 1.0 1.0 1.0 1.0 1.0 1.0 1.0 1.0 1.0 1.0 1.0 1.0 1.0 1.0 1.0 1.0 1.0 1.0 1.0 1.0 1.0 1.0 1.0 1.0 1.0 1.0 1.0 1.0 1.0 1.0 1.0 1.0 1.0 1.0 1.0 1.0 1.0 1.0 1.0 1.0 1.0 1.0 1.0 1.0 1.0 0.881 1.04 1.165 0.947 0.985 1.033 1.257 1.167 0.951 1.135 0.934 1.283 0.934 1.064 1.294 0.807 1.012 0.744 0.698 0.947 1.306 1.292 1.235 1.204 1.167 0.803 0.81 0.743 0.553 0.815 0.832 1.058 1.237 1.026 0.795 1.097 0.85 0.859 0.663 1.045 0.736 0.722 1.018 1.205 0.73 1.158 1.088 1.272 0.698 1.159 0.815 1.083 1.037 0.966 1.245 0.676 0.849 0.933 0.701 0.76 1.217 0.724 1.069 1.0 1.236 0.758 1.225 1.045 1.0 1.279 0.992 0.766 1.134 1.0 0.66 0.663 1.108 1.104 1.0 1.139 0.826 0.906 0.953 1.0 1.001 1.146 0.754 0.989 1.0 0.849 0.734 1.101 0.831 1.0 0.695 1.159 1.065 0.897 1.0 0.758 1.162 1.035 1.07 1.0 0.794 1.172 1.097 1.058 1.0 0.78 0.711 0.933 0.866 1.0 0.782 0.82 1.185 0.858 1.0 1.465 0.897 0.695 1.063 1.0 1.04 0.963 1.189 0.858 1.0 0.726 0.727 0.941 1.337 1.0 0.717 0.765 0.691 0.856 1.0 1.0 0.733 0.899 1.058 1.0 1.0 0.846 1.11 1.092 1.0 1.0 1.172 1.076 1.094 1.0 1.0 1.02 0.811 0.724 1.0 1.0 0.754 0.974 0.849 1.0 1.0 0.694 0.965 1.372 1.0 1.0 1.0 0.726 1.381 1.0 1.0 1.0 1.303 1.304 1.0 1.0 1.0 0.715 0.785 1.0 1.0 1.0 0.803 1.105 1.0 1.0 1.0 0.794 0.9 1.0 1.0 1.0 0.785 0.941 1.0 1.0 1.0 0.83 1.017 1.0 1.0 1.0 0.818 0.755 1.0 1.0 1.0 0.812 0.682 1.0 1.0 1.0 1.041 0.764 1.0 1.0 1.0 0.941 0.683 1.0 1.0 1.0 0.74 0.674 1.0 1.0 1.0 0.985 0.667 1.0 1.0 1.0 0.95 0.664 1.0 1.0 1.0 0.99 0.664 1.0 1.0 1.0 0.942 1.0 1.0 1.0 1.0 0.692 1.0 1.0 1.0 1.0 0.72 1.0 1.0 1.0 1.0 1.02 1.0 1.0 1.0 1.0 0.695 1.0 1.0 1.0 1.0 0.713 1.0 1.0 1.0 1.0 0.741 1.0 1.0 1.0 1.0 0.715 1.0 1.0 1.0 1.0 0.664 1.0 1.0 1.0 1.0 0.678 1.0 1.0 1.0 1.0 0.626 1.0 1.0 1.0 1.0 1.0 1.0 1.0 1.0 1.0 1.0 1.0 1.0 1.0 1.0 1.0 1.0 1.0 1.0 1.0 1.0 1.0 1.0 1.0 1.0 1.0 1.0 1.0 1.0 1.0 1.0 1.0 1.0 1.0 1.0 1.0 1.0 1.0 1.0 1.0 1.0 1.0 1.0 1.0 1.0 1.0 1.0 1.0 1.0 1.0 1.0 1.0 1.0 1.0 1.0 1.0 1.0 1.0 1.0 1.0 1.0 1.0 1.0 1.0 1.0 1.0 1.0 1.0 1.0 1.0 1.0 1.0 1.0 1.0 1.0 1.0 1.0 1.0 1.0 1.0 1.0 1.0 1.0 1.0 1.177 1.18 0.979 1.114 0.849 0.963 1.26 1.253 1.171 1.225 1.284 1.023 0.926 1.21 1.234 0.826 0.891 0.939 0.741 0.836 1.037 1.157 1.137 0.879 1.026 0.846 1.202 0.888 1.254 0.782 1.153 0.519 1.089 0.742 1.201 0.874 1.164 0.721 1.048 1.058 1.134 1.258 1.311 1.07 1.155 1.072 1.241 1.319 1.3 0.685 0.74 1.202 1.138 1.175 1.233 1.156 0.634 1.147 1.04 1.259 1.196 1.252 1.284 1.353 1.069 1.194 0.555 1.331 1.116 1.214 1.161 1.486 0.68 0.774 0.724 1.26 1.194 0.688 1.37 0.714 1.102 1.041 1.267 1.268 1.0 1.331 0.622 1.294 1.406 1.0 1.332 1.262 1.159 0.656 1.0 1.08 0.963 1.29 1.32 1.0 1.052 0.717 1.331 0.67 1.0 0.937 1.249 0.989 1.134 1.0 0.914 0.963 0.899 1.059 1.0 1.03 1.431 1.465 0.761 1.0 1.019 1.42 0.828 1.175 1.0 1.275 1.003 0.75 1.068 1.0 1.229 1.43 1.311 0.963 1.0 1.182 0.75 0.768 0.7 1.0 0.981 1.456 1.287 0.833 1.0 1.308 0.575 1.239 0.702 1.0 1.279 0.732 1.224 0.815 1.0 0.671 1.066 0.954 0.984 1.0 0.684 1.302 1.259 0.755 1.0 0.698 1.289 0.759 1.0 1.0 0.718 0.623 0.81 1.0 1.0 0.727 0.688 1.0 1.0 1.0 0.711 0.746 1.0 1.0 1.0 0.698 0.765 1.0 1.0 1.0 1.066 0.729 1.0 1.0 1.0 0.794 0.737 1.0 1.0 1.0 1.14 0.739 1.0 1.0 1.0 1.159 1.0 1.0 1.0 1.0 0.924 1.0 1.0 1.0 1.0 1.593 1.0 1.0 1.0 1.0 0.772 1.0 1.0 1.0 1.0 0.86 1.0 1.0 1.0 1.0 1.237 1.0 1.0 1.0 1.0 0.773 1.0 1.0 1.0 1.0 0.764 1.0 1.0 1.0 1.0 1.0 1.0 1.0 1.0 1.0 1.0 1.0 1.0 1.0 1.0 1.0 1.0 1.0 1.0 1.0 1.0 1.0 1.0 1.0 1.0 1.0 1.0 1.0 1.0 1.0 1.0 1.0 1.0 1.0 1.0 1.0 1.0 1.0 1.0 1.0 1.0 1.0 1.0 1.0 1.0 1.0 1.0 1.0 1.0 1.0 1.0 1.0 1.0 1.0 1.0 1.0 1.0 1.0 1.0 1.0 1.0 1.0 1.0 1.0 1.0 1.0 1.0 1.0 1.0 1.0 1.0 1.0 1.0 1.0 1.0 1.0 1.0 1.0 1.0 1.0 1.0 1.0 1.0 1.0 1.0 1.0 1.0 1.0 1.0 1.0 1.0 1.0 1.0 1.0 1.0 1.0 1.0 1.0 1.0 1.0 1.0 1.0 1.0 1.0 1.0 1.0 1.0 1.0 1.0 1.0 1.0 1.0 1.0 1.0 1.0 1.0 1.0 1.0 1.0 1.0 1.0 1.0 1.0 1.0 1.0 1.0 1.0 1.0 1.0 1.0 1.0 1.0 1.0 1.0 1.0 1.0 1.0 1.0 1.0 1.0 0.881 0.992 1.165 1.114 0.849 1.254 0.945 1.173 0.79 1.233 0.969 0.773 0.935 1.208 1.187 0.95 0.764 1.207 0.769 0.939 1.066 1.272 1.207 1.004 0.883 1.064 1.022 0.728 1.08 1.184 1.062 0.81 1.217 1.099 0.964 1.193 0.915 0.718 1.157 1.233 0.79 1.022 0.971 1.354 1.09 0.694 0.79 0.911 1.175 1.193 1.339 1.105 0.941 1.319 1.059 1.093 0.911 0.961 1.141 0.607 0.633 1.19 1.001 1.203 1.223 1.31 0.784 0.828 0.922 1.353 0.743 1.279 0.952 1.008 0.631 1.291 1.31 0.985 1.0 1.247 0.766 1.249 1.24 1.0 1.241 0.79 1.15 0.804 1.0 1.248 1.118 1.12 1.13 1.0 1.422 0.814 0.815 0.941 1.0 0.709 1.098 0.634 1.247 1.0 0.923 1.044 0.646 1.036 1.0 1.029 1.125 0.954 0.708 1.0 1.024 1.318 0.818 1.202 1.0 1.653 0.892 0.827 1.045 1.0 1.105 0.943 1.106 1.258 1.0 0.737 1.331 0.821 0.938 1.0 1.718 0.907 0.88 1.267 1.0 1.026 1.055 1.096 0.828 1.0 0.782 0.838 1.15 0.766 1.0 1.018 1.266 0.885 0.768 1.0 0.771 0.977 1.349 1.013 1.0 0.762 1.0 1.291 1.306 1.0 1.019 1.0 1.362 0.829 1.0 0.789 1.0 0.836 0.816 1.0 0.712 1.0 0.904 0.734 1.0 0.742 1.0 0.836 0.81 1.0 0.813 1.0 0.811 0.708 1.0 0.829 1.0 0.748 1.537 1.0 2.105 1.0 1.0 0.715 1.0 0.655 1.0 1.0 0.72 1.0 0.768 1.0 1.0 1.19 1.0 1.0 1.0 1.0 0.605 1.0 1.0 1.0 1.0 0.918 1.0 1.0 1.0 1.0 1.886 1.0 1.0 1.0 1.0 1.0 1.0 1.0 1.0 1.0 1.0 1.0 1.0 1.0 1.0 1.0 1.0 1.0 1.0 1.0 1.0 1.0 1.0 1.0 1.0 1.0 1.0 1.0 1.0 1.0 1.0 1.0 1.0 1.0 1.0 1.0 1.0 1.0 1.0 1.0 1.0 1.0 1.0 1.0 1.0 1.0 1.0 1.0 1.0 1.0 1.0 1.0 1.0 1.0 1.0 1.0 1.0 1.0 1.0 1.0 1.0 1.0 1.0 1.0 1.0 1.0 1.0 1.0 1.0 1.0 1.0 1.0 1.0 1.0 1.0 1.0 1.0 1.0 1.0 1.0 1.0 1.0 1.0 1.0 1.0 1.0 1.0 1.0 1.0 1.0 1.0 1.0 1.0 1.0 1.0 1.0 1.0 1.0 1.0 1.0 1.0 1.0 1.0 1.0 1.0 1.0 1.0 1.0 1.0 1.0 1.0 1.0 1.0 1.0 1.0 1.0 1.0 1.0 1.0 1.0 1.0 1.0 1.0 1.0 1.0 1.0 1.0 1.0 1.0 1.0 1.0 1.0 1.0 1.0 1.0 1.0 1.0 1.0 1.0 1.0 1.0 1.0 1.0 1.0 1.0 1.0 1.0 1.0 1.0 1.0 1.0 1.0 1.0 1.0 1.0 1.0 1.0 1.0,2.1046033,1.1046033,0.5180862,0.3,0.6036707758903503,0.0003,5,4.51583
53,0.21368393301963806,0.99502313,1.018 1.039 0.933 0.98 0.931 0.955 1.251 1.181 0.787 0.784 1.04 1.278 0.933 1.192 0.997 1.292 0.751 0.715 0.908 0.793 1.01 1.111 0.905 1.275 1.052 1.001 0.748 1.251 1.035 1.083 1.061 0.75 1.078 0.787 1.143 0.932 0.866 1.264 1.223 1.175 1.12 1.113 0.91 0.596 0.68 0.865 0.736 1.132 1.222 1.005 1.224 0.733 1.143 1.237 0.758 0.887 1.015 1.141 1.194 1.06 0.827 0.912 0.739 1.22 1.0 1.178 1.128 0.674 0.672 1.0 1.16 1.128 1.061 1.2 1.0 1.301 1.422 1.11 1.121 1.0 1.319 0.912 1.398 1.066 1.0 1.24 0.889 1.171 0.658 1.0 1.047 0.681 1.052 1.07 1.0 1.025 0.88 0.758 0.726 1.0 1.301 0.676 0.762 1.179 1.0 0.966 1.015 1.0 0.724 1.0 0.706 0.803 1.0 0.782 1.0 0.696 1.089 1.0 0.811 1.0 0.71 1.001 1.0 0.839 1.0 0.994 1.008 1.0 0.699 1.0 0.707 1.169 1.0 0.69 1.0 0.949 0.834 1.0 1.122 1.0 1.171 1.008 1.0 1.11 1.0 0.678 0.687 1.0 0.923 1.0 0.683 1.108 1.0 0.769 1.0 1.067 1.028 1.0 1.04 1.0 1.748 1.001 1.0 0.887 1.0 1.0 0.93 1.0 0.982 1.0 1.0 0.93 1.0 0.802 1.0 1.0 0.932 1.0 1.088 1.0 1.0 0.707 1.0 0.878 1.0 1.0 0.726 1.0 0.775 1.0 1.0 0.957 1.0 1.0 1.0 1.0 1.97 1.0 1.0 1.0 1.0 0.768 1.0 1.0 1.0 1.0 0.725 1.0 1.0 1.0 1.0 0.728 1.0 1.0 1.0 1.0 0.734 1.0 1.0 1.0 1.0 0.684 1.0 1.0 1.0 1.0 0.82 1.0 1.0 1.0 1.0 1.0 1.0 1.0 1.0 1.0 1.0 1.0 1.0 1.0 1.0 1.0 1.0 1.0 1.0 1.0 1.0 1.0 1.0 1.0 1.0 1.0 1.0 1.0 1.0 1.0 1.0 1.0 1.0 1.0 1.0 1.0 1.0 1.0 1.0 1.0 1.0 1.0 1.0 1.0 1.0 1.0 1.0 1.0 1.0 1.0 1.0 1.0 1.0 1.0 1.0 1.0 1.0 1.0 1.0 1.0 1.0 1.0 1.0 1.0 1.0 1.0 1.0 1.0 1.0 1.0 1.0 1.0 1.0 1.0 1.0 1.0 1.0 1.0 1.0 1.0 1.0 1.0 1.0 1.0 1.0 1.0 1.0 1.0 1.0 1.0 1.0 1.0 1.0 1.0 1.0 1.0 1.0 1.0 1.0 1.0 1.0 1.0 1.0 1.0 1.0 1.0 1.0 1.0 1.0 1.0 1.0 1.0 1.0 1.0 1.0 1.0 1.0 1.0 1.0 1.0 1.0 1.0 1.0 1.0 1.0 1.0 1.0 1.0 1.0 1.0 1.0 1.0 1.0 1.0 1.0 1.0 1.0 1.0 1.0 1.0 1.0 1.0 1.0 1.0 1.0 1.0 1.0 1.0 1.0 1.0 1.0 1.0 1.0 1.0 0.965 0.972 1.119 0.98 0.931 1.257 0.947 0.943 0.799 0.92 0.979 1.044 0.949 0.781 1.159 1.065 0.774 0.911 0.772 0.975 0.963 1.037 0.952 0.852 0.73 1.177 0.834 1.197 1.072 0.634 0.743 1.249 0.913 1.177 0.724 1.196 1.135 1.066 1.291 0.721 0.723 0.749 1.213 0.513 1.198 0.757 0.91 1.165 0.671 1.214 0.745 0.751 0.717 0.725 0.652 1.215 0.757 0.729 1.281 0.656 1.016 1.043 1.138 0.55 1.007 1.036 1.118 1.125 0.681 1.127 0.936 1.016 1.056 1.241 0.663 1.052 1.098 1.075 0.569 1.149 0.973 1.064 0.695 0.591 0.685 1.0 1.156 1.145 0.954 0.781 1.0 0.987 0.697 0.656 1.166 1.0 0.996 1.428 0.904 0.919 1.0 0.757 0.617 0.667 0.711 1.0 0.781 0.851 0.842 1.0 1.0 1.17 0.855 0.877 1.0 1.0 0.781 0.772 0.864 1.0 1.0 1.16 0.729 0.83 1.0 1.0 1.085 0.667 0.654 1.0 1.0 1.233 0.657 1.172 1.0 1.0 0.851 0.725 0.758 1.0 1.0 0.784 1.177 0.785 1.0 1.0 0.837 0.835 1.0 1.0 1.0 1.248 0.619 1.0 1.0 1.0 0.757 0.684 1.0 1.0 1.0 0.711 0.599 1.0 1.0 1.0 1.052 1.788 1.0 1.0 1.0 0.677 1.0 1.0 1.0 1.0 0.671 1.0 1.0 1.0 1.0 1.034 1.0 1.0 1.0 1.0 0.878 1.0 1.0 1.0 1.0 0.819 1.0 1.0 1.0 1.0 0.825 1.0 1.0 1.0 1.0 0.961 1.0 1.0 1.0 1.0 0.7 1.0 1.0 1.0 1.0 0.835 1.0 1.0 1.0 1.0 0.79 1.0 1.0 1.0 1.0 1.164 1.0 1.0 1.0 1.0 0.64 1.0 1.0 1.0 1.0 1.934 1.0 1.0 1.0 1.0 1.651 1.0 1.0 1.0 1.0 0.731 1.0 1.0 1.0 1.0 1.0 1.0 1.0 1.0 1.0 1.0 1.0 1.0 1.0 1.0 1.0 1.0 1.0 1.0 1.0 1.0 1.0 1.0 1.0 1.0 1.0 1.0 1.0 1.0 1.0 1.0 1.0 1.0 1.0 1.0 1.0 1.0 1.0 1.0 1.0 1.0 1.0 1.0 1.0 1.0 1.0 1.0 1.0 1.0 1.0 1.0 1.0 1.0 1.0 1.0 1.0 1.0 1.0 1.0 1.0 1.0 1.0 1.0 1.0 1.0 1.0 1.0 1.0 1.0 1.0 1.0 1.0 1.0 1.0 1.0 1.0 1.0 1.0 1.0 1.0 1.0 1.0 1.0 1.0 1.0 1.0 1.0 1.0 1.0 1.0 1.0 1.0 1.0 1.0 1.0 1.0 1.0 1.0 1.0 1.0 1.0 1.0 1.0 1.0 1.0 1.0 1.0 1.0 1.0 1.0 1.0 1.0 1.0 1.0 1.0 1.0 1.0 1.0 1.0 1.0 1.0 1.0 1.0 1.0 1.0 1.0 1.0 1.0 1.0 1.0 1.0 1.0 1.0 1.0 1.0 1.0 1.0 1.0 1.0 1.179 1.039 0.838 1.115 0.848 0.967 0.944 1.177 0.956 0.787 1.288 1.305 0.928 1.189 1.23 0.954 1.021 1.282 1.207 0.867 1.272 1.083 1.279 0.909 0.843 1.031 0.971 0.903 1.227 1.222 1.196 0.897 1.032 0.72 0.673 0.993 0.919 1.016 0.874 1.245 1.015 1.027 1.087 1.251 0.554 1.035 1.109 1.059 0.896 1.125 0.907 1.147 1.222 1.135 1.14 0.797 0.627 1.07 1.096 0.565 0.945 1.277 1.157 0.703 0.68 1.036 1.196 0.667 1.226 0.956 1.224 1.274 0.876 1.276 0.763 0.889 1.044 0.755 1.123 0.775 1.171 1.065 0.905 1.263 1.08 0.653 1.015 0.852 1.275 0.942 0.759 0.582 0.853 0.655 1.083 1.089 0.603 0.759 0.847 1.373 0.747 0.68 1.448 1.202 0.753 1.004 0.952 1.0 0.981 0.921 0.748 0.669 1.0 0.682 0.695 0.92 0.693 1.0 1.219 1.0 0.701 1.375 1.0 1.541 1.0 0.703 0.697 1.0 0.794 1.0 0.688 1.376 1.0 1.04 1.0 0.744 1.011 1.0 0.772 1.0 0.914 0.84 1.0 1.075 1.0 1.088 1.232 1.0 0.819 1.0 0.889 0.84 1.0 0.727 1.0 1.055 0.731 1.0 1.0 1.0 0.78 0.803 1.0 1.0 1.0 0.932 0.739 1.0 1.0 1.0 1.084 0.69 1.0 1.0 1.0 0.972 0.707 1.0 1.0 1.0 0.9 0.724 1.0 1.0 1.0 1.038 0.96 1.0 1.0 1.0 0.99 1.0 1.0 1.0 1.0 0.915 1.0 1.0 1.0 1.0 0.821 1.0 1.0 1.0 1.0 0.785 1.0 1.0 1.0 1.0 0.754 1.0 1.0 1.0 1.0 0.748 1.0 1.0 1.0 1.0 1.3 1.0 1.0 1.0 1.0 1.317 1.0 1.0 1.0 1.0 1.453 1.0 1.0 1.0 1.0 1.041 1.0 1.0 1.0 1.0 0.759 1.0 1.0 1.0 1.0 0.741 1.0 1.0 1.0 1.0 1.692 1.0 1.0 1.0 1.0 0.564 1.0 1.0 1.0 1.0 1.0 1.0 1.0 1.0 1.0 1.0 1.0 1.0 1.0 1.0 1.0 1.0 1.0 1.0 1.0 1.0 1.0 1.0 1.0 1.0 1.0 1.0 1.0 1.0 1.0 1.0 1.0 1.0 1.0 1.0 1.0 1.0 1.0 1.0 1.0 1.0 1.0 1.0 1.0 1.0 1.0 1.0 1.0 1.0 1.0 1.0 1.0 1.0 1.0 1.0 1.0 1.0 1.0 1.0 1.0 1.0 1.0 1.0 1.0 1.0 1.0 1.0 1.0 1.0 1.0 1.0 1.0 1.0 1.0 1.0 1.0 1.0 1.0 1.0 1.0 1.0 1.0 1.0 1.0 1.0 1.0 1.0 1.0 1.0 1.0 1.0 1.0 1.0 1.0 1.0 1.0 1.0 1.0 1.0 1.0 1.0 1.0 1.0 1.0 1.0 1.0 1.0 1.0 1.0 1.0 1.0 1.0 1.0 1.0 1.0 1.0 1.0 1.0 1.0 1.0 1.0 1.0 1.0 1.0 1.0 1.179 0.99 0.838 1.115 1.104 0.843 0.946 1.234 0.938 0.784 0.953 1.003 0.935 0.944 0.956 0.82 1.005 1.225 0.865 1.3 0.919 1.125 0.94 1.215 0.874 1.092 1.107 1.204 0.711 1.272 1.178 1.242 1.193 1.321 0.725 0.606 1.269 1.233 1.321 1.409 1.309 0.847 1.227 1.126 1.298 0.893 0.808 0.724 1.302 1.315 1.303 1.167 0.914 1.194 1.3 1.283 1.284 1.112 1.283 1.36 1.247 1.086 0.841 1.059 1.282 1.328 1.291 1.242 1.304 0.967 1.282 1.345 1.163 1.299 1.307 0.949 1.295 1.195 1.301 0.742 1.368 0.629 1.278 0.889 1.31 1.29 1.324 0.8 1.309 0.774 0.633 1.288 1.198 0.764 1.142 1.054 1.225 1.122 0.719 1.28 1.377 0.713 1.252 1.111 1.287 0.922 1.031 1.143 0.744 0.773 1.347 1.37 1.148 0.802 1.291 1.228 0.844 1.042 1.329 0.841 1.223 0.861 0.951 1.365 0.798 0.974 1.37 0.974 0.823 0.786 1.486 0.822 0.958 1.186 1.395 1.144 0.869 1.008 0.931 1.313 0.838 1.436 0.944 0.666 0.733 0.664 1.0 0.923 0.662 1.0 0.682 1.0 0.859 1.0 1.0 0.722 1.0 0.779 1.0 1.0 0.755 1.0 1.135 1.0 1.0 1.158 1.0 1.162 1.0 1.0 1.971 1.0 1.404 1.0 1.0 0.712 1.0 0.937 1.0 1.0 1.977 1.0 0.752 1.0 1.0 0.773 1.0 0.738 1.0 1.0 0.791 1.0 0.732 1.0 1.0 0.783 1.0 0.727 1.0 1.0 1.0 1.0 0.719 1.0 1.0 1.0 1.0 1.472 1.0 1.0 1.0 1.0 1.332 1.0 1.0 1.0 1.0 1.136 1.0 1.0 1.0 1.0 1.008 1.0 1.0 1.0 1.0 0.999 1.0 1.0 1.0 1.0 0.927 1.0 1.0 1.0 1.0 1.09 1.0 1.0 1.0 1.0 1.235 1.0 1.0 1.0 1.0 1.253 1.0 1.0 1.0 1.0 0.881 1.0 1.0 1.0 1.0 0.772 1.0 1.0 1.0 1.0 0.73 1.0 1.0 1.0 1.0 1.065 1.0 1.0 1.0 1.0 0.903 1.0 1.0 1.0 1.0 0.979 1.0 1.0 1.0 1.0 1.091 1.0 1.0 1.0 1.0 1.105 1.0 1.0 1.0 1.0 0.632 1.0 1.0 1.0 1.0 0.886 1.0 1.0 1.0 1.0 1.105 1.0 1.0 1.0 1.0 1.257 1.0 1.0 1.0 1.0 0.656 1.0 1.0 1.0 1.0 0.688 1.0 1.0 1.0 1.0 0.722 1.0 1.0 1.0 1.0 0.697 1.0 1.0 1.0 1.0 0.994 1.0 1.0 1.0 1.0 0.678 1.0 1.0 1.0 1.0 1.124 1.0 1.0 1.0 1.0 0.747 1.0 1.0 1.0 1.0 1.255 1.0 1.0 1.0 1.0 0.642 1.0 1.0 1.0 1.0 0.826 1.0 1.0 1.0 1.0 0.656 1.0 1.0 1.0 1.0 0.694 1.0 1.0 1.0 1.0 0.651 1.0 1.0 0.981 1.182 0.933 1.143 0.986 1.263 0.944 1.235 0.788 1.145 0.833 1.013 0.946 0.766 1.296 0.943 1.108 1.216 0.827 0.923 0.9 1.083 0.732 0.914 0.993 1.091 1.173 0.849 1.206 0.819 1.017 0.747 0.852 1.299 0.948 0.836 1.194 1.105 1.234 1.264 0.862 1.194 1.264 1.289 0.716 1.296 1.276 1.148 1.184 1.344 1.321 0.743 1.206 0.653 1.162 1.111 1.035 1.224 1.22 1.366 1.269 1.174 0.665 1.443 0.687 0.884 1.215 1.307 1.353 1.077 0.915 1.349 0.907 1.047 1.387 0.932 1.222 0.89 1.492 1.17 1.23 1.32 1.247 0.632 0.987 1.045 1.0 1.412 1.357 1.221 0.829 1.0 0.966 1.233 0.728 0.931 1.0 0.915 0.867 0.734 0.782 1.0 0.764 0.713 1.224 1.14 1.0 0.705 1.02 0.776 1.091 1.0 0.874 1.618 1.056 1.128 1.0 0.979 0.712 1.054 0.966 1.0 0.852 0.74 1.204 0.776 1.0 0.912 0.7 0.714 1.214 1.0 0.893 1.243 0.759 0.973 1.0 0.988 0.981 0.767 1.006 1.0 0.731 0.972 0.964 1.001 1.0 0.868 0.735 0.97 1.161 1.0 0.887 0.944 0.683 0.864 1.0 0.924 0.971 1.0 1.131 1.0 0.707 0.942 1.0 0.974 1.0 0.789 0.911 1.0 0.78 1.0 0.858 0.822 1.0 0.811 1.0 1.0 1.221 1.0 0.786 1.0 1.0 0.846 1.0 0.755 1.0 1.0 0.893 1.0 0.76 1.0 1.0 1.453 1.0 1.033 1.0 1.0 1.44 1.0 0.705 1.0 1.0 0.762 1.0 0.707 1.0 1.0 0.682 1.0 0.657 1.0 1.0 0.668 1.0 0.732 1.0 1.0 1.022 1.0 1.0 1.0 1.0 1.019 1.0 1.0 1.0 1.0 0.954 1.0 1.0 1.0 1.0 0.636 1.0 1.0 1.0 1.0 1.0 1.0 1.0 1.0 1.0 1.0 1.0 1.0 1.0 1.0 1.0 1.0 1.0 1.0 1.0 1.0 1.0 1.0 1.0 1.0 1.0 1.0 1.0 1.0 1.0 1.0 1.0 1.0 1.0 1.0 1.0 1.0 1.0 1.0 1.0 1.0 1.0 1.0 1.0 1.0 1.0 1.0 1.0 1.0 1.0 1.0 1.0 1.0 1.0 1.0 1.0 1.0 1.0 1.0 1.0 1.0 1.0 1.0 1.0 1.0 1.0 1.0 1.0 1.0 1.0 1.0 1.0 1.0 1.0 1.0 1.0 1.0 1.0 1.0 1.0 1.0 1.0 1.0 1.0 1.0 1.0 1.0 1.0 1.0 1.0 1.0 1.0 1.0 1.0 1.0 1.0 1.0 1.0 1.0 1.0 1.0 1.0 1.0 1.0 1.0 1.0 1.0 1.0 1.0 1.0 1.0 1.0 1.0 1.0 1.0 1.0 1.0 1.0 1.0 1.0 1.0 1.0 1.0 1.0 1.0 1.0 1.0 1.0 1.0 1.0 1.0 1.0 1.0 1.0 1.0 1.0 1.0 1.0 1.0 1.0 1.0 1.0 1.0 1.0 1.0 1.0 1.0 0.881 1.039 1.167 0.944 0.986 1.03 1.26 1.168 0.947 1.135 0.937 1.287 0.929 1.061 1.297 0.809 1.006 0.744 0.694 0.942 1.31 1.296 1.237 1.215 1.166 0.805 0.811 0.744 0.548 0.817 0.834 1.054 1.238 1.022 0.795 1.09 0.853 0.86 0.665 1.041 0.737 0.723 1.014 1.207 0.729 1.151 1.084 1.274 0.701 1.17 0.809 1.081 1.034 0.966 1.258 0.676 0.852 0.939 0.704 0.756 1.211 0.724 1.077 1.0 1.229 0.757 1.225 1.051 1.0 1.29 0.986 0.767 1.134 1.0 0.661 0.657 1.102 1.104 1.0 1.138 0.824 0.909 0.954 1.0 1.001 1.142 0.75 0.987 1.0 0.848 0.733 1.096 0.832 1.0 0.694 1.156 1.059 0.892 1.0 0.758 1.16 1.038 1.073 1.0 0.792 1.169 1.101 1.057 1.0 0.777 0.708 0.938 0.86 1.0 0.781 0.819 1.19 0.854 1.0 1.47 0.898 0.691 1.062 1.0 1.039 0.963 1.183 0.853 1.0 0.727 0.723 0.939 1.338 1.0 0.714 0.763 0.688 0.852 1.0 1.0 0.727 0.895 1.057 1.0 1.0 0.842 1.116 1.095 1.0 1.0 1.168 1.077 1.097 1.0 1.0 1.02 0.809 0.724 1.0 1.0 0.748 0.971 0.844 1.0 1.0 0.691 0.962 1.373 1.0 1.0 1.0 0.725 1.383 1.0 1.0 1.0 1.304 1.306 1.0 1.0 1.0 0.715 0.784 1.0 1.0 1.0 0.8 1.107 1.0 1.0 1.0 0.791 0.9 1.0 1.0 1.0 0.782 0.938 1.0 1.0 1.0 0.827 1.019 1.0 1.0 1.0 0.813 0.75 1.0 1.0 1.0 0.807 0.682 1.0 1.0 1.0 1.042 0.759 1.0 1.0 1.0 0.941 0.685 1.0 1.0 1.0 0.734 0.677 1.0 1.0 1.0 0.989 0.664 1.0 1.0 1.0 0.949 0.661 1.0 1.0 1.0 0.994 0.659 1.0 1.0 1.0 0.934 1.0 1.0 1.0 1.0 0.689 1.0 1.0 1.0 1.0 0.716 1.0 1.0 1.0 1.0 1.012 1.0 1.0 1.0 1.0 0.692 1.0 1.0 1.0 1.0 0.71 1.0 1.0 1.0 1.0 0.738 1.0 1.0 1.0 1.0 0.713 1.0 1.0 1.0 1.0 0.664 1.0 1.0 1.0 1.0 0.676 1.0 1.0 1.0 1.0 0.626 1.0 1.0 1.0 1.0 1.0 1.0 1.0 1.0 1.0 1.0 1.0 1.0 1.0 1.0 1.0 1.0 1.0 1.0 1.0 1.0 1.0 1.0 1.0 1.0 1.0 1.0 1.0 1.0 1.0 1.0 1.0 1.0 1.0 1.0 1.0 1.0 1.0 1.0 1.0 1.0 1.0 1.0 1.0 1.0 1.0 1.0 1.0 1.0 1.0 1.0 1.0 1.0 1.0 1.0 1.0 1.0 1.0 1.0 1.0 1.0 1.0 1.0 1.0 1.0 1.0 1.0 1.0 1.0 1.0 1.0 1.0 1.0 1.0 1.0 1.0 1.0 1.0 1.0 1.0 1.0 1.0 1.0 1.0 1.179 1.182 0.98 1.115 0.848 0.966 1.263 1.255 1.172 1.226 1.287 1.019 0.921 1.211 1.236 0.827 0.894 0.94 0.741 0.837 1.032 1.167 1.139 0.88 1.028 0.848 1.195 0.889 1.255 0.783 1.156 0.513 1.097 0.743 1.212 0.876 1.156 0.717 1.044 1.053 1.143 1.254 1.325 1.079 1.155 1.065 1.242 1.332 1.298 0.688 0.739 1.209 1.137 1.17 1.233 1.152 0.634 1.155 1.038 1.257 1.209 1.251 1.284 1.351 1.068 1.207 0.55 1.332 1.123 1.216 1.158 1.482 0.679 0.776 0.728 1.256 1.194 0.688 1.368 0.718 1.099 1.044 1.266 1.27 1.0 1.327 0.622 1.293 1.407 1.0 1.329 1.263 1.162 0.655 1.0 1.079 0.97 1.289 1.321 1.0 1.058 0.713 1.33 0.668 1.0 0.941 1.25 0.992 1.136 1.0 0.91 0.968 0.899 1.058 1.0 1.037 1.428 1.466 0.758 1.0 1.023 1.418 0.827 1.17 1.0 1.273 1.006 0.75 1.068 1.0 1.228 1.427 1.304 0.966 1.0 1.178 0.753 0.768 0.701 1.0 0.983 1.455 1.285 0.835 1.0 1.311 0.573 1.237 0.699 1.0 1.28 0.735 1.225 0.816 1.0 0.671 1.068 0.951 0.982 1.0 0.684 1.303 1.255 0.756 1.0 0.699 1.284 0.759 1.0 1.0 0.718 0.621 0.811 1.0 1.0 0.721 0.688 1.0 1.0 1.0 0.704 0.742 1.0 1.0 1.0 0.69 0.761 1.0 1.0 1.0 1.072 0.727 1.0 1.0 1.0 0.787 0.735 1.0 1.0 1.0 1.149 0.736 1.0 1.0 1.0 1.167 1.0 1.0 1.0 1.0 0.924 1.0 1.0 1.0 1.0 1.594 1.0 1.0 1.0 1.0 0.769 1.0 1.0 1.0 1.0 0.86 1.0 1.0 1.0 1.0 1.234 1.0 1.0 1.0 1.0 0.77 1.0 1.0 1.0 1.0 0.761 1.0 1.0 1.0 1.0 1.0 1.0 1.0 1.0 1.0 1.0 1.0 1.0 1.0 1.0 1.0 1.0 1.0 1.0 1.0 1.0 1.0 1.0 1.0 1.0 1.0 1.0 1.0 1.0 1.0 1.0 1.0 1.0 1.0 1.0 1.0 1.0 1.0 1.0 1.0 1.0 1.0 1.0 1.0 1.0 1.0 1.0 1.0 1.0 1.0 1.0 1.0 1.0 1.0 1.0 1.0 1.0 1.0 1.0 1.0 1.0 1.0 1.0 1.0 1.0 1.0 1.0 1.0 1.0 1.0 1.0 1.0 1.0 1.0 1.0 1.0 1.0 1.0 1.0 1.0 1.0 1.0 1.0 1.0 1.0 1.0 1.0 1.0 1.0 1.0 1.0 1.0 1.0 1.0 1.0 1.0 1.0 1.0 1.0 1.0 1.0 1.0 1.0 1.0 1.0 1.0 1.0 1.0 1.0 1.0 1.0 1.0 1.0 1.0 1.0 1.0 1.0 1.0 1.0 1.0 1.0 1.0 1.0 1.0 1.0 1.0 1.0 1.0 1.0 1.0 1.0 1.0 1.0 1.0 1.0 1.0 1.0 1.0 1.0 1.0 0.881 0.99 1.167 1.115 0.848 1.257 0.948 1.175 0.79 1.235 0.963 0.773 0.937 1.209 1.188 0.954 0.764 1.208 0.77 0.941 1.058 1.275 1.208 0.999 0.886 1.057 1.017 0.728 1.075 1.18 1.055 0.812 1.218 1.098 0.968 1.19 0.919 0.718 1.155 1.23 0.788 1.028 0.966 1.356 1.087 0.689 0.787 0.913 1.176 1.203 1.353 1.097 0.944 1.322 1.054 1.087 0.91 0.957 1.145 0.602 0.627 1.187 0.997 1.211 1.232 1.324 0.785 0.828 0.92 1.353 0.744 1.292 0.958 1.007 0.63 1.304 1.323 0.981 1.0 1.249 0.768 1.262 1.253 1.0 1.239 0.791 1.147 0.803 1.0 1.247 1.114 1.121 1.128 1.0 1.427 0.816 0.817 0.938 1.0 0.707 1.104 0.63 1.257 1.0 0.921 1.047 0.643 1.037 1.0 1.026 1.124 0.953 0.707 1.0 1.021 1.322 0.82 1.2 1.0 1.664 0.895 0.829 1.044 1.0 1.101 0.943 1.109 1.254 1.0 0.737 1.335 0.823 0.942 1.0 1.731 0.906 0.882 1.262 1.0 1.021 1.054 1.094 0.828 1.0 0.775 0.84 1.144 0.767 1.0 1.012 1.26 0.883 0.768 1.0 0.773 0.975 1.353 1.011 1.0 0.754 1.0 1.286 1.306 1.0 1.012 1.0 1.358 0.828 1.0 0.782 1.0 0.833 0.816 1.0 0.711 1.0 0.902 0.734 1.0 0.738 1.0 0.836 0.81 1.0 0.807 1.0 0.811 0.71 1.0 0.82 1.0 0.747 1.536 1.0 2.128 1.0 1.0 0.715 1.0 0.65 1.0 1.0 0.72 1.0 0.758 1.0 1.0 1.18 1.0 1.0 1.0 1.0 0.606 1.0 1.0 1.0 1.0 0.913 1.0 1.0 1.0 1.0 1.901 1.0 1.0 1.0 1.0 1.0 1.0 1.0 1.0 1.0 1.0 1.0 1.0 1.0 1.0 1.0 1.0 1.0 1.0 1.0 1.0 1.0 1.0 1.0 1.0 1.0 1.0 1.0 1.0 1.0 1.0 1.0 1.0 1.0 1.0 1.0 1.0 1.0 1.0 1.0 1.0 1.0 1.0 1.0 1.0 1.0 1.0 1.0 1.0 1.0 1.0 1.0 1.0 1.0 1.0 1.0 1.0 1.0 1.0 1.0 1.0 1.0 1.0 1.0 1.0 1.0 1.0 1.0 1.0 1.0 1.0 1.0 1.0 1.0 1.0 1.0 1.0 1.0 1.0 1.0 1.0 1.0 1.0 1.0 1.0 1.0 1.0 1.0 1.0 1.0 1.0 1.0 1.0 1.0 1.0 1.0 1.0 1.0 1.0 1.0 1.0 1.0 1.0 1.0 1.0 1.0 1.0 1.0 1.0 1.0 1.0 1.0 1.0 1.0 1.0 1.0 1.0 1.0 1.0 1.0 1.0 1.0 1.0 1.0 1.0 1.0 1.0 1.0 1.0 1.0 1.0 1.0 1.0 1.0 1.0 1.0 1.0 1.0 1.0 1.0 1.0 1.0 1.0 1.0 1.0 1.0 1.0 1.0 1.0 1.0 1.0 1.0 1.0 1.0 1.0 1.0 1.0 1.0,2.1275184,1.1275184,0.5129775,0.3,0.604522705078125,0.0003,5,4.5943737
54,0.2150733321905136,0.994901,1.017 1.038 0.93 0.982 0.928 0.957 1.255 1.183 0.787 0.783 1.037 1.283 0.935 1.193 0.993 1.297 0.751 0.715 0.91 0.791 1.004 1.108 0.906 1.277 1.051 0.995 0.747 1.256 1.031 1.081 1.057 0.749 1.074 0.787 1.141 0.934 0.869 1.264 1.233 1.173 1.115 1.111 0.908 0.592 0.68 0.863 0.735 1.127 1.219 1.006 1.22 0.733 1.139 1.236 0.763 0.891 1.009 1.137 1.202 1.062 0.831 0.916 0.742 1.217 1.0 1.177 1.126 0.676 0.668 1.0 1.165 1.126 1.062 1.196 1.0 1.3 1.429 1.106 1.119 1.0 1.32 0.913 1.398 1.066 1.0 1.239 0.888 1.166 0.657 1.0 1.044 0.681 1.05 1.07 1.0 1.027 0.879 0.76 0.724 1.0 1.303 0.676 0.76 1.175 1.0 0.966 1.008 1.0 0.723 1.0 0.708 0.802 1.0 0.782 1.0 0.698 1.091 1.0 0.811 1.0 0.71 1.005 1.0 0.839 1.0 0.993 1.013 1.0 0.697 1.0 0.709 1.167 1.0 0.689 1.0 0.947 0.828 1.0 1.124 1.0 1.168 1.011 1.0 1.107 1.0 0.678 0.684 1.0 0.922 1.0 0.683 1.102 1.0 0.767 1.0 1.064 1.021 1.0 1.041 1.0 1.756 0.993 1.0 0.886 1.0 1.0 0.931 1.0 0.983 1.0 1.0 0.929 1.0 0.802 1.0 1.0 0.932 1.0 1.083 1.0 1.0 0.701 1.0 0.875 1.0 1.0 0.723 1.0 0.773 1.0 1.0 0.948 1.0 1.0 1.0 1.0 1.991 1.0 1.0 1.0 1.0 0.763 1.0 1.0 1.0 1.0 0.722 1.0 1.0 1.0 1.0 0.724 1.0 1.0 1.0 1.0 0.73 1.0 1.0 1.0 1.0 0.68 1.0 1.0 1.0 1.0 0.819 1.0 1.0 1.0 1.0 1.0 1.0 1.0 1.0 1.0 1.0 1.0 1.0 1.0 1.0 1.0 1.0 1.0 1.0 1.0 1.0 1.0 1.0 1.0 1.0 1.0 1.0 1.0 1.0 1.0 1.0 1.0 1.0 1.0 1.0 1.0 1.0 1.0 1.0 1.0 1.0 1.0 1.0 1.0 1.0 1.0 1.0 1.0 1.0 1.0 1.0 1.0 1.0 1.0 1.0 1.0 1.0 1.0 1.0 1.0 1.0 1.0 1.0 1.0 1.0 1.0 1.0 1.0 1.0 1.0 1.0 1.0 1.0 1.0 1.0 1.0 1.0 1.0 1.0 1.0 1.0 1.0 1.0 1.0 1.0 1.0 1.0 1.0 1.0 1.0 1.0 1.0 1.0 1.0 1.0 1.0 1.0 1.0 1.0 1.0 1.0 1.0 1.0 1.0 1.0 1.0 1.0 1.0 1.0 1.0 1.0 1.0 1.0 1.0 1.0 1.0 1.0 1.0 1.0 1.0 1.0 1.0 1.0 1.0 1.0 1.0 1.0 1.0 1.0 1.0 1.0 1.0 1.0 1.0 1.0 1.0 1.0 1.0 1.0 1.0 1.0 1.0 1.0 1.0 1.0 1.0 1.0 1.0 1.0 1.0 1.0 1.0 1.0 1.0 0.961 0.974 1.12 0.982 0.928 1.261 0.95 0.944 0.798 0.916 0.973 1.041 0.944 0.78 1.157 1.059 0.774 0.912 0.772 0.977 0.957 1.032 0.947 0.853 0.727 1.176 0.836 1.195 1.067 0.63 0.743 1.257 0.915 1.184 0.724 1.193 1.14 1.062 1.292 0.724 0.727 0.749 1.212 0.509 1.196 0.758 0.909 1.172 0.672 1.213 0.749 0.752 0.716 0.728 0.654 1.214 0.757 0.724 1.276 0.658 1.011 1.048 1.134 0.547 1.007 1.036 1.113 1.126 0.682 1.126 0.934 1.013 1.053 1.242 0.663 1.053 1.104 1.076 0.568 1.149 0.971 1.069 0.697 0.59 0.686 1.0 1.151 1.146 0.948 0.781 1.0 0.983 0.698 0.658 1.161 1.0 0.992 1.431 0.901 0.912 1.0 0.754 0.618 0.669 0.714 1.0 0.778 0.843 0.839 1.0 1.0 1.176 0.851 0.873 1.0 1.0 0.778 0.77 0.86 1.0 1.0 1.161 0.729 0.827 1.0 1.0 1.089 0.666 0.655 1.0 1.0 1.236 0.659 1.162 1.0 1.0 0.847 0.721 0.757 1.0 1.0 0.778 1.165 0.781 1.0 1.0 0.831 0.827 1.0 1.0 1.0 1.249 0.618 1.0 1.0 1.0 0.758 0.68 1.0 1.0 1.0 0.711 0.598 1.0 1.0 1.0 1.051 1.791 1.0 1.0 1.0 0.677 1.0 1.0 1.0 1.0 0.671 1.0 1.0 1.0 1.0 1.033 1.0 1.0 1.0 1.0 0.872 1.0 1.0 1.0 1.0 0.814 1.0 1.0 1.0 1.0 0.82 1.0 1.0 1.0 1.0 0.961 1.0 1.0 1.0 1.0 0.698 1.0 1.0 1.0 1.0 0.832 1.0 1.0 1.0 1.0 0.788 1.0 1.0 1.0 1.0 1.154 1.0 1.0 1.0 1.0 0.639 1.0 1.0 1.0 1.0 1.954 1.0 1.0 1.0 1.0 1.654 1.0 1.0 1.0 1.0 0.734 1.0 1.0 1.0 1.0 1.0 1.0 1.0 1.0 1.0 1.0 1.0 1.0 1.0 1.0 1.0 1.0 1.0 1.0 1.0 1.0 1.0 1.0 1.0 1.0 1.0 1.0 1.0 1.0 1.0 1.0 1.0 1.0 1.0 1.0 1.0 1.0 1.0 1.0 1.0 1.0 1.0 1.0 1.0 1.0 1.0 1.0 1.0 1.0 1.0 1.0 1.0 1.0 1.0 1.0 1.0 1.0 1.0 1.0 1.0 1.0 1.0 1.0 1.0 1.0 1.0 1.0 1.0 1.0 1.0 1.0 1.0 1.0 1.0 1.0 1.0 1.0 1.0 1.0 1.0 1.0 1.0 1.0 1.0 1.0 1.0 1.0 1.0 1.0 1.0 1.0 1.0 1.0 1.0 1.0 1.0 1.0 1.0 1.0 1.0 1.0 1.0 1.0 1.0 1.0 1.0 1.0 1.0 1.0 1.0 1.0 1.0 1.0 1.0 1.0 1.0 1.0 1.0 1.0 1.0 1.0 1.0 1.0 1.0 1.0 1.0 1.0 1.0 1.0 1.0 1.0 1.0 1.0 1.0 1.0 1.0 1.0 1.0 1.0 1.182 1.038 0.837 1.116 0.848 0.971 0.947 1.179 0.957 0.786 1.293 1.31 0.93 1.19 1.233 0.958 1.016 1.285 1.207 0.868 1.277 1.08 1.281 0.911 0.844 1.037 0.977 0.905 1.228 1.219 1.201 0.901 1.027 0.719 0.67 0.998 0.921 1.011 0.875 1.243 1.009 1.022 1.086 1.255 0.55 1.029 1.103 1.057 0.898 1.124 0.907 1.147 1.225 1.13 1.14 0.797 0.624 1.068 1.103 0.562 0.945 1.285 1.154 0.702 0.683 1.029 1.202 0.668 1.222 0.954 1.232 1.277 0.874 1.277 0.765 0.878 1.04 0.755 1.122 0.777 1.168 1.061 0.903 1.266 1.074 0.652 1.015 0.846 1.272 0.938 0.758 0.58 0.852 0.653 1.08 1.085 0.601 0.759 0.848 1.374 0.747 0.682 1.447 1.2 0.749 0.996 0.951 1.0 0.981 0.921 0.746 0.669 1.0 0.679 0.691 0.911 0.694 1.0 1.22 1.0 0.702 1.379 1.0 1.546 1.0 0.7 0.699 1.0 0.79 1.0 0.689 1.377 1.0 1.04 1.0 0.746 1.009 1.0 0.765 1.0 0.92 0.839 1.0 1.069 1.0 1.087 1.231 1.0 0.818 1.0 0.882 0.839 1.0 0.72 1.0 1.063 0.731 1.0 1.0 1.0 0.777 0.8 1.0 1.0 1.0 0.925 0.739 1.0 1.0 1.0 1.08 0.687 1.0 1.0 1.0 0.978 0.706 1.0 1.0 1.0 0.898 0.721 1.0 1.0 1.0 1.037 0.961 1.0 1.0 1.0 0.989 1.0 1.0 1.0 1.0 0.908 1.0 1.0 1.0 1.0 0.816 1.0 1.0 1.0 1.0 0.78 1.0 1.0 1.0 1.0 0.752 1.0 1.0 1.0 1.0 0.745 1.0 1.0 1.0 1.0 1.288 1.0 1.0 1.0 1.0 1.308 1.0 1.0 1.0 1.0 1.452 1.0 1.0 1.0 1.0 1.037 1.0 1.0 1.0 1.0 0.757 1.0 1.0 1.0 1.0 0.74 1.0 1.0 1.0 1.0 1.699 1.0 1.0 1.0 1.0 0.563 1.0 1.0 1.0 1.0 1.0 1.0 1.0 1.0 1.0 1.0 1.0 1.0 1.0 1.0 1.0 1.0 1.0 1.0 1.0 1.0 1.0 1.0 1.0 1.0 1.0 1.0 1.0 1.0 1.0 1.0 1.0 1.0 1.0 1.0 1.0 1.0 1.0 1.0 1.0 1.0 1.0 1.0 1.0 1.0 1.0 1.0 1.0 1.0 1.0 1.0 1.0 1.0 1.0 1.0 1.0 1.0 1.0 1.0 1.0 1.0 1.0 1.0 1.0 1.0 1.0 1.0 1.0 1.0 1.0 1.0 1.0 1.0 1.0 1.0 1.0 1.0 1.0 1.0 1.0 1.0 1.0 1.0 1.0 1.0 1.0 1.0 1.0 1.0 1.0 1.0 1.0 1.0 1.0 1.0 1.0 1.0 1.0 1.0 1.0 1.0 1.0 1.0 1.0 1.0 1.0 1.0 1.0 1.0 1.0 1.0 1.0 1.0 1.0 1.0 1.0 1.0 1.0 1.0 1.0 1.0 1.0 1.0 1.0 1.0 1.182 0.987 0.837 1.116 1.104 0.843 0.949 1.236 0.934 0.783 0.957 0.998 0.937 0.939 0.958 0.82 0.999 1.226 0.866 1.303 0.921 1.129 0.935 1.224 0.872 1.086 1.101 1.204 0.71 1.283 1.188 1.253 1.193 1.317 0.724 0.603 1.278 1.239 1.318 1.421 1.319 0.854 1.233 1.123 1.295 0.901 0.816 0.723 1.31 1.323 1.294 1.167 0.913 1.192 1.303 1.281 1.29 1.119 1.288 1.365 1.249 1.088 0.839 1.058 1.282 1.321 1.286 1.245 1.304 0.967 1.286 1.345 1.171 1.302 1.306 0.948 1.299 1.191 1.298 0.742 1.373 0.629 1.284 0.888 1.308 1.289 1.324 0.797 1.313 0.777 0.635 1.287 1.201 0.767 1.146 1.058 1.226 1.127 0.722 1.284 1.382 0.714 1.256 1.115 1.29 0.919 1.033 1.145 0.747 0.773 1.346 1.373 1.148 0.806 1.288 1.222 0.847 1.048 1.33 0.841 1.217 0.865 0.946 1.368 0.798 0.976 1.372 0.974 0.828 0.789 1.491 0.826 0.958 1.187 1.401 1.139 0.873 1.013 0.937 1.31 0.833 1.439 0.941 0.663 0.732 0.663 1.0 0.92 0.66 1.0 0.683 1.0 0.855 1.0 1.0 0.722 1.0 0.78 1.0 1.0 0.756 1.0 1.136 1.0 1.0 1.151 1.0 1.164 1.0 1.0 1.989 1.0 1.408 1.0 1.0 0.709 1.0 0.935 1.0 1.0 1.993 1.0 0.752 1.0 1.0 0.77 1.0 0.737 1.0 1.0 0.788 1.0 0.732 1.0 1.0 0.782 1.0 0.726 1.0 1.0 1.0 1.0 0.714 1.0 1.0 1.0 1.0 1.477 1.0 1.0 1.0 1.0 1.335 1.0 1.0 1.0 1.0 1.138 1.0 1.0 1.0 1.0 1.009 1.0 1.0 1.0 1.0 0.999 1.0 1.0 1.0 1.0 0.925 1.0 1.0 1.0 1.0 1.09 1.0 1.0 1.0 1.0 1.238 1.0 1.0 1.0 1.0 1.255 1.0 1.0 1.0 1.0 0.88 1.0 1.0 1.0 1.0 0.77 1.0 1.0 1.0 1.0 0.725 1.0 1.0 1.0 1.0 1.069 1.0 1.0 1.0 1.0 0.901 1.0 1.0 1.0 1.0 0.978 1.0 1.0 1.0 1.0 1.092 1.0 1.0 1.0 1.0 1.105 1.0 1.0 1.0 1.0 0.628 1.0 1.0 1.0 1.0 0.884 1.0 1.0 1.0 1.0 1.105 1.0 1.0 1.0 1.0 1.26 1.0 1.0 1.0 1.0 0.652 1.0 1.0 1.0 1.0 0.684 1.0 1.0 1.0 1.0 0.718 1.0 1.0 1.0 1.0 0.694 1.0 1.0 1.0 1.0 0.993 1.0 1.0 1.0 1.0 0.674 1.0 1.0 1.0 1.0 1.127 1.0 1.0 1.0 1.0 0.743 1.0 1.0 1.0 1.0 1.258 1.0 1.0 1.0 1.0 0.638 1.0 1.0 1.0 1.0 0.827 1.0 1.0 1.0 1.0 0.654 1.0 1.0 1.0 1.0 0.697 1.0 1.0 1.0 1.0 0.651 1.0 1.0 0.984 1.186 0.93 1.145 0.988 1.268 0.947 1.238 0.787 1.146 0.834 1.007 0.947 0.766 1.299 0.947 1.112 1.217 0.828 0.918 0.901 1.078 0.732 0.916 0.989 1.096 1.174 0.85 1.203 0.818 1.011 0.747 0.853 1.3 0.944 0.838 1.2 1.101 1.241 1.262 0.865 1.193 1.267 1.285 0.718 1.294 1.281 1.155 1.186 1.344 1.32 0.744 1.202 0.652 1.163 1.106 1.033 1.226 1.222 1.366 1.27 1.172 0.664 1.442 0.689 0.887 1.214 1.311 1.358 1.078 0.912 1.354 0.911 1.047 1.39 0.933 1.221 0.893 1.49 1.171 1.227 1.324 1.246 0.631 0.985 1.05 1.0 1.42 1.355 1.222 0.826 1.0 0.965 1.233 0.727 0.927 1.0 0.912 0.864 0.734 0.779 1.0 0.765 0.711 1.227 1.147 1.0 0.703 1.021 0.776 1.099 1.0 0.869 1.621 1.055 1.127 1.0 0.978 0.713 1.053 0.97 1.0 0.852 0.74 1.205 0.774 1.0 0.909 0.702 0.711 1.21 1.0 0.893 1.239 0.756 0.977 1.0 0.979 0.982 0.764 1.011 1.0 0.727 0.974 0.959 1.005 1.0 0.86 0.735 0.969 1.158 1.0 0.886 0.946 0.68 0.862 1.0 0.923 0.975 1.0 1.127 1.0 0.704 0.946 1.0 0.977 1.0 0.788 0.914 1.0 0.78 1.0 0.851 0.822 1.0 0.812 1.0 1.0 1.216 1.0 0.785 1.0 1.0 0.849 1.0 0.753 1.0 1.0 0.896 1.0 0.756 1.0 1.0 1.456 1.0 1.023 1.0 1.0 1.437 1.0 0.701 1.0 1.0 0.761 1.0 0.704 1.0 1.0 0.681 1.0 0.655 1.0 1.0 0.666 1.0 0.728 1.0 1.0 1.011 1.0 1.0 1.0 1.0 1.006 1.0 1.0 1.0 1.0 0.949 1.0 1.0 1.0 1.0 0.633 1.0 1.0 1.0 1.0 1.0 1.0 1.0 1.0 1.0 1.0 1.0 1.0 1.0 1.0 1.0 1.0 1.0 1.0 1.0 1.0 1.0 1.0 1.0 1.0 1.0 1.0 1.0 1.0 1.0 1.0 1.0 1.0 1.0 1.0 1.0 1.0 1.0 1.0 1.0 1.0 1.0 1.0 1.0 1.0 1.0 1.0 1.0 1.0 1.0 1.0 1.0 1.0 1.0 1.0 1.0 1.0 1.0 1.0 1.0 1.0 1.0 1.0 1.0 1.0 1.0 1.0 1.0 1.0 1.0 1.0 1.0 1.0 1.0 1.0 1.0 1.0 1.0 1.0 1.0 1.0 1.0 1.0 1.0 1.0 1.0 1.0 1.0 1.0 1.0 1.0 1.0 1.0 1.0 1.0 1.0 1.0 1.0 1.0 1.0 1.0 1.0 1.0 1.0 1.0 1.0 1.0 1.0 1.0 1.0 1.0 1.0 1.0 1.0 1.0 1.0 1.0 1.0 1.0 1.0 1.0 1.0 1.0 1.0 1.0 1.0 1.0 1.0 1.0 1.0 1.0 1.0 1.0 1.0 1.0 1.0 1.0 1.0 1.0 1.0 1.0 1.0 1.0 1.0 1.0 1.0 1.0 0.88 1.038 1.169 0.942 0.988 1.028 1.265 1.17 0.943 1.135 0.941 1.292 0.924 1.057 1.301 0.809 1.0 0.744 0.692 0.937 1.316 1.301 1.238 1.223 1.164 0.805 0.812 0.743 0.544 0.817 0.836 1.05 1.24 1.019 0.794 1.083 0.854 0.862 0.669 1.037 0.738 0.723 1.009 1.211 0.728 1.143 1.082 1.277 0.704 1.179 0.806 1.079 1.029 0.964 1.269 0.676 0.855 0.943 0.707 0.753 1.205 0.723 1.084 1.0 1.224 0.757 1.226 1.056 1.0 1.298 0.981 0.767 1.135 1.0 0.663 0.651 1.097 1.105 1.0 1.136 0.822 0.913 0.955 1.0 1.001 1.138 0.746 0.986 1.0 0.846 0.733 1.091 0.833 1.0 0.694 1.152 1.053 0.887 1.0 0.757 1.157 1.04 1.075 1.0 0.789 1.166 1.104 1.057 1.0 0.774 0.706 0.942 0.855 1.0 0.781 0.819 1.194 0.849 1.0 1.477 0.898 0.688 1.061 1.0 1.037 0.963 1.178 0.848 1.0 0.727 0.719 0.937 1.34 1.0 0.711 0.76 0.685 0.848 1.0 1.0 0.722 0.891 1.056 1.0 1.0 0.839 1.123 1.098 1.0 1.0 1.163 1.078 1.1 1.0 1.0 1.02 0.807 0.724 1.0 1.0 0.742 0.968 0.841 1.0 1.0 0.687 0.959 1.376 1.0 1.0 1.0 0.724 1.386 1.0 1.0 1.0 1.307 1.309 1.0 1.0 1.0 0.714 0.783 1.0 1.0 1.0 0.796 1.108 1.0 1.0 1.0 0.787 0.899 1.0 1.0 1.0 0.778 0.935 1.0 1.0 1.0 0.824 1.021 1.0 1.0 1.0 0.809 0.746 1.0 1.0 1.0 0.802 0.681 1.0 1.0 1.0 1.044 0.754 1.0 1.0 1.0 0.941 0.686 1.0 1.0 1.0 0.729 0.679 1.0 1.0 1.0 0.992 0.662 1.0 1.0 1.0 0.947 0.658 1.0 1.0 1.0 0.998 0.654 1.0 1.0 1.0 0.925 1.0 1.0 1.0 1.0 0.686 1.0 1.0 1.0 1.0 0.712 1.0 1.0 1.0 1.0 1.004 1.0 1.0 1.0 1.0 0.689 1.0 1.0 1.0 1.0 0.706 1.0 1.0 1.0 1.0 0.734 1.0 1.0 1.0 1.0 0.711 1.0 1.0 1.0 1.0 0.664 1.0 1.0 1.0 1.0 0.674 1.0 1.0 1.0 1.0 0.626 1.0 1.0 1.0 1.0 1.0 1.0 1.0 1.0 1.0 1.0 1.0 1.0 1.0 1.0 1.0 1.0 1.0 1.0 1.0 1.0 1.0 1.0 1.0 1.0 1.0 1.0 1.0 1.0 1.0 1.0 1.0 1.0 1.0 1.0 1.0 1.0 1.0 1.0 1.0 1.0 1.0 1.0 1.0 1.0 1.0 1.0 1.0 1.0 1.0 1.0 1.0 1.0 1.0 1.0 1.0 1.0 1.0 1.0 1.0 1.0 1.0 1.0 1.0 1.0 1.0 1.0 1.0 1.0 1.0 1.0 1.0 1.0 1.0 1.0 1.0 1.0 1.0 1.0 1.0 1.0 1.0 1.0 1.0 1.182 1.186 0.981 1.116 0.848 0.969 1.267 1.258 1.174 1.229 1.292 1.014 0.917 1.213 1.239 0.827 0.895 0.942 0.741 0.838 1.028 1.175 1.142 0.882 1.031 0.848 1.191 0.89 1.258 0.783 1.16 0.509 1.102 0.743 1.22 0.879 1.149 0.714 1.038 1.048 1.15 1.253 1.335 1.086 1.154 1.06 1.243 1.341 1.297 0.692 0.74 1.214 1.135 1.165 1.235 1.149 0.635 1.16 1.035 1.256 1.219 1.253 1.284 1.351 1.066 1.216 0.546 1.333 1.127 1.219 1.156 1.478 0.678 0.779 0.732 1.252 1.195 0.687 1.366 0.721 1.098 1.046 1.265 1.274 1.0 1.323 0.623 1.292 1.407 1.0 1.326 1.263 1.166 0.654 1.0 1.078 0.976 1.288 1.322 1.0 1.063 0.71 1.329 0.667 1.0 0.945 1.25 0.995 1.138 1.0 0.906 0.973 0.899 1.056 1.0 1.042 1.425 1.467 0.754 1.0 1.027 1.415 0.826 1.165 1.0 1.27 1.006 0.749 1.067 1.0 1.226 1.425 1.296 0.969 1.0 1.174 0.756 0.768 0.703 1.0 0.984 1.453 1.282 0.838 1.0 1.314 0.571 1.233 0.697 1.0 1.283 0.738 1.227 0.818 1.0 0.672 1.071 0.948 0.982 1.0 0.685 1.303 1.249 0.757 1.0 0.699 1.28 0.759 1.0 1.0 0.718 0.62 0.813 1.0 1.0 0.716 0.687 1.0 1.0 1.0 0.698 0.737 1.0 1.0 1.0 0.683 0.757 1.0 1.0 1.0 1.076 0.724 1.0 1.0 1.0 0.781 0.732 1.0 1.0 1.0 1.156 0.733 1.0 1.0 1.0 1.174 1.0 1.0 1.0 1.0 0.924 1.0 1.0 1.0 1.0 1.596 1.0 1.0 1.0 1.0 0.767 1.0 1.0 1.0 1.0 0.86 1.0 1.0 1.0 1.0 1.23 1.0 1.0 1.0 1.0 0.767 1.0 1.0 1.0 1.0 0.76 1.0 1.0 1.0 1.0 1.0 1.0 1.0 1.0 1.0 1.0 1.0 1.0 1.0 1.0 1.0 1.0 1.0 1.0 1.0 1.0 1.0 1.0 1.0 1.0 1.0 1.0 1.0 1.0 1.0 1.0 1.0 1.0 1.0 1.0 1.0 1.0 1.0 1.0 1.0 1.0 1.0 1.0 1.0 1.0 1.0 1.0 1.0 1.0 1.0 1.0 1.0 1.0 1.0 1.0 1.0 1.0 1.0 1.0 1.0 1.0 1.0 1.0 1.0 1.0 1.0 1.0 1.0 1.0 1.0 1.0 1.0 1.0 1.0 1.0 1.0 1.0 1.0 1.0 1.0 1.0 1.0 1.0 1.0 1.0 1.0 1.0 1.0 1.0 1.0 1.0 1.0 1.0 1.0 1.0 1.0 1.0 1.0 1.0 1.0 1.0 1.0 1.0 1.0 1.0 1.0 1.0 1.0 1.0 1.0 1.0 1.0 1.0 1.0 1.0 1.0 1.0 1.0 1.0 1.0 1.0 1.0 1.0 1.0 1.0 1.0 1.0 1.0 1.0 1.0 1.0 1.0 1.0 1.0 1.0 1.0 1.0 1.0 1.0 1.0 0.88 0.987 1.169 1.116 0.848 1.261 0.951 1.176 0.789 1.238 0.957 0.772 0.938 1.211 1.189 0.957 0.764 1.21 0.77 0.943 1.052 1.28 1.209 0.994 0.888 1.052 1.011 0.728 1.071 1.177 1.051 0.814 1.22 1.097 0.971 1.186 0.921 0.718 1.152 1.227 0.786 1.033 0.962 1.357 1.085 0.685 0.785 0.915 1.177 1.211 1.364 1.091 0.946 1.323 1.05 1.083 0.91 0.953 1.15 0.597 0.622 1.183 0.993 1.221 1.238 1.335 0.787 0.828 0.916 1.354 0.745 1.302 0.963 1.004 0.629 1.313 1.334 0.976 1.0 1.252 0.77 1.271 1.264 1.0 1.237 0.794 1.144 0.803 1.0 1.248 1.11 1.123 1.128 1.0 1.433 0.818 0.82 0.935 1.0 0.707 1.107 0.627 1.265 1.0 0.917 1.049 0.64 1.037 1.0 1.022 1.123 0.951 0.707 1.0 1.016 1.325 0.822 1.198 1.0 1.677 0.898 0.831 1.043 1.0 1.097 0.942 1.113 1.249 1.0 0.736 1.339 0.825 0.946 1.0 1.746 0.904 0.884 1.257 1.0 1.016 1.054 1.092 0.829 1.0 0.768 0.842 1.138 0.767 1.0 1.006 1.254 0.88 0.769 1.0 0.775 0.973 1.357 1.007 1.0 0.747 1.0 1.281 1.306 1.0 1.003 1.0 1.354 0.828 1.0 0.775 1.0 0.83 0.817 1.0 0.708 1.0 0.9 0.735 1.0 0.734 1.0 0.836 0.808 1.0 0.8 1.0 0.81 0.71 1.0 0.811 1.0 0.746 1.534 1.0 2.152 1.0 1.0 0.715 1.0 0.647 1.0 1.0 0.721 1.0 0.749 1.0 1.0 1.171 1.0 1.0 1.0 1.0 0.607 1.0 1.0 1.0 1.0 0.908 1.0 1.0 1.0 1.0 1.918 1.0 1.0 1.0 1.0 1.0 1.0 1.0 1.0 1.0 1.0 1.0 1.0 1.0 1.0 1.0 1.0 1.0 1.0 1.0 1.0 1.0 1.0 1.0 1.0 1.0 1.0 1.0 1.0 1.0 1.0 1.0 1.0 1.0 1.0 1.0 1.0 1.0 1.0 1.0 1.0 1.0 1.0 1.0 1.0 1.0 1.0 1.0 1.0 1.0 1.0 1.0 1.0 1.0 1.0 1.0 1.0 1.0 1.0 1.0 1.0 1.0 1.0 1.0 1.0 1.0 1.0 1.0 1.0 1.0 1.0 1.0 1.0 1.0 1.0 1.0 1.0 1.0 1.0 1.0 1.0 1.0 1.0 1.0 1.0 1.0 1.0 1.0 1.0 1.0 1.0 1.0 1.0 1.0 1.0 1.0 1.0 1.0 1.0 1.0 1.0 1.0 1.0 1.0 1.0 1.0 1.0 1.0 1.0 1.0 1.0 1.0 1.0 1.0 1.0 1.0 1.0 1.0 1.0 1.0 1.0 1.0 1.0 1.0 1.0 1.0 1.0 1.0 1.0 1.0 1.0 1.0 1.0 1.0 1.0 1.0 1.0 1.0 1.0 1.0 1.0 1.0 1.0 1.0 1.0 1.0 1.0 1.0 1.0 1.0 1.0 1.0 1.0 1.0 1.0 1.0 1.0 1.0,2.1516411,1.1516411,0.50869006,0.3,0.604590892791748,0.0003,5,4.6753473
55,0.21639418601989746,0.9947829,1.015 1.037 0.927 0.983 0.925 0.96 1.261 1.184 0.785 0.782 1.034 1.289 0.936 1.194 0.988 1.303 0.749 0.713 0.912 0.791 0.997 1.106 0.908 1.281 1.05 0.989 0.745 1.263 1.027 1.078 1.053 0.747 1.07 0.787 1.138 0.936 0.872 1.264 1.24 1.172 1.11 1.108 0.908 0.589 0.679 0.862 0.734 1.123 1.219 1.008 1.216 0.731 1.135 1.236 0.769 0.896 1.002 1.134 1.207 1.066 0.835 0.92 0.744 1.215 1.0 1.176 1.125 0.677 0.666 1.0 1.168 1.124 1.064 1.194 1.0 1.3 1.437 1.102 1.119 1.0 1.321 0.913 1.397 1.064 1.0 1.238 0.888 1.161 0.656 1.0 1.042 0.679 1.048 1.07 1.0 1.026 0.877 0.763 0.724 1.0 1.304 0.674 0.757 1.172 1.0 0.964 1.001 1.0 0.722 1.0 0.71 0.802 1.0 0.782 1.0 0.7 1.094 1.0 0.811 1.0 0.711 1.01 1.0 0.839 1.0 0.992 1.017 1.0 0.695 1.0 0.71 1.165 1.0 0.688 1.0 0.946 0.822 1.0 1.126 1.0 1.166 1.013 1.0 1.103 1.0 0.677 0.681 1.0 0.921 1.0 0.682 1.095 1.0 0.765 1.0 1.061 1.016 1.0 1.043 1.0 1.764 0.984 1.0 0.884 1.0 1.0 0.931 1.0 0.984 1.0 1.0 0.93 1.0 0.801 1.0 1.0 0.932 1.0 1.078 1.0 1.0 0.695 1.0 0.87 1.0 1.0 0.72 1.0 0.771 1.0 1.0 0.938 1.0 1.0 1.0 1.0 2.012 1.0 1.0 1.0 1.0 0.759 1.0 1.0 1.0 1.0 0.718 1.0 1.0 1.0 1.0 0.72 1.0 1.0 1.0 1.0 0.726 1.0 1.0 1.0 1.0 0.676 1.0 1.0 1.0 1.0 0.818 1.0 1.0 1.0 1.0 1.0 1.0 1.0 1.0 1.0 1.0 1.0 1.0 1.0 1.0 1.0 1.0 1.0 1.0 1.0 1.0 1.0 1.0 1.0 1.0 1.0 1.0 1.0 1.0 1.0 1.0 1.0 1.0 1.0 1.0 1.0 1.0 1.0 1.0 1.0 1.0 1.0 1.0 1.0 1.0 1.0 1.0 1.0 1.0 1.0 1.0 1.0 1.0 1.0 1.0 1.0 1.0 1.0 1.0 1.0 1.0 1.0 1.0 1.0 1.0 1.0 1.0 1.0 1.0 1.0 1.0 1.0 1.0 1.0 1.0 1.0 1.0 1.0 1.0 1.0 1.0 1.0 1.0 1.0 1.0 1.0 1.0 1.0 1.0 1.0 1.0 1.0 1.0 1.0 1.0 1.0 1.0 1.0 1.0 1.0 1.0 1.0 1.0 1.0 1.0 1.0 1.0 1.0 1.0 1.0 1.0 1.0 1.0 1.0 1.0 1.0 1.0 1.0 1.0 1.0 1.0 1.0 1.0 1.0 1.0 1.0 1.0 1.0 1.0 1.0 1.0 1.0 1.0 1.0 1.0 1.0 1.0 1.0 1.0 1.0 1.0 1.0 1.0 1.0 1.0 1.0 1.0 1.0 1.0 1.0 1.0 1.0 1.0 1.0 0.958 0.976 1.121 0.983 0.925 1.266 0.953 0.945 0.797 0.911 0.966 1.038 0.939 0.779 1.156 1.054 0.773 0.914 0.772 0.98 0.952 1.025 0.941 0.854 0.726 1.174 0.838 1.194 1.063 0.627 0.744 1.266 0.916 1.189 0.723 1.191 1.146 1.057 1.295 0.726 0.731 0.75 1.213 0.505 1.194 0.76 0.908 1.177 0.672 1.211 0.753 0.752 0.715 0.731 0.656 1.213 0.758 0.719 1.273 0.66 1.007 1.052 1.129 0.545 1.008 1.033 1.109 1.126 0.684 1.125 0.931 1.01 1.05 1.244 0.663 1.055 1.108 1.075 0.568 1.149 0.968 1.072 0.698 0.591 0.687 1.0 1.147 1.149 0.942 0.781 1.0 0.979 0.699 0.66 1.155 1.0 0.989 1.434 0.899 0.905 1.0 0.752 0.619 0.671 0.717 1.0 0.775 0.835 0.837 1.0 1.0 1.181 0.845 0.868 1.0 1.0 0.777 0.769 0.854 1.0 1.0 1.162 0.729 0.824 1.0 1.0 1.091 0.666 0.656 1.0 1.0 1.239 0.662 1.151 1.0 1.0 0.843 0.718 0.757 1.0 1.0 0.773 1.153 0.777 1.0 1.0 0.826 0.818 1.0 1.0 1.0 1.251 0.619 1.0 1.0 1.0 0.758 0.676 1.0 1.0 1.0 0.712 0.598 1.0 1.0 1.0 1.05 1.794 1.0 1.0 1.0 0.677 1.0 1.0 1.0 1.0 0.672 1.0 1.0 1.0 1.0 1.031 1.0 1.0 1.0 1.0 0.866 1.0 1.0 1.0 1.0 0.81 1.0 1.0 1.0 1.0 0.816 1.0 1.0 1.0 1.0 0.961 1.0 1.0 1.0 1.0 0.698 1.0 1.0 1.0 1.0 0.829 1.0 1.0 1.0 1.0 0.787 1.0 1.0 1.0 1.0 1.143 1.0 1.0 1.0 1.0 0.639 1.0 1.0 1.0 1.0 1.974 1.0 1.0 1.0 1.0 1.656 1.0 1.0 1.0 1.0 0.737 1.0 1.0 1.0 1.0 1.0 1.0 1.0 1.0 1.0 1.0 1.0 1.0 1.0 1.0 1.0 1.0 1.0 1.0 1.0 1.0 1.0 1.0 1.0 1.0 1.0 1.0 1.0 1.0 1.0 1.0 1.0 1.0 1.0 1.0 1.0 1.0 1.0 1.0 1.0 1.0 1.0 1.0 1.0 1.0 1.0 1.0 1.0 1.0 1.0 1.0 1.0 1.0 1.0 1.0 1.0 1.0 1.0 1.0 1.0 1.0 1.0 1.0 1.0 1.0 1.0 1.0 1.0 1.0 1.0 1.0 1.0 1.0 1.0 1.0 1.0 1.0 1.0 1.0 1.0 1.0 1.0 1.0 1.0 1.0 1.0 1.0 1.0 1.0 1.0 1.0 1.0 1.0 1.0 1.0 1.0 1.0 1.0 1.0 1.0 1.0 1.0 1.0 1.0 1.0 1.0 1.0 1.0 1.0 1.0 1.0 1.0 1.0 1.0 1.0 1.0 1.0 1.0 1.0 1.0 1.0 1.0 1.0 1.0 1.0 1.0 1.0 1.0 1.0 1.0 1.0 1.0 1.0 1.0 1.0 1.0 1.0 1.0 1.0 1.186 1.037 0.836 1.117 0.846 0.974 0.949 1.18 0.959 0.785 1.299 1.317 0.931 1.19 1.237 0.962 1.01 1.29 1.207 0.869 1.283 1.077 1.286 0.913 0.845 1.044 0.983 0.907 1.228 1.218 1.207 0.905 1.022 0.718 0.668 1.004 0.922 1.007 0.877 1.243 1.004 1.016 1.084 1.261 0.547 1.023 1.1 1.056 0.9 1.123 0.909 1.148 1.229 1.125 1.139 0.799 0.621 1.065 1.107 0.559 0.947 1.29 1.15 0.7 0.685 1.024 1.204 0.67 1.218 0.95 1.242 1.28 0.87 1.28 0.767 0.869 1.035 0.755 1.121 0.779 1.165 1.056 0.9 1.269 1.069 0.651 1.014 0.841 1.269 0.934 0.757 0.578 0.852 0.652 1.077 1.081 0.6 0.759 0.85 1.374 0.746 0.683 1.445 1.197 0.743 0.989 0.949 1.0 0.98 0.922 0.744 0.669 1.0 0.677 0.686 0.902 0.696 1.0 1.222 1.0 0.702 1.382 1.0 1.552 1.0 0.697 0.7 1.0 0.784 1.0 0.69 1.377 1.0 1.04 1.0 0.747 1.007 1.0 0.758 1.0 0.925 0.837 1.0 1.063 1.0 1.087 1.231 1.0 0.816 1.0 0.876 0.837 1.0 0.713 1.0 1.07 0.731 1.0 1.0 1.0 0.774 0.797 1.0 1.0 1.0 0.919 0.738 1.0 1.0 1.0 1.077 0.685 1.0 1.0 1.0 0.984 0.705 1.0 1.0 1.0 0.895 0.719 1.0 1.0 1.0 1.036 0.963 1.0 1.0 1.0 0.987 1.0 1.0 1.0 1.0 0.902 1.0 1.0 1.0 1.0 0.813 1.0 1.0 1.0 1.0 0.776 1.0 1.0 1.0 1.0 0.751 1.0 1.0 1.0 1.0 0.742 1.0 1.0 1.0 1.0 1.276 1.0 1.0 1.0 1.0 1.297 1.0 1.0 1.0 1.0 1.449 1.0 1.0 1.0 1.0 1.032 1.0 1.0 1.0 1.0 0.755 1.0 1.0 1.0 1.0 0.74 1.0 1.0 1.0 1.0 1.706 1.0 1.0 1.0 1.0 0.563 1.0 1.0 1.0 1.0 1.0 1.0 1.0 1.0 1.0 1.0 1.0 1.0 1.0 1.0 1.0 1.0 1.0 1.0 1.0 1.0 1.0 1.0 1.0 1.0 1.0 1.0 1.0 1.0 1.0 1.0 1.0 1.0 1.0 1.0 1.0 1.0 1.0 1.0 1.0 1.0 1.0 1.0 1.0 1.0 1.0 1.0 1.0 1.0 1.0 1.0 1.0 1.0 1.0 1.0 1.0 1.0 1.0 1.0 1.0 1.0 1.0 1.0 1.0 1.0 1.0 1.0 1.0 1.0 1.0 1.0 1.0 1.0 1.0 1.0 1.0 1.0 1.0 1.0 1.0 1.0 1.0 1.0 1.0 1.0 1.0 1.0 1.0 1.0 1.0 1.0 1.0 1.0 1.0 1.0 1.0 1.0 1.0 1.0 1.0 1.0 1.0 1.0 1.0 1.0 1.0 1.0 1.0 1.0 1.0 1.0 1.0 1.0 1.0 1.0 1.0 1.0 1.0 1.0 1.0 1.0 1.0 1.0 1.0 1.0 1.186 0.983 0.836 1.117 1.105 0.842 0.952 1.24 0.93 0.782 0.961 0.992 0.938 0.934 0.96 0.819 0.993 1.228 0.867 1.308 0.923 1.135 0.929 1.23 0.871 1.08 1.097 1.205 0.71 1.291 1.194 1.26 1.193 1.316 0.723 0.601 1.284 1.246 1.316 1.429 1.325 0.862 1.241 1.121 1.294 0.91 0.824 0.722 1.314 1.328 1.287 1.169 0.914 1.192 1.306 1.278 1.295 1.124 1.293 1.371 1.252 1.091 0.838 1.059 1.283 1.315 1.281 1.249 1.303 0.966 1.29 1.343 1.177 1.305 1.304 0.945 1.304 1.188 1.296 0.741 1.378 0.629 1.29 0.887 1.306 1.286 1.323 0.794 1.316 0.78 0.636 1.287 1.205 0.77 1.15 1.062 1.227 1.13 0.725 1.287 1.387 0.714 1.262 1.121 1.293 0.914 1.036 1.147 0.749 0.773 1.343 1.375 1.148 0.81 1.285 1.215 0.851 1.052 1.331 0.841 1.211 0.869 0.942 1.37 0.797 0.979 1.373 0.974 0.833 0.792 1.496 0.83 0.958 1.188 1.406 1.135 0.877 1.017 0.944 1.306 0.827 1.442 0.939 0.659 0.731 0.663 1.0 0.918 0.658 1.0 0.684 1.0 0.851 1.0 1.0 0.724 1.0 0.782 1.0 1.0 0.757 1.0 1.137 1.0 1.0 1.144 1.0 1.165 1.0 1.0 2.006 1.0 1.412 1.0 1.0 0.708 1.0 0.932 1.0 1.0 2.009 1.0 0.751 1.0 1.0 0.766 1.0 0.737 1.0 1.0 0.787 1.0 0.731 1.0 1.0 0.782 1.0 0.726 1.0 1.0 1.0 1.0 0.71 1.0 1.0 1.0 1.0 1.483 1.0 1.0 1.0 1.0 1.338 1.0 1.0 1.0 1.0 1.141 1.0 1.0 1.0 1.0 1.01 1.0 1.0 1.0 1.0 0.999 1.0 1.0 1.0 1.0 0.923 1.0 1.0 1.0 1.0 1.09 1.0 1.0 1.0 1.0 1.24 1.0 1.0 1.0 1.0 1.257 1.0 1.0 1.0 1.0 0.88 1.0 1.0 1.0 1.0 0.767 1.0 1.0 1.0 1.0 0.722 1.0 1.0 1.0 1.0 1.073 1.0 1.0 1.0 1.0 0.901 1.0 1.0 1.0 1.0 0.976 1.0 1.0 1.0 1.0 1.093 1.0 1.0 1.0 1.0 1.106 1.0 1.0 1.0 1.0 0.625 1.0 1.0 1.0 1.0 0.881 1.0 1.0 1.0 1.0 1.106 1.0 1.0 1.0 1.0 1.263 1.0 1.0 1.0 1.0 0.648 1.0 1.0 1.0 1.0 0.681 1.0 1.0 1.0 1.0 0.714 1.0 1.0 1.0 1.0 0.692 1.0 1.0 1.0 1.0 0.991 1.0 1.0 1.0 1.0 0.67 1.0 1.0 1.0 1.0 1.129 1.0 1.0 1.0 1.0 0.741 1.0 1.0 1.0 1.0 1.26 1.0 1.0 1.0 1.0 0.634 1.0 1.0 1.0 1.0 0.827 1.0 1.0 1.0 1.0 0.654 1.0 1.0 1.0 1.0 0.7 1.0 1.0 1.0 1.0 0.651 1.0 1.0 0.986 1.189 0.927 1.147 0.989 1.274 0.95 1.242 0.786 1.147 0.833 1.002 0.949 0.764 1.303 0.951 1.117 1.219 0.828 0.913 0.9 1.074 0.731 0.917 0.985 1.102 1.174 0.85 1.2 0.817 1.006 0.748 0.852 1.303 0.94 0.84 1.203 1.097 1.245 1.262 0.868 1.192 1.271 1.281 0.721 1.293 1.287 1.159 1.189 1.345 1.319 0.745 1.199 0.651 1.164 1.101 1.031 1.229 1.224 1.368 1.27 1.17 0.662 1.442 0.691 0.89 1.213 1.316 1.363 1.076 0.91 1.359 0.916 1.044 1.393 0.935 1.221 0.897 1.488 1.171 1.225 1.327 1.244 0.63 0.981 1.054 1.0 1.428 1.355 1.225 0.824 1.0 0.962 1.233 0.727 0.923 1.0 0.907 0.861 0.734 0.776 1.0 0.766 0.708 1.228 1.153 1.0 0.701 1.021 0.776 1.106 1.0 0.864 1.624 1.054 1.126 1.0 0.978 0.716 1.053 0.975 1.0 0.852 0.74 1.205 0.772 1.0 0.906 0.703 0.708 1.205 1.0 0.893 1.234 0.753 0.979 1.0 0.969 0.984 0.76 1.014 1.0 0.724 0.976 0.954 1.008 1.0 0.853 0.735 0.969 1.154 1.0 0.885 0.948 0.676 0.862 1.0 0.922 0.98 1.0 1.123 1.0 0.701 0.95 1.0 0.98 1.0 0.786 0.915 1.0 0.78 1.0 0.845 0.821 1.0 0.814 1.0 1.0 1.211 1.0 0.784 1.0 1.0 0.852 1.0 0.751 1.0 1.0 0.899 1.0 0.753 1.0 1.0 1.459 1.0 1.013 1.0 1.0 1.435 1.0 0.697 1.0 1.0 0.759 1.0 0.7 1.0 1.0 0.679 1.0 0.653 1.0 1.0 0.664 1.0 0.725 1.0 1.0 0.999 1.0 1.0 1.0 1.0 0.993 1.0 1.0 1.0 1.0 0.943 1.0 1.0 1.0 1.0 0.629 1.0 1.0 1.0 1.0 1.0 1.0 1.0 1.0 1.0 1.0 1.0 1.0 1.0 1.0 1.0 1.0 1.0 1.0 1.0 1.0 1.0 1.0 1.0 1.0 1.0 1.0 1.0 1.0 1.0 1.0 1.0 1.0 1.0 1.0 1.0 1.0 1.0 1.0 1.0 1.0 1.0 1.0 1.0 1.0 1.0 1.0 1.0 1.0 1.0 1.0 1.0 1.0 1.0 1.0 1.0 1.0 1.0 1.0 1.0 1.0 1.0 1.0 1.0 1.0 1.0 1.0 1.0 1.0 1.0 1.0 1.0 1.0 1.0 1.0 1.0 1.0 1.0 1.0 1.0 1.0 1.0 1.0 1.0 1.0 1.0 1.0 1.0 1.0 1.0 1.0 1.0 1.0 1.0 1.0 1.0 1.0 1.0 1.0 1.0 1.0 1.0 1.0 1.0 1.0 1.0 1.0 1.0 1.0 1.0 1.0 1.0 1.0 1.0 1.0 1.0 1.0 1.0 1.0 1.0 1.0 1.0 1.0 1.0 1.0 1.0 1.0 1.0 1.0 1.0 1.0 1.0 1.0 1.0 1.0 1.0 1.0 1.0 1.0 1.0 1.0 1.0 1.0 1.0 1.0 1.0 1.0 0.879 1.037 1.171 0.939 0.989 1.026 1.271 1.171 0.939 1.136 0.944 1.299 0.919 1.054 1.306 0.809 0.993 0.742 0.691 0.932 1.323 1.308 1.24 1.228 1.163 0.805 0.811 0.742 0.54 0.816 0.839 1.046 1.242 1.016 0.794 1.076 0.854 0.863 0.672 1.032 0.739 0.724 1.004 1.217 0.727 1.136 1.08 1.281 0.708 1.184 0.803 1.077 1.025 0.96 1.276 0.677 0.858 0.945 0.71 0.751 1.199 0.722 1.089 1.0 1.221 0.757 1.229 1.059 1.0 1.303 0.977 0.766 1.137 1.0 0.665 0.647 1.091 1.107 1.0 1.134 0.82 0.917 0.956 1.0 1.001 1.133 0.743 0.985 1.0 0.843 0.732 1.087 0.832 1.0 0.695 1.149 1.048 0.882 1.0 0.757 1.154 1.04 1.077 1.0 0.786 1.163 1.104 1.056 1.0 0.771 0.705 0.947 0.85 1.0 0.78 0.82 1.196 0.844 1.0 1.485 0.898 0.685 1.061 1.0 1.034 0.963 1.174 0.844 1.0 0.727 0.716 0.936 1.343 1.0 0.708 0.758 0.683 0.843 1.0 1.0 0.718 0.888 1.055 1.0 1.0 0.837 1.129 1.101 1.0 1.0 1.158 1.081 1.103 1.0 1.0 1.019 0.805 0.723 1.0 1.0 0.736 0.964 0.837 1.0 1.0 0.684 0.955 1.379 1.0 1.0 1.0 0.723 1.389 1.0 1.0 1.0 1.31 1.312 1.0 1.0 1.0 0.713 0.782 1.0 1.0 1.0 0.793 1.108 1.0 1.0 1.0 0.784 0.897 1.0 1.0 1.0 0.775 0.932 1.0 1.0 1.0 0.821 1.023 1.0 1.0 1.0 0.804 0.743 1.0 1.0 1.0 0.797 0.68 1.0 1.0 1.0 1.046 0.748 1.0 1.0 1.0 0.942 0.686 1.0 1.0 1.0 0.723 0.683 1.0 1.0 1.0 0.995 0.661 1.0 1.0 1.0 0.944 0.655 1.0 1.0 1.0 1.001 0.648 1.0 1.0 1.0 0.915 1.0 1.0 1.0 1.0 0.683 1.0 1.0 1.0 1.0 0.708 1.0 1.0 1.0 1.0 0.994 1.0 1.0 1.0 1.0 0.685 1.0 1.0 1.0 1.0 0.702 1.0 1.0 1.0 1.0 0.73 1.0 1.0 1.0 1.0 0.709 1.0 1.0 1.0 1.0 0.664 1.0 1.0 1.0 1.0 0.672 1.0 1.0 1.0 1.0 0.627 1.0 1.0 1.0 1.0 1.0 1.0 1.0 1.0 1.0 1.0 1.0 1.0 1.0 1.0 1.0 1.0 1.0 1.0 1.0 1.0 1.0 1.0 1.0 1.0 1.0 1.0 1.0 1.0 1.0 1.0 1.0 1.0 1.0 1.0 1.0 1.0 1.0 1.0 1.0 1.0 1.0 1.0 1.0 1.0 1.0 1.0 1.0 1.0 1.0 1.0 1.0 1.0 1.0 1.0 1.0 1.0 1.0 1.0 1.0 1.0 1.0 1.0 1.0 1.0 1.0 1.0 1.0 1.0 1.0 1.0 1.0 1.0 1.0 1.0 1.0 1.0 1.0 1.0 1.0 1.0 1.0 1.0 1.0 1.186 1.189 0.982 1.117 0.846 0.972 1.272 1.262 1.175 1.233 1.298 1.008 0.912 1.214 1.243 0.826 0.896 0.944 0.739 0.838 1.023 1.181 1.147 0.883 1.035 0.847 1.189 0.891 1.262 0.784 1.166 0.505 1.105 0.742 1.226 0.882 1.143 0.713 1.033 1.045 1.155 1.253 1.342 1.091 1.153 1.056 1.244 1.348 1.298 0.696 0.741 1.215 1.133 1.161 1.239 1.147 0.636 1.163 1.032 1.254 1.226 1.256 1.285 1.352 1.064 1.224 0.542 1.334 1.128 1.225 1.156 1.474 0.678 0.783 0.735 1.248 1.197 0.686 1.364 0.725 1.097 1.045 1.263 1.279 1.0 1.32 0.623 1.291 1.408 1.0 1.323 1.262 1.169 0.653 1.0 1.077 0.984 1.287 1.323 1.0 1.066 0.708 1.328 0.666 1.0 0.949 1.249 0.998 1.141 1.0 0.903 0.979 0.898 1.053 1.0 1.046 1.422 1.467 0.75 1.0 1.032 1.413 0.825 1.16 1.0 1.268 1.005 0.748 1.065 1.0 1.224 1.423 1.288 0.973 1.0 1.17 0.759 0.768 0.705 1.0 0.984 1.453 1.279 0.84 1.0 1.317 0.57 1.229 0.694 1.0 1.285 0.741 1.229 0.82 1.0 0.672 1.075 0.944 0.982 1.0 0.686 1.302 1.244 0.757 1.0 0.7 1.277 0.759 1.0 1.0 0.719 0.619 0.815 1.0 1.0 0.712 0.687 1.0 1.0 1.0 0.692 0.731 1.0 1.0 1.0 0.677 0.752 1.0 1.0 1.0 1.079 0.721 1.0 1.0 1.0 0.775 0.73 1.0 1.0 1.0 1.161 0.73 1.0 1.0 1.0 1.179 1.0 1.0 1.0 1.0 0.924 1.0 1.0 1.0 1.0 1.597 1.0 1.0 1.0 1.0 0.765 1.0 1.0 1.0 1.0 0.86 1.0 1.0 1.0 1.0 1.226 1.0 1.0 1.0 1.0 0.763 1.0 1.0 1.0 1.0 0.759 1.0 1.0 1.0 1.0 1.0 1.0 1.0 1.0 1.0 1.0 1.0 1.0 1.0 1.0 1.0 1.0 1.0 1.0 1.0 1.0 1.0 1.0 1.0 1.0 1.0 1.0 1.0 1.0 1.0 1.0 1.0 1.0 1.0 1.0 1.0 1.0 1.0 1.0 1.0 1.0 1.0 1.0 1.0 1.0 1.0 1.0 1.0 1.0 1.0 1.0 1.0 1.0 1.0 1.0 1.0 1.0 1.0 1.0 1.0 1.0 1.0 1.0 1.0 1.0 1.0 1.0 1.0 1.0 1.0 1.0 1.0 1.0 1.0 1.0 1.0 1.0 1.0 1.0 1.0 1.0 1.0 1.0 1.0 1.0 1.0 1.0 1.0 1.0 1.0 1.0 1.0 1.0 1.0 1.0 1.0 1.0 1.0 1.0 1.0 1.0 1.0 1.0 1.0 1.0 1.0 1.0 1.0 1.0 1.0 1.0 1.0 1.0 1.0 1.0 1.0 1.0 1.0 1.0 1.0 1.0 1.0 1.0 1.0 1.0 1.0 1.0 1.0 1.0 1.0 1.0 1.0 1.0 1.0 1.0 1.0 1.0 1.0 1.0 1.0 0.879 0.983 1.171 1.117 0.846 1.266 0.954 1.178 0.788 1.242 0.951 0.771 0.94 1.214 1.19 0.957 0.763 1.211 0.769 0.946 1.047 1.287 1.21 0.988 0.889 1.048 1.006 0.726 1.067 1.175 1.047 0.817 1.221 1.096 0.972 1.183 0.922 0.717 1.151 1.227 0.786 1.035 0.957 1.357 1.082 0.683 0.785 0.918 1.179 1.216 1.371 1.087 0.948 1.323 1.047 1.08 0.912 0.949 1.156 0.594 0.619 1.179 0.988 1.232 1.241 1.343 0.788 0.828 0.912 1.357 0.746 1.309 0.966 1.0 0.628 1.32 1.341 0.972 1.0 1.255 0.772 1.278 1.272 1.0 1.235 0.796 1.141 0.804 1.0 1.25 1.108 1.127 1.129 1.0 1.439 0.821 0.823 0.933 1.0 0.707 1.109 0.625 1.27 1.0 0.913 1.049 0.639 1.037 1.0 1.016 1.123 0.947 0.706 1.0 1.011 1.328 0.824 1.197 1.0 1.691 0.902 0.834 1.041 1.0 1.093 0.939 1.118 1.244 1.0 0.735 1.342 0.828 0.95 1.0 1.76 0.901 0.886 1.251 1.0 1.011 1.054 1.09 0.829 1.0 0.76 0.844 1.132 0.767 1.0 0.998 1.248 0.876 0.77 1.0 0.777 0.971 1.36 1.003 1.0 0.738 1.0 1.276 1.306 1.0 0.994 1.0 1.35 0.827 1.0 0.767 1.0 0.826 0.817 1.0 0.706 1.0 0.898 0.736 1.0 0.732 1.0 0.836 0.807 1.0 0.792 1.0 0.81 0.711 1.0 0.803 1.0 0.746 1.531 1.0 2.176 1.0 1.0 0.715 1.0 0.644 1.0 1.0 0.722 1.0 0.74 1.0 1.0 1.161 1.0 1.0 1.0 1.0 0.608 1.0 1.0 1.0 1.0 0.902 1.0 1.0 1.0 1.0 1.934 1.0 1.0 1.0 1.0 1.0 1.0 1.0 1.0 1.0 1.0 1.0 1.0 1.0 1.0 1.0 1.0 1.0 1.0 1.0 1.0 1.0 1.0 1.0 1.0 1.0 1.0 1.0 1.0 1.0 1.0 1.0 1.0 1.0 1.0 1.0 1.0 1.0 1.0 1.0 1.0 1.0 1.0 1.0 1.0 1.0 1.0 1.0 1.0 1.0 1.0 1.0 1.0 1.0 1.0 1.0 1.0 1.0 1.0 1.0 1.0 1.0 1.0 1.0 1.0 1.0 1.0 1.0 1.0 1.0 1.0 1.0 1.0 1.0 1.0 1.0 1.0 1.0 1.0 1.0 1.0 1.0 1.0 1.0 1.0 1.0 1.0 1.0 1.0 1.0 1.0 1.0 1.0 1.0 1.0 1.0 1.0 1.0 1.0 1.0 1.0 1.0 1.0 1.0 1.0 1.0 1.0 1.0 1.0 1.0 1.0 1.0 1.0 1.0 1.0 1.0 1.0 1.0 1.0 1.0 1.0 1.0 1.0 1.0 1.0 1.0 1.0 1.0 1.0 1.0 1.0 1.0 1.0 1.0 1.0 1.0 1.0 1.0 1.0 1.0 1.0 1.0 1.0 1.0 1.0 1.0 1.0 1.0 1.0 1.0 1.0 1.0 1.0 1.0 1.0 1.0 1.0 1.0,2.176097,1.1760969,0.50512826,0.3,0.60409015417099,0.0003,5,4.756131
56,0.21755123138427734,0.99467397,1.014 1.036 0.924 0.984 0.921 0.964 1.267 1.186 0.784 0.781 1.031 1.295 0.938 1.195 0.984 1.31 0.747 0.711 0.915 0.79 0.991 1.103 0.909 1.286 1.048 0.982 0.743 1.27 1.022 1.075 1.05 0.745 1.065 0.787 1.136 0.935 0.876 1.266 1.245 1.17 1.105 1.105 0.909 0.588 0.679 0.863 0.731 1.12 1.22 1.011 1.212 0.729 1.132 1.238 0.774 0.901 0.994 1.131 1.211 1.071 0.839 0.924 0.748 1.214 1.0 1.175 1.124 0.679 0.664 1.0 1.169 1.122 1.067 1.192 1.0 1.3 1.446 1.098 1.12 1.0 1.322 0.913 1.396 1.06 1.0 1.237 0.887 1.155 0.655 1.0 1.041 0.678 1.045 1.072 1.0 1.024 0.876 0.767 0.724 1.0 1.304 0.673 0.754 1.17 1.0 0.961 0.993 1.0 0.722 1.0 0.713 0.801 1.0 0.782 1.0 0.702 1.098 1.0 0.811 1.0 0.711 1.014 1.0 0.839 1.0 0.992 1.022 1.0 0.694 1.0 0.712 1.162 1.0 0.687 1.0 0.946 0.817 1.0 1.129 1.0 1.165 1.015 1.0 1.099 1.0 0.677 0.678 1.0 0.919 1.0 0.682 1.088 1.0 0.765 1.0 1.059 1.01 1.0 1.046 1.0 1.772 0.975 1.0 0.882 1.0 1.0 0.932 1.0 0.987 1.0 1.0 0.93 1.0 0.802 1.0 1.0 0.931 1.0 1.072 1.0 1.0 0.69 1.0 0.866 1.0 1.0 0.717 1.0 0.768 1.0 1.0 0.928 1.0 1.0 1.0 1.0 2.033 1.0 1.0 1.0 1.0 0.756 1.0 1.0 1.0 1.0 0.714 1.0 1.0 1.0 1.0 0.715 1.0 1.0 1.0 1.0 0.721 1.0 1.0 1.0 1.0 0.673 1.0 1.0 1.0 1.0 0.818 1.0 1.0 1.0 1.0 1.0 1.0 1.0 1.0 1.0 1.0 1.0 1.0 1.0 1.0 1.0 1.0 1.0 1.0 1.0 1.0 1.0 1.0 1.0 1.0 1.0 1.0 1.0 1.0 1.0 1.0 1.0 1.0 1.0 1.0 1.0 1.0 1.0 1.0 1.0 1.0 1.0 1.0 1.0 1.0 1.0 1.0 1.0 1.0 1.0 1.0 1.0 1.0 1.0 1.0 1.0 1.0 1.0 1.0 1.0 1.0 1.0 1.0 1.0 1.0 1.0 1.0 1.0 1.0 1.0 1.0 1.0 1.0 1.0 1.0 1.0 1.0 1.0 1.0 1.0 1.0 1.0 1.0 1.0 1.0 1.0 1.0 1.0 1.0 1.0 1.0 1.0 1.0 1.0 1.0 1.0 1.0 1.0 1.0 1.0 1.0 1.0 1.0 1.0 1.0 1.0 1.0 1.0 1.0 1.0 1.0 1.0 1.0 1.0 1.0 1.0 1.0 1.0 1.0 1.0 1.0 1.0 1.0 1.0 1.0 1.0 1.0 1.0 1.0 1.0 1.0 1.0 1.0 1.0 1.0 1.0 1.0 1.0 1.0 1.0 1.0 1.0 1.0 1.0 1.0 1.0 1.0 1.0 1.0 1.0 1.0 1.0 1.0 1.0 0.954 0.978 1.122 0.984 0.921 1.272 0.956 0.946 0.796 0.906 0.96 1.035 0.933 0.778 1.155 1.049 0.771 0.916 0.77 0.984 0.947 1.019 0.935 0.856 0.725 1.173 0.84 1.194 1.059 0.625 0.745 1.277 0.915 1.192 0.723 1.189 1.153 1.053 1.299 0.729 0.735 0.75 1.214 0.502 1.192 0.762 0.909 1.18 0.672 1.209 0.757 0.753 0.715 0.734 0.659 1.212 0.759 0.715 1.271 0.663 1.001 1.054 1.125 0.543 1.009 1.029 1.105 1.127 0.685 1.124 0.925 1.007 1.047 1.245 0.665 1.058 1.11 1.072 0.568 1.148 0.963 1.074 0.7 0.591 0.689 1.0 1.143 1.153 0.936 0.78 1.0 0.976 0.701 0.662 1.15 1.0 0.986 1.436 0.898 0.897 1.0 0.75 0.619 0.674 0.72 1.0 0.774 0.825 0.835 1.0 1.0 1.183 0.84 0.862 1.0 1.0 0.776 0.769 0.848 1.0 1.0 1.163 0.729 0.821 1.0 1.0 1.092 0.665 0.656 1.0 1.0 1.241 0.665 1.14 1.0 1.0 0.84 0.716 0.759 1.0 1.0 0.768 1.14 0.772 1.0 1.0 0.821 0.808 1.0 1.0 1.0 1.254 0.62 1.0 1.0 1.0 0.758 0.672 1.0 1.0 1.0 0.712 0.599 1.0 1.0 1.0 1.049 1.795 1.0 1.0 1.0 0.678 1.0 1.0 1.0 1.0 0.672 1.0 1.0 1.0 1.0 1.03 1.0 1.0 1.0 1.0 0.86 1.0 1.0 1.0 1.0 0.806 1.0 1.0 1.0 1.0 0.813 1.0 1.0 1.0 1.0 0.961 1.0 1.0 1.0 1.0 0.698 1.0 1.0 1.0 1.0 0.827 1.0 1.0 1.0 1.0 0.786 1.0 1.0 1.0 1.0 1.132 1.0 1.0 1.0 1.0 0.64 1.0 1.0 1.0 1.0 1.994 1.0 1.0 1.0 1.0 1.657 1.0 1.0 1.0 1.0 0.74 1.0 1.0 1.0 1.0 1.0 1.0 1.0 1.0 1.0 1.0 1.0 1.0 1.0 1.0 1.0 1.0 1.0 1.0 1.0 1.0 1.0 1.0 1.0 1.0 1.0 1.0 1.0 1.0 1.0 1.0 1.0 1.0 1.0 1.0 1.0 1.0 1.0 1.0 1.0 1.0 1.0 1.0 1.0 1.0 1.0 1.0 1.0 1.0 1.0 1.0 1.0 1.0 1.0 1.0 1.0 1.0 1.0 1.0 1.0 1.0 1.0 1.0 1.0 1.0 1.0 1.0 1.0 1.0 1.0 1.0 1.0 1.0 1.0 1.0 1.0 1.0 1.0 1.0 1.0 1.0 1.0 1.0 1.0 1.0 1.0 1.0 1.0 1.0 1.0 1.0 1.0 1.0 1.0 1.0 1.0 1.0 1.0 1.0 1.0 1.0 1.0 1.0 1.0 1.0 1.0 1.0 1.0 1.0 1.0 1.0 1.0 1.0 1.0 1.0 1.0 1.0 1.0 1.0 1.0 1.0 1.0 1.0 1.0 1.0 1.0 1.0 1.0 1.0 1.0 1.0 1.0 1.0 1.0 1.0 1.0 1.0 1.0 1.0 1.19 1.036 0.834 1.118 0.845 0.978 0.952 1.182 0.961 0.783 1.305 1.324 0.933 1.191 1.241 0.966 1.004 1.294 1.208 0.87 1.291 1.073 1.29 0.915 0.846 1.051 0.989 0.909 1.229 1.218 1.215 0.909 1.017 0.716 0.666 1.011 0.921 1.002 0.879 1.245 0.999 1.012 1.082 1.268 0.545 1.017 1.097 1.054 0.9 1.122 0.912 1.15 1.232 1.12 1.138 0.801 0.62 1.063 1.11 0.557 0.95 1.292 1.146 0.699 0.688 1.018 1.205 0.672 1.215 0.946 1.253 1.283 0.865 1.283 0.77 0.859 1.03 0.754 1.119 0.781 1.161 1.051 0.896 1.274 1.062 0.648 1.011 0.834 1.266 0.931 0.755 0.577 0.853 0.651 1.073 1.077 0.6 0.758 0.852 1.375 0.745 0.684 1.443 1.196 0.738 0.982 0.945 1.0 0.977 0.924 0.742 0.67 1.0 0.676 0.681 0.894 0.698 1.0 1.224 1.0 0.701 1.385 1.0 1.557 1.0 0.694 0.701 1.0 0.778 1.0 0.689 1.377 1.0 1.041 1.0 0.747 1.006 1.0 0.75 1.0 0.929 0.834 1.0 1.056 1.0 1.088 1.232 1.0 0.814 1.0 0.871 0.834 1.0 0.706 1.0 1.076 0.731 1.0 1.0 1.0 0.77 0.793 1.0 1.0 1.0 0.914 0.738 1.0 1.0 1.0 1.075 0.684 1.0 1.0 1.0 0.988 0.703 1.0 1.0 1.0 0.892 0.718 1.0 1.0 1.0 1.036 0.966 1.0 1.0 1.0 0.985 1.0 1.0 1.0 1.0 0.897 1.0 1.0 1.0 1.0 0.809 1.0 1.0 1.0 1.0 0.773 1.0 1.0 1.0 1.0 0.751 1.0 1.0 1.0 1.0 0.74 1.0 1.0 1.0 1.0 1.262 1.0 1.0 1.0 1.0 1.286 1.0 1.0 1.0 1.0 1.446 1.0 1.0 1.0 1.0 1.028 1.0 1.0 1.0 1.0 0.754 1.0 1.0 1.0 1.0 0.741 1.0 1.0 1.0 1.0 1.712 1.0 1.0 1.0 1.0 0.563 1.0 1.0 1.0 1.0 1.0 1.0 1.0 1.0 1.0 1.0 1.0 1.0 1.0 1.0 1.0 1.0 1.0 1.0 1.0 1.0 1.0 1.0 1.0 1.0 1.0 1.0 1.0 1.0 1.0 1.0 1.0 1.0 1.0 1.0 1.0 1.0 1.0 1.0 1.0 1.0 1.0 1.0 1.0 1.0 1.0 1.0 1.0 1.0 1.0 1.0 1.0 1.0 1.0 1.0 1.0 1.0 1.0 1.0 1.0 1.0 1.0 1.0 1.0 1.0 1.0 1.0 1.0 1.0 1.0 1.0 1.0 1.0 1.0 1.0 1.0 1.0 1.0 1.0 1.0 1.0 1.0 1.0 1.0 1.0 1.0 1.0 1.0 1.0 1.0 1.0 1.0 1.0 1.0 1.0 1.0 1.0 1.0 1.0 1.0 1.0 1.0 1.0 1.0 1.0 1.0 1.0 1.0 1.0 1.0 1.0 1.0 1.0 1.0 1.0 1.0 1.0 1.0 1.0 1.0 1.0 1.0 1.0 1.0 1.0 1.19 0.98 0.834 1.118 1.106 0.84 0.955 1.244 0.925 0.78 0.965 0.986 0.94 0.929 0.962 0.818 0.986 1.23 0.869 1.312 0.923 1.141 0.923 1.234 0.871 1.074 1.093 1.206 0.709 1.297 1.199 1.265 1.194 1.316 0.722 0.6 1.286 1.254 1.317 1.434 1.328 0.87 1.249 1.12 1.295 0.919 0.833 0.721 1.316 1.33 1.281 1.173 0.915 1.192 1.309 1.275 1.301 1.127 1.297 1.375 1.253 1.096 0.838 1.06 1.283 1.31 1.278 1.254 1.302 0.963 1.293 1.341 1.181 1.308 1.302 0.941 1.307 1.186 1.293 0.741 1.382 0.629 1.295 0.884 1.304 1.283 1.321 0.792 1.32 0.783 0.638 1.287 1.21 0.775 1.156 1.068 1.228 1.131 0.728 1.291 1.391 0.715 1.269 1.128 1.297 0.908 1.039 1.15 0.752 0.773 1.34 1.376 1.148 0.815 1.281 1.21 0.855 1.056 1.332 0.84 1.206 0.873 0.939 1.371 0.796 0.983 1.374 0.974 0.838 0.796 1.5 0.835 0.957 1.189 1.411 1.132 0.881 1.02 0.952 1.302 0.821 1.445 0.937 0.656 0.73 0.663 1.0 0.915 0.656 1.0 0.685 1.0 0.848 1.0 1.0 0.726 1.0 0.783 1.0 1.0 0.76 1.0 1.138 1.0 1.0 1.136 1.0 1.165 1.0 1.0 2.022 1.0 1.416 1.0 1.0 0.707 1.0 0.929 1.0 1.0 2.024 1.0 0.751 1.0 1.0 0.763 1.0 0.737 1.0 1.0 0.786 1.0 0.731 1.0 1.0 0.782 1.0 0.726 1.0 1.0 1.0 1.0 0.706 1.0 1.0 1.0 1.0 1.489 1.0 1.0 1.0 1.0 1.342 1.0 1.0 1.0 1.0 1.144 1.0 1.0 1.0 1.0 1.01 1.0 1.0 1.0 1.0 0.998 1.0 1.0 1.0 1.0 0.923 1.0 1.0 1.0 1.0 1.09 1.0 1.0 1.0 1.0 1.242 1.0 1.0 1.0 1.0 1.259 1.0 1.0 1.0 1.0 0.881 1.0 1.0 1.0 1.0 0.765 1.0 1.0 1.0 1.0 0.719 1.0 1.0 1.0 1.0 1.077 1.0 1.0 1.0 1.0 0.901 1.0 1.0 1.0 1.0 0.973 1.0 1.0 1.0 1.0 1.095 1.0 1.0 1.0 1.0 1.107 1.0 1.0 1.0 1.0 0.622 1.0 1.0 1.0 1.0 0.88 1.0 1.0 1.0 1.0 1.106 1.0 1.0 1.0 1.0 1.265 1.0 1.0 1.0 1.0 0.644 1.0 1.0 1.0 1.0 0.679 1.0 1.0 1.0 1.0 0.71 1.0 1.0 1.0 1.0 0.69 1.0 1.0 1.0 1.0 0.989 1.0 1.0 1.0 1.0 0.667 1.0 1.0 1.0 1.0 1.131 1.0 1.0 1.0 1.0 0.739 1.0 1.0 1.0 1.0 1.261 1.0 1.0 1.0 1.0 0.632 1.0 1.0 1.0 1.0 0.827 1.0 1.0 1.0 1.0 0.655 1.0 1.0 1.0 1.0 0.703 1.0 1.0 1.0 1.0 0.653 1.0 1.0 0.988 1.194 0.924 1.149 0.99 1.28 0.953 1.245 0.784 1.147 0.831 0.996 0.951 0.763 1.308 0.956 1.123 1.221 0.827 0.908 0.899 1.071 0.729 0.916 0.981 1.108 1.175 0.849 1.197 0.817 1.001 0.748 0.851 1.306 0.938 0.843 1.203 1.093 1.246 1.264 0.872 1.191 1.275 1.279 0.725 1.292 1.292 1.161 1.193 1.348 1.318 0.746 1.197 0.65 1.164 1.096 1.03 1.233 1.225 1.372 1.271 1.167 0.661 1.442 0.692 0.894 1.211 1.321 1.371 1.073 0.908 1.364 0.92 1.04 1.398 0.937 1.22 0.901 1.488 1.17 1.223 1.331 1.243 0.628 0.977 1.058 1.0 1.436 1.355 1.228 0.822 1.0 0.959 1.235 0.728 0.92 1.0 0.902 0.857 0.734 0.773 1.0 0.768 0.705 1.23 1.157 1.0 0.698 1.023 0.777 1.112 1.0 0.857 1.626 1.054 1.124 1.0 0.978 0.718 1.053 0.979 1.0 0.852 0.739 1.206 0.77 1.0 0.902 0.705 0.705 1.201 1.0 0.892 1.23 0.75 0.981 1.0 0.958 0.988 0.757 1.017 1.0 0.72 0.979 0.949 1.01 1.0 0.846 0.734 0.969 1.151 1.0 0.885 0.951 0.672 0.862 1.0 0.922 0.986 1.0 1.119 1.0 0.698 0.956 1.0 0.982 1.0 0.784 0.917 1.0 0.78 1.0 0.84 0.821 1.0 0.816 1.0 1.0 1.205 1.0 0.784 1.0 1.0 0.854 1.0 0.748 1.0 1.0 0.904 1.0 0.749 1.0 1.0 1.461 1.0 1.002 1.0 1.0 1.431 1.0 0.693 1.0 1.0 0.757 1.0 0.697 1.0 1.0 0.678 1.0 0.652 1.0 1.0 0.662 1.0 0.721 1.0 1.0 0.988 1.0 1.0 1.0 1.0 0.981 1.0 1.0 1.0 1.0 0.937 1.0 1.0 1.0 1.0 0.626 1.0 1.0 1.0 1.0 1.0 1.0 1.0 1.0 1.0 1.0 1.0 1.0 1.0 1.0 1.0 1.0 1.0 1.0 1.0 1.0 1.0 1.0 1.0 1.0 1.0 1.0 1.0 1.0 1.0 1.0 1.0 1.0 1.0 1.0 1.0 1.0 1.0 1.0 1.0 1.0 1.0 1.0 1.0 1.0 1.0 1.0 1.0 1.0 1.0 1.0 1.0 1.0 1.0 1.0 1.0 1.0 1.0 1.0 1.0 1.0 1.0 1.0 1.0 1.0 1.0 1.0 1.0 1.0 1.0 1.0 1.0 1.0 1.0 1.0 1.0 1.0 1.0 1.0 1.0 1.0 1.0 1.0 1.0 1.0 1.0 1.0 1.0 1.0 1.0 1.0 1.0 1.0 1.0 1.0 1.0 1.0 1.0 1.0 1.0 1.0 1.0 1.0 1.0 1.0 1.0 1.0 1.0 1.0 1.0 1.0 1.0 1.0 1.0 1.0 1.0 1.0 1.0 1.0 1.0 1.0 1.0 1.0 1.0 1.0 1.0 1.0 1.0 1.0 1.0 1.0 1.0 1.0 1.0 1.0 1.0 1.0 1.0 1.0 1.0 1.0 1.0 1.0 1.0 1.0 1.0 1.0 0.878 1.036 1.174 0.936 0.99 1.024 1.277 1.173 0.934 1.136 0.948 1.306 0.913 1.051 1.312 0.808 0.986 0.74 0.69 0.926 1.331 1.316 1.242 1.231 1.161 0.803 0.81 0.74 0.537 0.814 0.841 1.042 1.244 1.013 0.794 1.068 0.853 0.865 0.676 1.028 0.741 0.724 0.998 1.224 0.727 1.13 1.078 1.286 0.711 1.188 0.802 1.075 1.02 0.954 1.281 0.678 0.861 0.947 0.713 0.75 1.194 0.719 1.092 1.0 1.22 0.757 1.232 1.061 1.0 1.305 0.973 0.764 1.139 1.0 0.667 0.644 1.086 1.109 1.0 1.134 0.82 0.921 0.956 1.0 1.002 1.129 0.741 0.985 1.0 0.839 0.732 1.082 0.832 1.0 0.697 1.145 1.044 0.878 1.0 0.756 1.151 1.039 1.079 1.0 0.782 1.16 1.103 1.056 1.0 0.766 0.704 0.951 0.845 1.0 0.779 0.822 1.196 0.839 1.0 1.491 0.898 0.683 1.06 1.0 1.03 0.963 1.17 0.84 1.0 0.726 0.713 0.936 1.346 1.0 0.705 0.756 0.681 0.839 1.0 1.0 0.715 0.886 1.055 1.0 1.0 0.835 1.135 1.103 1.0 1.0 1.153 1.083 1.105 1.0 1.0 1.018 0.802 0.722 1.0 1.0 0.732 0.961 0.833 1.0 1.0 0.68 0.951 1.382 1.0 1.0 1.0 0.722 1.393 1.0 1.0 1.0 1.313 1.316 1.0 1.0 1.0 0.712 0.78 1.0 1.0 1.0 0.789 1.108 1.0 1.0 1.0 0.78 0.894 1.0 1.0 1.0 0.771 0.929 1.0 1.0 1.0 0.818 1.023 1.0 1.0 1.0 0.799 0.741 1.0 1.0 1.0 0.792 0.679 1.0 1.0 1.0 1.048 0.742 1.0 1.0 1.0 0.943 0.687 1.0 1.0 1.0 0.719 0.686 1.0 1.0 1.0 0.998 0.66 1.0 1.0 1.0 0.941 0.651 1.0 1.0 1.0 1.004 0.643 1.0 1.0 1.0 0.906 1.0 1.0 1.0 1.0 0.681 1.0 1.0 1.0 1.0 0.703 1.0 1.0 1.0 1.0 0.984 1.0 1.0 1.0 1.0 0.681 1.0 1.0 1.0 1.0 0.698 1.0 1.0 1.0 1.0 0.726 1.0 1.0 1.0 1.0 0.707 1.0 1.0 1.0 1.0 0.665 1.0 1.0 1.0 1.0 0.669 1.0 1.0 1.0 1.0 0.628 1.0 1.0 1.0 1.0 1.0 1.0 1.0 1.0 1.0 1.0 1.0 1.0 1.0 1.0 1.0 1.0 1.0 1.0 1.0 1.0 1.0 1.0 1.0 1.0 1.0 1.0 1.0 1.0 1.0 1.0 1.0 1.0 1.0 1.0 1.0 1.0 1.0 1.0 1.0 1.0 1.0 1.0 1.0 1.0 1.0 1.0 1.0 1.0 1.0 1.0 1.0 1.0 1.0 1.0 1.0 1.0 1.0 1.0 1.0 1.0 1.0 1.0 1.0 1.0 1.0 1.0 1.0 1.0 1.0 1.0 1.0 1.0 1.0 1.0 1.0 1.0 1.0 1.0 1.0 1.0 1.0 1.0 1.0 1.19 1.194 0.983 1.118 0.845 0.975 1.278 1.266 1.176 1.237 1.305 1.003 0.907 1.216 1.247 0.825 0.895 0.946 0.738 0.836 1.019 1.184 1.152 0.885 1.04 0.846 1.188 0.893 1.267 0.785 1.173 0.502 1.106 0.741 1.229 0.886 1.138 0.712 1.027 1.042 1.158 1.255 1.347 1.094 1.152 1.053 1.245 1.351 1.3 0.7 0.742 1.214 1.133 1.158 1.245 1.146 0.637 1.163 1.029 1.251 1.231 1.261 1.286 1.355 1.061 1.229 0.54 1.335 1.128 1.231 1.157 1.471 0.677 0.787 0.739 1.244 1.201 0.686 1.363 0.729 1.097 1.043 1.262 1.282 1.0 1.317 0.624 1.289 1.41 1.0 1.321 1.262 1.174 0.652 1.0 1.076 0.991 1.286 1.325 1.0 1.067 0.706 1.327 0.665 1.0 0.953 1.248 1.002 1.144 1.0 0.9 0.985 0.897 1.05 1.0 1.048 1.42 1.466 0.745 1.0 1.036 1.412 0.823 1.155 1.0 1.267 1.002 0.747 1.062 1.0 1.223 1.422 1.28 0.979 1.0 1.167 0.763 0.767 0.706 1.0 0.982 1.453 1.276 0.844 1.0 1.319 0.57 1.225 0.692 1.0 1.286 0.744 1.23 0.823 1.0 0.673 1.08 0.939 0.983 1.0 0.686 1.3 1.238 0.758 1.0 0.7 1.272 0.758 1.0 1.0 0.719 0.619 0.818 1.0 1.0 0.708 0.687 1.0 1.0 1.0 0.688 0.725 1.0 1.0 1.0 0.672 0.746 1.0 1.0 1.0 1.08 0.718 1.0 1.0 1.0 0.771 0.729 1.0 1.0 1.0 1.166 0.727 1.0 1.0 1.0 1.184 1.0 1.0 1.0 1.0 0.924 1.0 1.0 1.0 1.0 1.597 1.0 1.0 1.0 1.0 0.763 1.0 1.0 1.0 1.0 0.859 1.0 1.0 1.0 1.0 1.222 1.0 1.0 1.0 1.0 0.76 1.0 1.0 1.0 1.0 0.759 1.0 1.0 1.0 1.0 1.0 1.0 1.0 1.0 1.0 1.0 1.0 1.0 1.0 1.0 1.0 1.0 1.0 1.0 1.0 1.0 1.0 1.0 1.0 1.0 1.0 1.0 1.0 1.0 1.0 1.0 1.0 1.0 1.0 1.0 1.0 1.0 1.0 1.0 1.0 1.0 1.0 1.0 1.0 1.0 1.0 1.0 1.0 1.0 1.0 1.0 1.0 1.0 1.0 1.0 1.0 1.0 1.0 1.0 1.0 1.0 1.0 1.0 1.0 1.0 1.0 1.0 1.0 1.0 1.0 1.0 1.0 1.0 1.0 1.0 1.0 1.0 1.0 1.0 1.0 1.0 1.0 1.0 1.0 1.0 1.0 1.0 1.0 1.0 1.0 1.0 1.0 1.0 1.0 1.0 1.0 1.0 1.0 1.0 1.0 1.0 1.0 1.0 1.0 1.0 1.0 1.0 1.0 1.0 1.0 1.0 1.0 1.0 1.0 1.0 1.0 1.0 1.0 1.0 1.0 1.0 1.0 1.0 1.0 1.0 1.0 1.0 1.0 1.0 1.0 1.0 1.0 1.0 1.0 1.0 1.0 1.0 1.0 1.0 1.0 0.878 0.98 1.174 1.118 0.845 1.272 0.957 1.18 0.786 1.246 0.944 0.769 0.942 1.218 1.191 0.957 0.761 1.212 0.767 0.948 1.043 1.294 1.212 0.983 0.889 1.045 1.001 0.724 1.063 1.173 1.044 0.819 1.222 1.094 0.971 1.18 0.921 0.715 1.15 1.227 0.787 1.036 0.952 1.356 1.08 0.682 0.785 0.92 1.182 1.219 1.376 1.084 0.951 1.322 1.044 1.079 0.915 0.944 1.163 0.591 0.616 1.176 0.984 1.245 1.242 1.347 0.791 0.828 0.906 1.362 0.748 1.314 0.968 0.994 0.627 1.325 1.346 0.969 1.0 1.258 0.775 1.282 1.278 1.0 1.235 0.798 1.14 0.804 1.0 1.254 1.106 1.131 1.132 1.0 1.444 0.824 0.826 0.932 1.0 0.708 1.109 0.623 1.275 1.0 0.907 1.047 0.637 1.039 1.0 1.011 1.123 0.943 0.705 1.0 1.005 1.33 0.826 1.194 1.0 1.704 0.905 0.836 1.039 1.0 1.09 0.936 1.123 1.239 1.0 0.734 1.345 0.83 0.955 1.0 1.774 0.898 0.888 1.245 1.0 1.006 1.054 1.089 0.829 1.0 0.752 0.846 1.125 0.767 1.0 0.99 1.242 0.871 0.771 1.0 0.78 0.971 1.363 0.999 1.0 0.729 1.0 1.27 1.305 1.0 0.983 1.0 1.345 0.826 1.0 0.759 1.0 0.822 0.817 1.0 0.703 1.0 0.897 0.737 1.0 0.731 1.0 0.836 0.805 1.0 0.785 1.0 0.809 0.71 1.0 0.795 1.0 0.746 1.528 1.0 2.2 1.0 1.0 0.714 1.0 0.642 1.0 1.0 0.723 1.0 0.732 1.0 1.0 1.152 1.0 1.0 1.0 1.0 0.611 1.0 1.0 1.0 1.0 0.896 1.0 1.0 1.0 1.0 1.949 1.0 1.0 1.0 1.0 1.0 1.0 1.0 1.0 1.0 1.0 1.0 1.0 1.0 1.0 1.0 1.0 1.0 1.0 1.0 1.0 1.0 1.0 1.0 1.0 1.0 1.0 1.0 1.0 1.0 1.0 1.0 1.0 1.0 1.0 1.0 1.0 1.0 1.0 1.0 1.0 1.0 1.0 1.0 1.0 1.0 1.0 1.0 1.0 1.0 1.0 1.0 1.0 1.0 1.0 1.0 1.0 1.0 1.0 1.0 1.0 1.0 1.0 1.0 1.0 1.0 1.0 1.0 1.0 1.0 1.0 1.0 1.0 1.0 1.0 1.0 1.0 1.0 1.0 1.0 1.0 1.0 1.0 1.0 1.0 1.0 1.0 1.0 1.0 1.0 1.0 1.0 1.0 1.0 1.0 1.0 1.0 1.0 1.0 1.0 1.0 1.0 1.0 1.0 1.0 1.0 1.0 1.0 1.0 1.0 1.0 1.0 1.0 1.0 1.0 1.0 1.0 1.0 1.0 1.0 1.0 1.0 1.0 1.0 1.0 1.0 1.0 1.0 1.0 1.0 1.0 1.0 1.0 1.0 1.0 1.0 1.0 1.0 1.0 1.0 1.0 1.0 1.0 1.0 1.0 1.0 1.0 1.0 1.0 1.0 1.0 1.0 1.0 1.0 1.0 1.0 1.0 1.0,2.1999266,1.1999266,0.50227517,0.3,0.6031322479248047,0.0003,5,4.832486
57,0.21850384771823883,0.9945764,1.013 1.035 0.921 0.985 0.918 0.967 1.273 1.188 0.782 0.779 1.028 1.302 0.939 1.196 0.98 1.317 0.745 0.709 0.917 0.791 0.984 1.1 0.911 1.29 1.047 0.975 0.74 1.277 1.017 1.072 1.046 0.742 1.06 0.788 1.133 0.934 0.879 1.268 1.248 1.168 1.1 1.103 0.909 0.586 0.679 0.864 0.729 1.117 1.224 1.015 1.209 0.726 1.129 1.241 0.78 0.906 0.987 1.129 1.212 1.077 0.844 0.929 0.751 1.214 1.0 1.175 1.124 0.681 0.663 1.0 1.168 1.12 1.071 1.191 1.0 1.301 1.456 1.093 1.123 1.0 1.321 0.914 1.394 1.054 1.0 1.235 0.887 1.149 0.655 1.0 1.041 0.676 1.042 1.075 1.0 1.021 0.875 0.771 0.724 1.0 1.305 0.671 0.75 1.167 1.0 0.957 0.986 1.0 0.722 1.0 0.715 0.8 1.0 0.782 1.0 0.704 1.101 1.0 0.811 1.0 0.712 1.018 1.0 0.839 1.0 0.993 1.026 1.0 0.693 1.0 0.713 1.158 1.0 0.685 1.0 0.947 0.812 1.0 1.133 1.0 1.164 1.016 1.0 1.095 1.0 0.677 0.676 1.0 0.916 1.0 0.682 1.08 1.0 0.764 1.0 1.058 1.006 1.0 1.05 1.0 1.777 0.966 1.0 0.879 1.0 1.0 0.932 1.0 0.99 1.0 1.0 0.931 1.0 0.802 1.0 1.0 0.93 1.0 1.066 1.0 1.0 0.686 1.0 0.861 1.0 1.0 0.714 1.0 0.765 1.0 1.0 0.918 1.0 1.0 1.0 1.0 2.053 1.0 1.0 1.0 1.0 0.754 1.0 1.0 1.0 1.0 0.71 1.0 1.0 1.0 1.0 0.711 1.0 1.0 1.0 1.0 0.716 1.0 1.0 1.0 1.0 0.67 1.0 1.0 1.0 1.0 0.818 1.0 1.0 1.0 1.0 1.0 1.0 1.0 1.0 1.0 1.0 1.0 1.0 1.0 1.0 1.0 1.0 1.0 1.0 1.0 1.0 1.0 1.0 1.0 1.0 1.0 1.0 1.0 1.0 1.0 1.0 1.0 1.0 1.0 1.0 1.0 1.0 1.0 1.0 1.0 1.0 1.0 1.0 1.0 1.0 1.0 1.0 1.0 1.0 1.0 1.0 1.0 1.0 1.0 1.0 1.0 1.0 1.0 1.0 1.0 1.0 1.0 1.0 1.0 1.0 1.0 1.0 1.0 1.0 1.0 1.0 1.0 1.0 1.0 1.0 1.0 1.0 1.0 1.0 1.0 1.0 1.0 1.0 1.0 1.0 1.0 1.0 1.0 1.0 1.0 1.0 1.0 1.0 1.0 1.0 1.0 1.0 1.0 1.0 1.0 1.0 1.0 1.0 1.0 1.0 1.0 1.0 1.0 1.0 1.0 1.0 1.0 1.0 1.0 1.0 1.0 1.0 1.0 1.0 1.0 1.0 1.0 1.0 1.0 1.0 1.0 1.0 1.0 1.0 1.0 1.0 1.0 1.0 1.0 1.0 1.0 1.0 1.0 1.0 1.0 1.0 1.0 1.0 1.0 1.0 1.0 1.0 1.0 1.0 1.0 1.0 1.0 1.0 1.0 0.95 0.981 1.124 0.985 0.918 1.277 0.96 0.948 0.794 0.902 0.953 1.032 0.928 0.776 1.154 1.045 0.768 0.918 0.769 0.988 0.944 1.012 0.929 0.858 0.725 1.172 0.843 1.195 1.055 0.624 0.747 1.288 0.914 1.193 0.723 1.187 1.16 1.049 1.304 0.732 0.739 0.752 1.216 0.5 1.189 0.764 0.91 1.182 0.672 1.206 0.761 0.754 0.714 0.738 0.661 1.212 0.76 0.711 1.27 0.665 0.996 1.056 1.122 0.542 1.012 1.023 1.102 1.126 0.686 1.122 0.919 1.005 1.043 1.245 0.666 1.062 1.111 1.068 0.569 1.147 0.958 1.075 0.701 0.593 0.691 1.0 1.14 1.158 0.929 0.78 1.0 0.974 0.702 0.666 1.144 1.0 0.984 1.437 0.897 0.888 1.0 0.749 0.62 0.677 0.722 1.0 0.773 0.816 0.834 1.0 1.0 1.185 0.834 0.856 1.0 1.0 0.776 0.77 0.842 1.0 1.0 1.162 0.729 0.819 1.0 1.0 1.092 0.664 0.656 1.0 1.0 1.242 0.669 1.129 1.0 1.0 0.837 0.714 0.761 1.0 1.0 0.764 1.127 0.768 1.0 1.0 0.817 0.799 1.0 1.0 1.0 1.257 0.622 1.0 1.0 1.0 0.758 0.668 1.0 1.0 1.0 0.712 0.602 1.0 1.0 1.0 1.049 1.796 1.0 1.0 1.0 0.678 1.0 1.0 1.0 1.0 0.673 1.0 1.0 1.0 1.0 1.028 1.0 1.0 1.0 1.0 0.855 1.0 1.0 1.0 1.0 0.803 1.0 1.0 1.0 1.0 0.81 1.0 1.0 1.0 1.0 0.959 1.0 1.0 1.0 1.0 0.698 1.0 1.0 1.0 1.0 0.826 1.0 1.0 1.0 1.0 0.787 1.0 1.0 1.0 1.0 1.121 1.0 1.0 1.0 1.0 0.642 1.0 1.0 1.0 1.0 2.012 1.0 1.0 1.0 1.0 1.658 1.0 1.0 1.0 1.0 0.743 1.0 1.0 1.0 1.0 1.0 1.0 1.0 1.0 1.0 1.0 1.0 1.0 1.0 1.0 1.0 1.0 1.0 1.0 1.0 1.0 1.0 1.0 1.0 1.0 1.0 1.0 1.0 1.0 1.0 1.0 1.0 1.0 1.0 1.0 1.0 1.0 1.0 1.0 1.0 1.0 1.0 1.0 1.0 1.0 1.0 1.0 1.0 1.0 1.0 1.0 1.0 1.0 1.0 1.0 1.0 1.0 1.0 1.0 1.0 1.0 1.0 1.0 1.0 1.0 1.0 1.0 1.0 1.0 1.0 1.0 1.0 1.0 1.0 1.0 1.0 1.0 1.0 1.0 1.0 1.0 1.0 1.0 1.0 1.0 1.0 1.0 1.0 1.0 1.0 1.0 1.0 1.0 1.0 1.0 1.0 1.0 1.0 1.0 1.0 1.0 1.0 1.0 1.0 1.0 1.0 1.0 1.0 1.0 1.0 1.0 1.0 1.0 1.0 1.0 1.0 1.0 1.0 1.0 1.0 1.0 1.0 1.0 1.0 1.0 1.0 1.0 1.0 1.0 1.0 1.0 1.0 1.0 1.0 1.0 1.0 1.0 1.0 1.0 1.194 1.035 0.832 1.119 0.844 0.982 0.956 1.185 0.962 0.781 1.312 1.331 0.935 1.192 1.245 0.971 0.998 1.299 1.209 0.871 1.298 1.071 1.295 0.918 0.848 1.058 0.995 0.912 1.23 1.219 1.222 0.914 1.011 0.714 0.665 1.017 0.919 0.999 0.881 1.248 0.995 1.007 1.08 1.275 0.543 1.011 1.095 1.052 0.899 1.121 0.917 1.152 1.235 1.116 1.138 0.804 0.619 1.061 1.112 0.556 0.953 1.291 1.142 0.698 0.691 1.014 1.203 0.674 1.211 0.94 1.265 1.286 0.86 1.287 0.772 0.85 1.023 0.754 1.118 0.783 1.157 1.045 0.892 1.279 1.056 0.645 1.006 0.828 1.263 0.929 0.755 0.576 0.854 0.65 1.069 1.073 0.599 0.758 0.854 1.374 0.742 0.685 1.44 1.195 0.732 0.976 0.94 1.0 0.974 0.927 0.741 0.67 1.0 0.676 0.675 0.886 0.7 1.0 1.227 1.0 0.699 1.387 1.0 1.561 1.0 0.692 0.702 1.0 0.772 1.0 0.688 1.376 1.0 1.042 1.0 0.747 1.007 1.0 0.743 1.0 0.932 0.83 1.0 1.048 1.0 1.089 1.232 1.0 0.812 1.0 0.866 0.831 1.0 0.698 1.0 1.082 0.731 1.0 1.0 1.0 0.767 0.789 1.0 1.0 1.0 0.909 0.737 1.0 1.0 1.0 1.073 0.683 1.0 1.0 1.0 0.992 0.702 1.0 1.0 1.0 0.889 0.717 1.0 1.0 1.0 1.035 0.97 1.0 1.0 1.0 0.984 1.0 1.0 1.0 1.0 0.892 1.0 1.0 1.0 1.0 0.807 1.0 1.0 1.0 1.0 0.77 1.0 1.0 1.0 1.0 0.751 1.0 1.0 1.0 1.0 0.737 1.0 1.0 1.0 1.0 1.247 1.0 1.0 1.0 1.0 1.274 1.0 1.0 1.0 1.0 1.441 1.0 1.0 1.0 1.0 1.023 1.0 1.0 1.0 1.0 0.753 1.0 1.0 1.0 1.0 0.742 1.0 1.0 1.0 1.0 1.717 1.0 1.0 1.0 1.0 0.564 1.0 1.0 1.0 1.0 1.0 1.0 1.0 1.0 1.0 1.0 1.0 1.0 1.0 1.0 1.0 1.0 1.0 1.0 1.0 1.0 1.0 1.0 1.0 1.0 1.0 1.0 1.0 1.0 1.0 1.0 1.0 1.0 1.0 1.0 1.0 1.0 1.0 1.0 1.0 1.0 1.0 1.0 1.0 1.0 1.0 1.0 1.0 1.0 1.0 1.0 1.0 1.0 1.0 1.0 1.0 1.0 1.0 1.0 1.0 1.0 1.0 1.0 1.0 1.0 1.0 1.0 1.0 1.0 1.0 1.0 1.0 1.0 1.0 1.0 1.0 1.0 1.0 1.0 1.0 1.0 1.0 1.0 1.0 1.0 1.0 1.0 1.0 1.0 1.0 1.0 1.0 1.0 1.0 1.0 1.0 1.0 1.0 1.0 1.0 1.0 1.0 1.0 1.0 1.0 1.0 1.0 1.0 1.0 1.0 1.0 1.0 1.0 1.0 1.0 1.0 1.0 1.0 1.0 1.0 1.0 1.0 1.0 1.0 1.0 1.194 0.977 0.832 1.119 1.107 0.839 0.959 1.247 0.921 0.778 0.97 0.98 0.942 0.924 0.964 0.816 0.98 1.232 0.87 1.317 0.923 1.148 0.917 1.237 0.871 1.069 1.09 1.207 0.709 1.301 1.202 1.268 1.195 1.318 0.722 0.599 1.286 1.262 1.319 1.436 1.328 0.879 1.258 1.12 1.298 0.928 0.841 0.72 1.315 1.33 1.277 1.178 0.917 1.194 1.311 1.273 1.304 1.129 1.3 1.379 1.253 1.102 0.838 1.062 1.283 1.307 1.277 1.26 1.3 0.959 1.295 1.34 1.184 1.31 1.3 0.936 1.309 1.184 1.289 0.741 1.384 0.629 1.3 0.88 1.302 1.28 1.319 0.79 1.323 0.788 0.639 1.285 1.216 0.779 1.163 1.075 1.228 1.131 0.73 1.294 1.394 0.716 1.277 1.136 1.3 0.901 1.043 1.155 0.755 0.773 1.337 1.377 1.149 0.82 1.278 1.206 0.859 1.06 1.332 0.839 1.203 0.877 0.935 1.372 0.794 0.988 1.374 0.974 0.844 0.8 1.503 0.841 0.957 1.189 1.416 1.13 0.885 1.023 0.962 1.298 0.813 1.447 0.936 0.653 0.729 0.663 1.0 0.913 0.654 1.0 0.687 1.0 0.845 1.0 1.0 0.728 1.0 0.784 1.0 1.0 0.762 1.0 1.139 1.0 1.0 1.128 1.0 1.166 1.0 1.0 2.036 1.0 1.42 1.0 1.0 0.707 1.0 0.927 1.0 1.0 2.037 1.0 0.751 1.0 1.0 0.759 1.0 0.737 1.0 1.0 0.786 1.0 0.731 1.0 1.0 0.782 1.0 0.726 1.0 1.0 1.0 1.0 0.701 1.0 1.0 1.0 1.0 1.494 1.0 1.0 1.0 1.0 1.344 1.0 1.0 1.0 1.0 1.147 1.0 1.0 1.0 1.0 1.009 1.0 1.0 1.0 1.0 0.996 1.0 1.0 1.0 1.0 0.923 1.0 1.0 1.0 1.0 1.09 1.0 1.0 1.0 1.0 1.244 1.0 1.0 1.0 1.0 1.26 1.0 1.0 1.0 1.0 0.882 1.0 1.0 1.0 1.0 0.763 1.0 1.0 1.0 1.0 0.716 1.0 1.0 1.0 1.0 1.081 1.0 1.0 1.0 1.0 0.903 1.0 1.0 1.0 1.0 0.971 1.0 1.0 1.0 1.0 1.096 1.0 1.0 1.0 1.0 1.107 1.0 1.0 1.0 1.0 0.62 1.0 1.0 1.0 1.0 0.879 1.0 1.0 1.0 1.0 1.106 1.0 1.0 1.0 1.0 1.267 1.0 1.0 1.0 1.0 0.641 1.0 1.0 1.0 1.0 0.678 1.0 1.0 1.0 1.0 0.708 1.0 1.0 1.0 1.0 0.69 1.0 1.0 1.0 1.0 0.987 1.0 1.0 1.0 1.0 0.664 1.0 1.0 1.0 1.0 1.133 1.0 1.0 1.0 1.0 0.737 1.0 1.0 1.0 1.0 1.262 1.0 1.0 1.0 1.0 0.63 1.0 1.0 1.0 1.0 0.826 1.0 1.0 1.0 1.0 0.657 1.0 1.0 1.0 1.0 0.706 1.0 1.0 1.0 1.0 0.656 1.0 1.0 0.991 1.198 0.921 1.151 0.991 1.286 0.957 1.249 0.782 1.149 0.83 0.99 0.953 0.761 1.312 0.961 1.129 1.223 0.825 0.902 0.897 1.068 0.727 0.914 0.977 1.116 1.177 0.847 1.196 0.818 0.997 0.749 0.849 1.311 0.936 0.846 1.202 1.09 1.245 1.268 0.875 1.19 1.281 1.277 0.728 1.292 1.297 1.161 1.199 1.352 1.318 0.748 1.195 0.648 1.164 1.089 1.03 1.238 1.226 1.377 1.272 1.164 0.659 1.445 0.694 0.897 1.21 1.328 1.379 1.069 0.907 1.368 0.925 1.035 1.404 0.939 1.219 0.905 1.489 1.169 1.221 1.334 1.243 0.627 0.971 1.06 1.0 1.443 1.356 1.233 0.82 1.0 0.954 1.237 0.729 0.918 1.0 0.896 0.853 0.735 0.771 1.0 0.77 0.702 1.231 1.16 1.0 0.696 1.026 0.778 1.117 1.0 0.851 1.628 1.055 1.123 1.0 0.98 0.721 1.055 0.983 1.0 0.852 0.739 1.206 0.769 1.0 0.897 0.708 0.702 1.196 1.0 0.892 1.224 0.747 0.982 1.0 0.947 0.992 0.753 1.019 1.0 0.717 0.983 0.945 1.011 1.0 0.84 0.734 0.969 1.147 1.0 0.884 0.954 0.669 0.863 1.0 0.922 0.992 1.0 1.114 1.0 0.695 0.961 1.0 0.984 1.0 0.782 0.918 1.0 0.78 1.0 0.835 0.82 1.0 0.818 1.0 1.0 1.2 1.0 0.785 1.0 1.0 0.857 1.0 0.746 1.0 1.0 0.909 1.0 0.745 1.0 1.0 1.463 1.0 0.992 1.0 1.0 1.427 1.0 0.689 1.0 1.0 0.755 1.0 0.693 1.0 1.0 0.677 1.0 0.652 1.0 1.0 0.661 1.0 0.718 1.0 1.0 0.977 1.0 1.0 1.0 1.0 0.968 1.0 1.0 1.0 1.0 0.931 1.0 1.0 1.0 1.0 0.623 1.0 1.0 1.0 1.0 1.0 1.0 1.0 1.0 1.0 1.0 1.0 1.0 1.0 1.0 1.0 1.0 1.0 1.0 1.0 1.0 1.0 1.0 1.0 1.0 1.0 1.0 1.0 1.0 1.0 1.0 1.0 1.0 1.0 1.0 1.0 1.0 1.0 1.0 1.0 1.0 1.0 1.0 1.0 1.0 1.0 1.0 1.0 1.0 1.0 1.0 1.0 1.0 1.0 1.0 1.0 1.0 1.0 1.0 1.0 1.0 1.0 1.0 1.0 1.0 1.0 1.0 1.0 1.0 1.0 1.0 1.0 1.0 1.0 1.0 1.0 1.0 1.0 1.0 1.0 1.0 1.0 1.0 1.0 1.0 1.0 1.0 1.0 1.0 1.0 1.0 1.0 1.0 1.0 1.0 1.0 1.0 1.0 1.0 1.0 1.0 1.0 1.0 1.0 1.0 1.0 1.0 1.0 1.0 1.0 1.0 1.0 1.0 1.0 1.0 1.0 1.0 1.0 1.0 1.0 1.0 1.0 1.0 1.0 1.0 1.0 1.0 1.0 1.0 1.0 1.0 1.0 1.0 1.0 1.0 1.0 1.0 1.0 1.0 1.0 1.0 1.0 1.0 1.0 1.0 1.0 1.0 0.877 1.035 1.177 0.933 0.991 1.021 1.283 1.176 0.93 1.136 0.952 1.313 0.908 1.048 1.318 0.806 0.979 0.738 0.69 0.921 1.338 1.323 1.245 1.232 1.161 0.802 0.808 0.738 0.535 0.812 0.844 1.039 1.247 1.009 0.794 1.061 0.851 0.866 0.68 1.025 0.743 0.725 0.993 1.233 0.727 1.124 1.076 1.291 0.715 1.191 0.801 1.074 1.015 0.948 1.285 0.68 0.864 0.947 0.716 0.75 1.189 0.716 1.094 1.0 1.219 0.758 1.235 1.061 1.0 1.305 0.971 0.762 1.142 1.0 0.669 0.642 1.081 1.112 1.0 1.134 0.82 0.925 0.957 1.0 1.003 1.124 0.739 0.985 1.0 0.835 0.732 1.079 0.831 1.0 0.699 1.141 1.04 0.873 1.0 0.755 1.147 1.037 1.081 1.0 0.777 1.156 1.101 1.056 1.0 0.762 0.704 0.955 0.84 1.0 0.778 0.825 1.195 0.835 1.0 1.498 0.899 0.682 1.06 1.0 1.027 0.963 1.167 0.836 1.0 0.726 0.711 0.936 1.349 1.0 0.702 0.753 0.68 0.835 1.0 1.0 0.711 0.884 1.054 1.0 1.0 0.835 1.14 1.106 1.0 1.0 1.148 1.086 1.107 1.0 1.0 1.017 0.799 0.721 1.0 1.0 0.728 0.958 0.829 1.0 1.0 0.676 0.948 1.385 1.0 1.0 1.0 0.72 1.396 1.0 1.0 1.0 1.316 1.319 1.0 1.0 1.0 0.711 0.778 1.0 1.0 1.0 0.786 1.108 1.0 1.0 1.0 0.777 0.891 1.0 1.0 1.0 0.768 0.927 1.0 1.0 1.0 0.815 1.024 1.0 1.0 1.0 0.795 0.739 1.0 1.0 1.0 0.788 0.678 1.0 1.0 1.0 1.051 0.736 1.0 1.0 1.0 0.943 0.687 1.0 1.0 1.0 0.715 0.69 1.0 1.0 1.0 1.0 0.66 1.0 1.0 1.0 0.937 0.647 1.0 1.0 1.0 1.006 0.638 1.0 1.0 1.0 0.896 1.0 1.0 1.0 1.0 0.679 1.0 1.0 1.0 1.0 0.698 1.0 1.0 1.0 1.0 0.975 1.0 1.0 1.0 1.0 0.678 1.0 1.0 1.0 1.0 0.695 1.0 1.0 1.0 1.0 0.722 1.0 1.0 1.0 1.0 0.706 1.0 1.0 1.0 1.0 0.668 1.0 1.0 1.0 1.0 0.668 1.0 1.0 1.0 1.0 0.63 1.0 1.0 1.0 1.0 1.0 1.0 1.0 1.0 1.0 1.0 1.0 1.0 1.0 1.0 1.0 1.0 1.0 1.0 1.0 1.0 1.0 1.0 1.0 1.0 1.0 1.0 1.0 1.0 1.0 1.0 1.0 1.0 1.0 1.0 1.0 1.0 1.0 1.0 1.0 1.0 1.0 1.0 1.0 1.0 1.0 1.0 1.0 1.0 1.0 1.0 1.0 1.0 1.0 1.0 1.0 1.0 1.0 1.0 1.0 1.0 1.0 1.0 1.0 1.0 1.0 1.0 1.0 1.0 1.0 1.0 1.0 1.0 1.0 1.0 1.0 1.0 1.0 1.0 1.0 1.0 1.0 1.0 1.0 1.194 1.198 0.984 1.119 0.844 0.979 1.283 1.269 1.178 1.241 1.311 0.997 0.902 1.218 1.251 0.823 0.893 0.948 0.735 0.835 1.016 1.186 1.158 0.887 1.045 0.844 1.188 0.894 1.271 0.786 1.18 0.5 1.106 0.739 1.23 0.889 1.135 0.712 1.021 1.04 1.159 1.259 1.349 1.096 1.15 1.051 1.245 1.352 1.302 0.705 0.743 1.21 1.134 1.155 1.253 1.146 0.638 1.161 1.025 1.249 1.234 1.267 1.289 1.359 1.058 1.232 0.537 1.338 1.126 1.239 1.158 1.469 0.677 0.79 0.743 1.242 1.206 0.685 1.364 0.733 1.098 1.039 1.26 1.285 1.0 1.314 0.624 1.287 1.412 1.0 1.319 1.261 1.179 0.652 1.0 1.074 0.999 1.284 1.327 1.0 1.068 0.705 1.325 0.665 1.0 0.958 1.247 1.007 1.147 1.0 0.899 0.991 0.895 1.046 1.0 1.049 1.418 1.465 0.74 1.0 1.041 1.411 0.821 1.15 1.0 1.265 0.998 0.746 1.06 1.0 1.222 1.422 1.272 0.985 1.0 1.164 0.766 0.767 0.707 1.0 0.98 1.456 1.272 0.847 1.0 1.321 0.57 1.221 0.689 1.0 1.287 0.746 1.232 0.826 1.0 0.674 1.087 0.934 0.985 1.0 0.687 1.298 1.232 0.758 1.0 0.701 1.266 0.758 1.0 1.0 0.719 0.619 0.821 1.0 1.0 0.706 0.686 1.0 1.0 1.0 0.684 0.719 1.0 1.0 1.0 0.667 0.741 1.0 1.0 1.0 1.081 0.715 1.0 1.0 1.0 0.767 0.728 1.0 1.0 1.0 1.169 0.724 1.0 1.0 1.0 1.187 1.0 1.0 1.0 1.0 0.923 1.0 1.0 1.0 1.0 1.595 1.0 1.0 1.0 1.0 0.762 1.0 1.0 1.0 1.0 0.858 1.0 1.0 1.0 1.0 1.217 1.0 1.0 1.0 1.0 0.756 1.0 1.0 1.0 1.0 0.76 1.0 1.0 1.0 1.0 1.0 1.0 1.0 1.0 1.0 1.0 1.0 1.0 1.0 1.0 1.0 1.0 1.0 1.0 1.0 1.0 1.0 1.0 1.0 1.0 1.0 1.0 1.0 1.0 1.0 1.0 1.0 1.0 1.0 1.0 1.0 1.0 1.0 1.0 1.0 1.0 1.0 1.0 1.0 1.0 1.0 1.0 1.0 1.0 1.0 1.0 1.0 1.0 1.0 1.0 1.0 1.0 1.0 1.0 1.0 1.0 1.0 1.0 1.0 1.0 1.0 1.0 1.0 1.0 1.0 1.0 1.0 1.0 1.0 1.0 1.0 1.0 1.0 1.0 1.0 1.0 1.0 1.0 1.0 1.0 1.0 1.0 1.0 1.0 1.0 1.0 1.0 1.0 1.0 1.0 1.0 1.0 1.0 1.0 1.0 1.0 1.0 1.0 1.0 1.0 1.0 1.0 1.0 1.0 1.0 1.0 1.0 1.0 1.0 1.0 1.0 1.0 1.0 1.0 1.0 1.0 1.0 1.0 1.0 1.0 1.0 1.0 1.0 1.0 1.0 1.0 1.0 1.0 1.0 1.0 1.0 1.0 1.0 1.0 1.0 0.877 0.977 1.177 1.119 0.844 1.277 0.961 1.182 0.784 1.25 0.938 0.767 0.944 1.221 1.192 0.956 0.759 1.215 0.765 0.95 1.041 1.302 1.213 0.977 0.888 1.042 0.996 0.722 1.059 1.172 1.042 0.822 1.224 1.092 0.97 1.178 0.919 0.713 1.151 1.228 0.789 1.036 0.947 1.355 1.078 0.681 0.787 0.922 1.187 1.22 1.378 1.083 0.954 1.321 1.043 1.08 0.918 0.94 1.171 0.589 0.614 1.172 0.979 1.259 1.241 1.35 0.793 0.828 0.9 1.369 0.75 1.316 0.969 0.988 0.627 1.327 1.349 0.965 1.0 1.261 0.778 1.284 1.283 1.0 1.235 0.801 1.139 0.805 1.0 1.259 1.105 1.137 1.135 1.0 1.449 0.827 0.829 0.931 1.0 0.709 1.107 0.622 1.277 1.0 0.9 1.045 0.636 1.041 1.0 1.005 1.124 0.937 0.704 1.0 0.999 1.332 0.828 1.192 1.0 1.716 0.908 0.838 1.037 1.0 1.088 0.933 1.13 1.233 1.0 0.733 1.347 0.832 0.961 1.0 1.788 0.894 0.89 1.238 1.0 1.003 1.055 1.088 0.829 1.0 0.743 0.848 1.118 0.767 1.0 0.981 1.234 0.867 0.772 1.0 0.783 0.971 1.366 0.994 1.0 0.72 1.0 1.263 1.304 1.0 0.973 1.0 1.339 0.825 1.0 0.75 1.0 0.817 0.817 1.0 0.7 1.0 0.897 0.738 1.0 0.731 1.0 0.836 0.804 1.0 0.777 1.0 0.808 0.71 1.0 0.787 1.0 0.746 1.524 1.0 2.223 1.0 1.0 0.713 1.0 0.641 1.0 1.0 0.724 1.0 0.725 1.0 1.0 1.142 1.0 1.0 1.0 1.0 0.614 1.0 1.0 1.0 1.0 0.89 1.0 1.0 1.0 1.0 1.963 1.0 1.0 1.0 1.0 1.0 1.0 1.0 1.0 1.0 1.0 1.0 1.0 1.0 1.0 1.0 1.0 1.0 1.0 1.0 1.0 1.0 1.0 1.0 1.0 1.0 1.0 1.0 1.0 1.0 1.0 1.0 1.0 1.0 1.0 1.0 1.0 1.0 1.0 1.0 1.0 1.0 1.0 1.0 1.0 1.0 1.0 1.0 1.0 1.0 1.0 1.0 1.0 1.0 1.0 1.0 1.0 1.0 1.0 1.0 1.0 1.0 1.0 1.0 1.0 1.0 1.0 1.0 1.0 1.0 1.0 1.0 1.0 1.0 1.0 1.0 1.0 1.0 1.0 1.0 1.0 1.0 1.0 1.0 1.0 1.0 1.0 1.0 1.0 1.0 1.0 1.0 1.0 1.0 1.0 1.0 1.0 1.0 1.0 1.0 1.0 1.0 1.0 1.0 1.0 1.0 1.0 1.0 1.0 1.0 1.0 1.0 1.0 1.0 1.0 1.0 1.0 1.0 1.0 1.0 1.0 1.0 1.0 1.0 1.0 1.0 1.0 1.0 1.0 1.0 1.0 1.0 1.0 1.0 1.0 1.0 1.0 1.0 1.0 1.0 1.0 1.0 1.0 1.0 1.0 1.0 1.0 1.0 1.0 1.0 1.0 1.0 1.0 1.0 1.0 1.0 1.0 1.0,2.2228777,1.2228777,0.4997486,0.3,0.602532148361206,0.0003,5,4.9037294
58,0.21922659873962402,0.9944941,1.012 1.034 0.918 0.986 0.915 0.971 1.278 1.191 0.78 0.777 1.026 1.308 0.941 1.198 0.975 1.324 0.742 0.706 0.92 0.791 0.977 1.098 0.913 1.294 1.047 0.969 0.737 1.284 1.013 1.069 1.044 0.739 1.055 0.789 1.129 0.933 0.883 1.271 1.248 1.167 1.095 1.101 0.91 0.585 0.679 0.865 0.727 1.114 1.229 1.021 1.208 0.724 1.127 1.246 0.786 0.911 0.98 1.129 1.211 1.086 0.849 0.933 0.753 1.214 1.0 1.175 1.124 0.683 0.662 1.0 1.165 1.119 1.078 1.192 1.0 1.304 1.464 1.089 1.127 1.0 1.32 0.915 1.392 1.047 1.0 1.232 0.887 1.142 0.654 1.0 1.042 0.674 1.04 1.079 1.0 1.016 0.875 0.775 0.725 1.0 1.305 0.67 0.747 1.166 1.0 0.952 0.979 1.0 0.723 1.0 0.717 0.799 1.0 0.782 1.0 0.706 1.105 1.0 0.811 1.0 0.712 1.021 1.0 0.839 1.0 0.996 1.03 1.0 0.693 1.0 0.715 1.155 1.0 0.684 1.0 0.949 0.808 1.0 1.138 1.0 1.165 1.017 1.0 1.09 1.0 0.677 0.674 1.0 0.914 1.0 0.683 1.073 1.0 0.764 1.0 1.059 1.001 1.0 1.054 1.0 1.78 0.958 1.0 0.876 1.0 1.0 0.931 1.0 0.994 1.0 1.0 0.932 1.0 0.803 1.0 1.0 0.929 1.0 1.06 1.0 1.0 0.683 1.0 0.857 1.0 1.0 0.711 1.0 0.761 1.0 1.0 0.909 1.0 1.0 1.0 1.0 2.071 1.0 1.0 1.0 1.0 0.752 1.0 1.0 1.0 1.0 0.705 1.0 1.0 1.0 1.0 0.706 1.0 1.0 1.0 1.0 0.711 1.0 1.0 1.0 1.0 0.667 1.0 1.0 1.0 1.0 0.818 1.0 1.0 1.0 1.0 1.0 1.0 1.0 1.0 1.0 1.0 1.0 1.0 1.0 1.0 1.0 1.0 1.0 1.0 1.0 1.0 1.0 1.0 1.0 1.0 1.0 1.0 1.0 1.0 1.0 1.0 1.0 1.0 1.0 1.0 1.0 1.0 1.0 1.0 1.0 1.0 1.0 1.0 1.0 1.0 1.0 1.0 1.0 1.0 1.0 1.0 1.0 1.0 1.0 1.0 1.0 1.0 1.0 1.0 1.0 1.0 1.0 1.0 1.0 1.0 1.0 1.0 1.0 1.0 1.0 1.0 1.0 1.0 1.0 1.0 1.0 1.0 1.0 1.0 1.0 1.0 1.0 1.0 1.0 1.0 1.0 1.0 1.0 1.0 1.0 1.0 1.0 1.0 1.0 1.0 1.0 1.0 1.0 1.0 1.0 1.0 1.0 1.0 1.0 1.0 1.0 1.0 1.0 1.0 1.0 1.0 1.0 1.0 1.0 1.0 1.0 1.0 1.0 1.0 1.0 1.0 1.0 1.0 1.0 1.0 1.0 1.0 1.0 1.0 1.0 1.0 1.0 1.0 1.0 1.0 1.0 1.0 1.0 1.0 1.0 1.0 1.0 1.0 1.0 1.0 1.0 1.0 1.0 1.0 1.0 1.0 1.0 1.0 1.0 0.946 0.983 1.126 0.986 0.915 1.282 0.964 0.95 0.792 0.897 0.947 1.029 0.922 0.774 1.154 1.04 0.766 0.92 0.767 0.993 0.941 1.006 0.923 0.859 0.726 1.172 0.845 1.196 1.052 0.623 0.749 1.299 0.912 1.192 0.723 1.186 1.168 1.046 1.311 0.735 0.744 0.753 1.22 0.498 1.185 0.766 0.911 1.182 0.673 1.202 0.766 0.756 0.713 0.741 0.664 1.212 0.762 0.708 1.27 0.668 0.988 1.056 1.119 0.542 1.016 1.015 1.099 1.124 0.687 1.118 0.912 1.004 1.04 1.243 0.668 1.068 1.11 1.063 0.57 1.145 0.951 1.074 0.703 0.594 0.694 1.0 1.136 1.164 0.923 0.78 1.0 0.972 0.703 0.669 1.138 1.0 0.983 1.438 0.897 0.881 1.0 0.748 0.62 0.681 0.724 1.0 0.773 0.807 0.834 1.0 1.0 1.185 0.828 0.85 1.0 1.0 0.776 0.772 0.835 1.0 1.0 1.16 0.728 0.818 1.0 1.0 1.091 0.663 0.656 1.0 1.0 1.241 0.672 1.117 1.0 1.0 0.836 0.713 0.764 1.0 1.0 0.761 1.114 0.764 1.0 1.0 0.813 0.79 1.0 1.0 1.0 1.259 0.625 1.0 1.0 1.0 0.758 0.665 1.0 1.0 1.0 0.712 0.605 1.0 1.0 1.0 1.049 1.796 1.0 1.0 1.0 0.679 1.0 1.0 1.0 1.0 0.673 1.0 1.0 1.0 1.0 1.027 1.0 1.0 1.0 1.0 0.85 1.0 1.0 1.0 1.0 0.8 1.0 1.0 1.0 1.0 0.808 1.0 1.0 1.0 1.0 0.958 1.0 1.0 1.0 1.0 0.698 1.0 1.0 1.0 1.0 0.825 1.0 1.0 1.0 1.0 0.788 1.0 1.0 1.0 1.0 1.109 1.0 1.0 1.0 1.0 0.645 1.0 1.0 1.0 1.0 2.029 1.0 1.0 1.0 1.0 1.658 1.0 1.0 1.0 1.0 0.746 1.0 1.0 1.0 1.0 1.0 1.0 1.0 1.0 1.0 1.0 1.0 1.0 1.0 1.0 1.0 1.0 1.0 1.0 1.0 1.0 1.0 1.0 1.0 1.0 1.0 1.0 1.0 1.0 1.0 1.0 1.0 1.0 1.0 1.0 1.0 1.0 1.0 1.0 1.0 1.0 1.0 1.0 1.0 1.0 1.0 1.0 1.0 1.0 1.0 1.0 1.0 1.0 1.0 1.0 1.0 1.0 1.0 1.0 1.0 1.0 1.0 1.0 1.0 1.0 1.0 1.0 1.0 1.0 1.0 1.0 1.0 1.0 1.0 1.0 1.0 1.0 1.0 1.0 1.0 1.0 1.0 1.0 1.0 1.0 1.0 1.0 1.0 1.0 1.0 1.0 1.0 1.0 1.0 1.0 1.0 1.0 1.0 1.0 1.0 1.0 1.0 1.0 1.0 1.0 1.0 1.0 1.0 1.0 1.0 1.0 1.0 1.0 1.0 1.0 1.0 1.0 1.0 1.0 1.0 1.0 1.0 1.0 1.0 1.0 1.0 1.0 1.0 1.0 1.0 1.0 1.0 1.0 1.0 1.0 1.0 1.0 1.0 1.0 1.198 1.034 0.831 1.121 0.842 0.986 0.959 1.187 0.965 0.779 1.318 1.337 0.937 1.194 1.248 0.976 0.992 1.303 1.211 0.872 1.305 1.068 1.299 0.92 0.849 1.065 1.001 0.915 1.232 1.221 1.23 0.919 1.006 0.711 0.665 1.024 0.916 0.996 0.884 1.253 0.991 1.004 1.078 1.281 0.541 1.005 1.095 1.051 0.898 1.12 0.921 1.154 1.237 1.112 1.138 0.807 0.62 1.059 1.112 0.556 0.958 1.288 1.137 0.697 0.694 1.011 1.199 0.676 1.209 0.934 1.278 1.29 0.854 1.293 0.774 0.841 1.015 0.754 1.116 0.784 1.152 1.037 0.888 1.286 1.049 0.641 1.0 0.822 1.261 0.927 0.754 0.576 0.856 0.649 1.066 1.069 0.6 0.759 0.855 1.373 0.739 0.687 1.437 1.195 0.726 0.971 0.935 1.0 0.97 0.93 0.74 0.671 1.0 0.675 0.67 0.879 0.701 1.0 1.231 1.0 0.697 1.39 1.0 1.563 1.0 0.69 0.703 1.0 0.766 1.0 0.687 1.372 1.0 1.045 1.0 0.746 1.008 1.0 0.736 1.0 0.935 0.827 1.0 1.041 1.0 1.09 1.234 1.0 0.811 1.0 0.862 0.828 1.0 0.691 1.0 1.086 0.731 1.0 1.0 1.0 0.764 0.784 1.0 1.0 1.0 0.905 0.737 1.0 1.0 1.0 1.071 0.682 1.0 1.0 1.0 0.997 0.7 1.0 1.0 1.0 0.887 0.716 1.0 1.0 1.0 1.035 0.975 1.0 1.0 1.0 0.982 1.0 1.0 1.0 1.0 0.888 1.0 1.0 1.0 1.0 0.805 1.0 1.0 1.0 1.0 0.768 1.0 1.0 1.0 1.0 0.752 1.0 1.0 1.0 1.0 0.733 1.0 1.0 1.0 1.0 1.232 1.0 1.0 1.0 1.0 1.261 1.0 1.0 1.0 1.0 1.434 1.0 1.0 1.0 1.0 1.019 1.0 1.0 1.0 1.0 0.753 1.0 1.0 1.0 1.0 0.745 1.0 1.0 1.0 1.0 1.72 1.0 1.0 1.0 1.0 0.565 1.0 1.0 1.0 1.0 1.0 1.0 1.0 1.0 1.0 1.0 1.0 1.0 1.0 1.0 1.0 1.0 1.0 1.0 1.0 1.0 1.0 1.0 1.0 1.0 1.0 1.0 1.0 1.0 1.0 1.0 1.0 1.0 1.0 1.0 1.0 1.0 1.0 1.0 1.0 1.0 1.0 1.0 1.0 1.0 1.0 1.0 1.0 1.0 1.0 1.0 1.0 1.0 1.0 1.0 1.0 1.0 1.0 1.0 1.0 1.0 1.0 1.0 1.0 1.0 1.0 1.0 1.0 1.0 1.0 1.0 1.0 1.0 1.0 1.0 1.0 1.0 1.0 1.0 1.0 1.0 1.0 1.0 1.0 1.0 1.0 1.0 1.0 1.0 1.0 1.0 1.0 1.0 1.0 1.0 1.0 1.0 1.0 1.0 1.0 1.0 1.0 1.0 1.0 1.0 1.0 1.0 1.0 1.0 1.0 1.0 1.0 1.0 1.0 1.0 1.0 1.0 1.0 1.0 1.0 1.0 1.0 1.0 1.0 1.0 1.198 0.974 0.831 1.121 1.109 0.837 0.962 1.25 0.917 0.776 0.975 0.974 0.943 0.92 0.966 0.815 0.974 1.236 0.872 1.322 0.921 1.155 0.91 1.237 0.872 1.064 1.089 1.21 0.709 1.302 1.202 1.269 1.197 1.322 0.722 0.599 1.283 1.27 1.322 1.435 1.325 0.887 1.266 1.122 1.304 0.937 0.85 0.719 1.312 1.327 1.275 1.185 0.919 1.197 1.311 1.271 1.305 1.129 1.302 1.381 1.251 1.11 0.839 1.066 1.282 1.306 1.279 1.267 1.298 0.955 1.296 1.339 1.185 1.31 1.297 0.929 1.31 1.182 1.285 0.741 1.384 0.63 1.303 0.877 1.299 1.277 1.318 0.789 1.324 0.793 0.641 1.283 1.224 0.784 1.171 1.084 1.227 1.129 0.733 1.297 1.394 0.718 1.286 1.145 1.302 0.894 1.048 1.16 0.758 0.774 1.334 1.379 1.15 0.825 1.274 1.203 0.863 1.063 1.33 0.838 1.2 0.881 0.931 1.371 0.793 0.994 1.373 0.974 0.85 0.805 1.504 0.847 0.957 1.189 1.419 1.129 0.888 1.026 0.972 1.293 0.806 1.448 0.935 0.65 0.729 0.664 1.0 0.912 0.652 1.0 0.688 1.0 0.842 1.0 1.0 0.73 1.0 0.785 1.0 1.0 0.764 1.0 1.14 1.0 1.0 1.12 1.0 1.167 1.0 1.0 2.049 1.0 1.423 1.0 1.0 0.707 1.0 0.926 1.0 1.0 2.048 1.0 0.751 1.0 1.0 0.757 1.0 0.737 1.0 1.0 0.786 1.0 0.732 1.0 1.0 0.781 1.0 0.726 1.0 1.0 1.0 1.0 0.697 1.0 1.0 1.0 1.0 1.498 1.0 1.0 1.0 1.0 1.346 1.0 1.0 1.0 1.0 1.148 1.0 1.0 1.0 1.0 1.008 1.0 1.0 1.0 1.0 0.995 1.0 1.0 1.0 1.0 0.923 1.0 1.0 1.0 1.0 1.09 1.0 1.0 1.0 1.0 1.246 1.0 1.0 1.0 1.0 1.261 1.0 1.0 1.0 1.0 0.882 1.0 1.0 1.0 1.0 0.761 1.0 1.0 1.0 1.0 0.714 1.0 1.0 1.0 1.0 1.083 1.0 1.0 1.0 1.0 0.905 1.0 1.0 1.0 1.0 0.969 1.0 1.0 1.0 1.0 1.096 1.0 1.0 1.0 1.0 1.107 1.0 1.0 1.0 1.0 0.618 1.0 1.0 1.0 1.0 0.879 1.0 1.0 1.0 1.0 1.106 1.0 1.0 1.0 1.0 1.27 1.0 1.0 1.0 1.0 0.639 1.0 1.0 1.0 1.0 0.678 1.0 1.0 1.0 1.0 0.705 1.0 1.0 1.0 1.0 0.69 1.0 1.0 1.0 1.0 0.985 1.0 1.0 1.0 1.0 0.661 1.0 1.0 1.0 1.0 1.133 1.0 1.0 1.0 1.0 0.736 1.0 1.0 1.0 1.0 1.262 1.0 1.0 1.0 1.0 0.628 1.0 1.0 1.0 1.0 0.824 1.0 1.0 1.0 1.0 0.66 1.0 1.0 1.0 1.0 0.709 1.0 1.0 1.0 1.0 0.66 1.0 1.0 0.993 1.201 0.918 1.153 0.993 1.291 0.96 1.252 0.78 1.15 0.828 0.985 0.955 0.758 1.316 0.966 1.135 1.226 0.823 0.896 0.895 1.066 0.724 0.912 0.974 1.124 1.179 0.845 1.194 0.819 0.993 0.75 0.847 1.317 0.935 0.849 1.198 1.087 1.242 1.274 0.879 1.191 1.288 1.277 0.731 1.293 1.3 1.161 1.205 1.358 1.318 0.75 1.194 0.647 1.162 1.082 1.031 1.245 1.224 1.383 1.274 1.161 0.658 1.448 0.696 0.902 1.21 1.336 1.389 1.063 0.907 1.371 0.929 1.028 1.411 0.941 1.219 0.909 1.491 1.167 1.218 1.336 1.244 0.626 0.965 1.062 1.0 1.449 1.359 1.239 0.819 1.0 0.949 1.241 0.73 0.916 1.0 0.89 0.848 0.736 0.769 1.0 0.772 0.7 1.232 1.163 1.0 0.694 1.03 0.779 1.121 1.0 0.844 1.628 1.056 1.12 1.0 0.983 0.723 1.057 0.988 1.0 0.852 0.738 1.206 0.769 1.0 0.893 0.71 0.699 1.19 1.0 0.891 1.218 0.743 0.983 1.0 0.937 0.996 0.75 1.02 1.0 0.714 0.987 0.941 1.012 1.0 0.834 0.734 0.969 1.142 1.0 0.884 0.959 0.666 0.864 1.0 0.922 0.999 1.0 1.109 1.0 0.692 0.967 1.0 0.985 1.0 0.779 0.919 1.0 0.78 1.0 0.83 0.82 1.0 0.821 1.0 1.0 1.194 1.0 0.787 1.0 1.0 0.859 1.0 0.743 1.0 1.0 0.915 1.0 0.741 1.0 1.0 1.463 1.0 0.981 1.0 1.0 1.423 1.0 0.686 1.0 1.0 0.754 1.0 0.69 1.0 1.0 0.677 1.0 0.652 1.0 1.0 0.66 1.0 0.715 1.0 1.0 0.965 1.0 1.0 1.0 1.0 0.955 1.0 1.0 1.0 1.0 0.924 1.0 1.0 1.0 1.0 0.622 1.0 1.0 1.0 1.0 1.0 1.0 1.0 1.0 1.0 1.0 1.0 1.0 1.0 1.0 1.0 1.0 1.0 1.0 1.0 1.0 1.0 1.0 1.0 1.0 1.0 1.0 1.0 1.0 1.0 1.0 1.0 1.0 1.0 1.0 1.0 1.0 1.0 1.0 1.0 1.0 1.0 1.0 1.0 1.0 1.0 1.0 1.0 1.0 1.0 1.0 1.0 1.0 1.0 1.0 1.0 1.0 1.0 1.0 1.0 1.0 1.0 1.0 1.0 1.0 1.0 1.0 1.0 1.0 1.0 1.0 1.0 1.0 1.0 1.0 1.0 1.0 1.0 1.0 1.0 1.0 1.0 1.0 1.0 1.0 1.0 1.0 1.0 1.0 1.0 1.0 1.0 1.0 1.0 1.0 1.0 1.0 1.0 1.0 1.0 1.0 1.0 1.0 1.0 1.0 1.0 1.0 1.0 1.0 1.0 1.0 1.0 1.0 1.0 1.0 1.0 1.0 1.0 1.0 1.0 1.0 1.0 1.0 1.0 1.0 1.0 1.0 1.0 1.0 1.0 1.0 1.0 1.0 1.0 1.0 1.0 1.0 1.0 1.0 1.0 1.0 1.0 1.0 1.0 1.0 1.0 1.0 0.875 1.034 1.179 0.93 0.993 1.02 1.288 1.178 0.926 1.137 0.956 1.319 0.902 1.045 1.323 0.804 0.973 0.736 0.69 0.915 1.345 1.33 1.249 1.23 1.16 0.8 0.805 0.736 0.533 0.809 0.847 1.036 1.25 1.003 0.794 1.055 0.848 0.868 0.684 1.021 0.745 0.726 0.988 1.245 0.727 1.119 1.075 1.295 0.718 1.191 0.801 1.073 1.011 0.94 1.286 0.682 0.868 0.947 0.719 0.75 1.186 0.713 1.095 1.0 1.221 0.759 1.238 1.061 1.0 1.303 0.969 0.759 1.146 1.0 0.672 0.639 1.077 1.115 1.0 1.135 0.822 0.93 0.957 1.0 1.006 1.12 0.738 0.985 1.0 0.83 0.731 1.076 0.83 1.0 0.701 1.136 1.036 0.868 1.0 0.755 1.144 1.034 1.083 1.0 0.773 1.152 1.098 1.057 1.0 0.758 0.704 0.96 0.835 1.0 0.777 0.829 1.192 0.83 1.0 1.504 0.9 0.68 1.06 1.0 1.023 0.963 1.164 0.831 1.0 0.725 0.708 0.937 1.351 1.0 0.699 0.75 0.679 0.831 1.0 1.0 0.708 0.883 1.054 1.0 1.0 0.835 1.146 1.108 1.0 1.0 1.142 1.089 1.11 1.0 1.0 1.016 0.796 0.721 1.0 1.0 0.725 0.956 0.825 1.0 1.0 0.672 0.944 1.387 1.0 1.0 1.0 0.718 1.398 1.0 1.0 1.0 1.319 1.322 1.0 1.0 1.0 0.71 0.777 1.0 1.0 1.0 0.782 1.108 1.0 1.0 1.0 0.773 0.888 1.0 1.0 1.0 0.764 0.925 1.0 1.0 1.0 0.812 1.024 1.0 1.0 1.0 0.791 0.738 1.0 1.0 1.0 0.783 0.677 1.0 1.0 1.0 1.053 0.731 1.0 1.0 1.0 0.944 0.686 1.0 1.0 1.0 0.711 0.694 1.0 1.0 1.0 1.002 0.66 1.0 1.0 1.0 0.932 0.644 1.0 1.0 1.0 1.007 0.633 1.0 1.0 1.0 0.886 1.0 1.0 1.0 1.0 0.677 1.0 1.0 1.0 1.0 0.694 1.0 1.0 1.0 1.0 0.965 1.0 1.0 1.0 1.0 0.675 1.0 1.0 1.0 1.0 0.692 1.0 1.0 1.0 1.0 0.719 1.0 1.0 1.0 1.0 0.704 1.0 1.0 1.0 1.0 0.67 1.0 1.0 1.0 1.0 0.667 1.0 1.0 1.0 1.0 0.633 1.0 1.0 1.0 1.0 1.0 1.0 1.0 1.0 1.0 1.0 1.0 1.0 1.0 1.0 1.0 1.0 1.0 1.0 1.0 1.0 1.0 1.0 1.0 1.0 1.0 1.0 1.0 1.0 1.0 1.0 1.0 1.0 1.0 1.0 1.0 1.0 1.0 1.0 1.0 1.0 1.0 1.0 1.0 1.0 1.0 1.0 1.0 1.0 1.0 1.0 1.0 1.0 1.0 1.0 1.0 1.0 1.0 1.0 1.0 1.0 1.0 1.0 1.0 1.0 1.0 1.0 1.0 1.0 1.0 1.0 1.0 1.0 1.0 1.0 1.0 1.0 1.0 1.0 1.0 1.0 1.0 1.0 1.0 1.198 1.201 0.985 1.121 0.842 0.983 1.289 1.273 1.181 1.244 1.318 0.992 0.897 1.221 1.255 0.821 0.891 0.95 0.733 0.833 1.013 1.185 1.164 0.889 1.051 0.842 1.19 0.896 1.275 0.786 1.187 0.498 1.105 0.736 1.229 0.893 1.134 0.712 1.016 1.04 1.159 1.265 1.349 1.096 1.148 1.05 1.247 1.351 1.306 0.709 0.744 1.205 1.136 1.153 1.262 1.147 0.639 1.158 1.022 1.245 1.235 1.275 1.293 1.364 1.056 1.233 0.535 1.342 1.123 1.25 1.161 1.469 0.677 0.794 0.747 1.24 1.213 0.685 1.365 0.737 1.1 1.034 1.257 1.287 1.0 1.313 0.625 1.284 1.416 1.0 1.319 1.26 1.185 0.652 1.0 1.07 1.006 1.281 1.33 1.0 1.067 0.704 1.323 0.664 1.0 0.962 1.246 1.013 1.152 1.0 0.898 0.997 0.894 1.043 1.0 1.05 1.417 1.464 0.735 1.0 1.044 1.412 0.82 1.144 1.0 1.265 0.994 0.745 1.057 1.0 1.221 1.424 1.263 0.993 1.0 1.162 0.769 0.766 0.708 1.0 0.977 1.459 1.268 0.851 1.0 1.321 0.57 1.216 0.687 1.0 1.286 0.749 1.232 0.83 1.0 0.675 1.095 0.929 0.989 1.0 0.688 1.296 1.226 0.757 1.0 0.701 1.259 0.757 1.0 1.0 0.72 0.619 0.824 1.0 1.0 0.703 0.686 1.0 1.0 1.0 0.681 0.712 1.0 1.0 1.0 0.663 0.736 1.0 1.0 1.0 1.081 0.712 1.0 1.0 1.0 0.763 0.727 1.0 1.0 1.0 1.172 0.72 1.0 1.0 1.0 1.189 1.0 1.0 1.0 1.0 0.924 1.0 1.0 1.0 1.0 1.591 1.0 1.0 1.0 1.0 0.761 1.0 1.0 1.0 1.0 0.857 1.0 1.0 1.0 1.0 1.213 1.0 1.0 1.0 1.0 0.753 1.0 1.0 1.0 1.0 0.762 1.0 1.0 1.0 1.0 1.0 1.0 1.0 1.0 1.0 1.0 1.0 1.0 1.0 1.0 1.0 1.0 1.0 1.0 1.0 1.0 1.0 1.0 1.0 1.0 1.0 1.0 1.0 1.0 1.0 1.0 1.0 1.0 1.0 1.0 1.0 1.0 1.0 1.0 1.0 1.0 1.0 1.0 1.0 1.0 1.0 1.0 1.0 1.0 1.0 1.0 1.0 1.0 1.0 1.0 1.0 1.0 1.0 1.0 1.0 1.0 1.0 1.0 1.0 1.0 1.0 1.0 1.0 1.0 1.0 1.0 1.0 1.0 1.0 1.0 1.0 1.0 1.0 1.0 1.0 1.0 1.0 1.0 1.0 1.0 1.0 1.0 1.0 1.0 1.0 1.0 1.0 1.0 1.0 1.0 1.0 1.0 1.0 1.0 1.0 1.0 1.0 1.0 1.0 1.0 1.0 1.0 1.0 1.0 1.0 1.0 1.0 1.0 1.0 1.0 1.0 1.0 1.0 1.0 1.0 1.0 1.0 1.0 1.0 1.0 1.0 1.0 1.0 1.0 1.0 1.0 1.0 1.0 1.0 1.0 1.0 1.0 1.0 1.0 1.0 0.875 0.974 1.179 1.121 0.842 1.282 0.965 1.185 0.782 1.253 0.931 0.765 0.946 1.224 1.194 0.954 0.756 1.217 0.763 0.953 1.039 1.309 1.216 0.971 0.886 1.041 0.992 0.72 1.057 1.172 1.041 0.825 1.226 1.091 0.967 1.176 0.916 0.711 1.154 1.23 0.792 1.034 0.942 1.355 1.078 0.682 0.789 0.925 1.193 1.22 1.377 1.082 0.957 1.321 1.043 1.081 0.922 0.935 1.18 0.587 0.613 1.169 0.975 1.275 1.238 1.35 0.796 0.828 0.893 1.378 0.752 1.316 0.969 0.981 0.626 1.328 1.349 0.963 1.0 1.261 0.781 1.285 1.286 1.0 1.237 0.804 1.14 0.806 1.0 1.265 1.106 1.145 1.14 1.0 1.452 0.829 0.831 0.931 1.0 0.71 1.105 0.621 1.279 1.0 0.893 1.041 0.636 1.044 1.0 0.999 1.126 0.93 0.703 1.0 0.992 1.335 0.831 1.188 1.0 1.727 0.911 0.839 1.036 1.0 1.086 0.929 1.137 1.227 1.0 0.733 1.35 0.834 0.967 1.0 1.8 0.89 0.891 1.232 1.0 1.0 1.057 1.089 0.829 1.0 0.734 0.849 1.109 0.766 1.0 0.972 1.226 0.862 0.773 1.0 0.786 0.971 1.369 0.989 1.0 0.711 1.0 1.254 1.302 1.0 0.962 1.0 1.331 0.824 1.0 0.742 1.0 0.813 0.818 1.0 0.698 1.0 0.897 0.74 1.0 0.731 1.0 0.836 0.802 1.0 0.769 1.0 0.807 0.709 1.0 0.781 1.0 0.747 1.519 1.0 2.244 1.0 1.0 0.712 1.0 0.641 1.0 1.0 0.724 1.0 0.718 1.0 1.0 1.133 1.0 1.0 1.0 1.0 0.618 1.0 1.0 1.0 1.0 0.884 1.0 1.0 1.0 1.0 1.976 1.0 1.0 1.0 1.0 1.0 1.0 1.0 1.0 1.0 1.0 1.0 1.0 1.0 1.0 1.0 1.0 1.0 1.0 1.0 1.0 1.0 1.0 1.0 1.0 1.0 1.0 1.0 1.0 1.0 1.0 1.0 1.0 1.0 1.0 1.0 1.0 1.0 1.0 1.0 1.0 1.0 1.0 1.0 1.0 1.0 1.0 1.0 1.0 1.0 1.0 1.0 1.0 1.0 1.0 1.0 1.0 1.0 1.0 1.0 1.0 1.0 1.0 1.0 1.0 1.0 1.0 1.0 1.0 1.0 1.0 1.0 1.0 1.0 1.0 1.0 1.0 1.0 1.0 1.0 1.0 1.0 1.0 1.0 1.0 1.0 1.0 1.0 1.0 1.0 1.0 1.0 1.0 1.0 1.0 1.0 1.0 1.0 1.0 1.0 1.0 1.0 1.0 1.0 1.0 1.0 1.0 1.0 1.0 1.0 1.0 1.0 1.0 1.0 1.0 1.0 1.0 1.0 1.0 1.0 1.0 1.0 1.0 1.0 1.0 1.0 1.0 1.0 1.0 1.0 1.0 1.0 1.0 1.0 1.0 1.0 1.0 1.0 1.0 1.0 1.0 1.0 1.0 1.0 1.0 1.0 1.0 1.0 1.0 1.0 1.0 1.0 1.0 1.0 1.0 1.0 1.0 1.0,2.2440236,1.2440236,0.4975155,0.3,0.6066200733184814,0.0003,5,4.9672947
59,0.2197912037372589,0.99442405,1.011 1.033 0.914 0.988 0.912 0.975 1.282 1.194 0.778 0.775 1.024 1.314 0.943 1.201 0.971 1.329 0.74 0.704 0.923 0.792 0.97 1.096 0.915 1.297 1.046 0.962 0.734 1.29 1.009 1.065 1.041 0.736 1.051 0.79 1.127 0.931 0.888 1.275 1.247 1.166 1.091 1.1 0.911 0.585 0.68 0.867 0.724 1.112 1.234 1.027 1.207 0.721 1.126 1.252 0.792 0.916 0.973 1.128 1.209 1.095 0.853 0.939 0.756 1.216 1.0 1.175 1.124 0.685 0.662 1.0 1.161 1.119 1.085 1.194 1.0 1.308 1.472 1.085 1.132 1.0 1.316 0.917 1.39 1.04 1.0 1.227 0.888 1.135 0.654 1.0 1.044 0.673 1.038 1.084 1.0 1.011 0.875 0.779 0.726 1.0 1.306 0.669 0.744 1.165 1.0 0.946 0.972 1.0 0.724 1.0 0.719 0.799 1.0 0.783 1.0 0.707 1.108 1.0 0.811 1.0 0.714 1.024 1.0 0.839 1.0 0.999 1.034 1.0 0.693 1.0 0.716 1.151 1.0 0.682 1.0 0.952 0.805 1.0 1.144 1.0 1.167 1.018 1.0 1.086 1.0 0.678 0.672 1.0 0.911 1.0 0.683 1.065 1.0 0.764 1.0 1.06 0.997 1.0 1.059 1.0 1.781 0.949 1.0 0.873 1.0 1.0 0.931 1.0 0.999 1.0 1.0 0.933 1.0 0.803 1.0 1.0 0.928 1.0 1.054 1.0 1.0 0.681 1.0 0.853 1.0 1.0 0.71 1.0 0.757 1.0 1.0 0.899 1.0 1.0 1.0 1.0 2.087 1.0 1.0 1.0 1.0 0.751 1.0 1.0 1.0 1.0 0.7 1.0 1.0 1.0 1.0 0.701 1.0 1.0 1.0 1.0 0.706 1.0 1.0 1.0 1.0 0.665 1.0 1.0 1.0 1.0 0.818 1.0 1.0 1.0 1.0 1.0 1.0 1.0 1.0 1.0 1.0 1.0 1.0 1.0 1.0 1.0 1.0 1.0 1.0 1.0 1.0 1.0 1.0 1.0 1.0 1.0 1.0 1.0 1.0 1.0 1.0 1.0 1.0 1.0 1.0 1.0 1.0 1.0 1.0 1.0 1.0 1.0 1.0 1.0 1.0 1.0 1.0 1.0 1.0 1.0 1.0 1.0 1.0 1.0 1.0 1.0 1.0 1.0 1.0 1.0 1.0 1.0 1.0 1.0 1.0 1.0 1.0 1.0 1.0 1.0 1.0 1.0 1.0 1.0 1.0 1.0 1.0 1.0 1.0 1.0 1.0 1.0 1.0 1.0 1.0 1.0 1.0 1.0 1.0 1.0 1.0 1.0 1.0 1.0 1.0 1.0 1.0 1.0 1.0 1.0 1.0 1.0 1.0 1.0 1.0 1.0 1.0 1.0 1.0 1.0 1.0 1.0 1.0 1.0 1.0 1.0 1.0 1.0 1.0 1.0 1.0 1.0 1.0 1.0 1.0 1.0 1.0 1.0 1.0 1.0 1.0 1.0 1.0 1.0 1.0 1.0 1.0 1.0 1.0 1.0 1.0 1.0 1.0 1.0 1.0 1.0 1.0 1.0 1.0 1.0 1.0 1.0 1.0 1.0 0.943 0.986 1.128 0.988 0.912 1.286 0.968 0.951 0.79 0.892 0.94 1.027 0.916 0.772 1.155 1.036 0.763 0.922 0.765 0.998 0.939 1.0 0.917 0.861 0.726 1.172 0.848 1.197 1.05 0.623 0.751 1.309 0.909 1.189 0.724 1.186 1.175 1.042 1.318 0.738 0.749 0.754 1.223 0.496 1.182 0.769 0.913 1.18 0.673 1.199 0.77 0.758 0.713 0.744 0.667 1.212 0.764 0.704 1.272 0.67 0.98 1.055 1.117 0.541 1.021 1.007 1.096 1.121 0.689 1.114 0.905 1.003 1.037 1.239 0.67 1.074 1.109 1.057 0.571 1.142 0.943 1.072 0.704 0.596 0.696 1.0 1.133 1.171 0.917 0.78 1.0 0.971 0.703 0.673 1.132 1.0 0.982 1.439 0.897 0.873 1.0 0.748 0.62 0.684 0.726 1.0 0.772 0.798 0.834 1.0 1.0 1.184 0.823 0.843 1.0 1.0 0.776 0.775 0.829 1.0 1.0 1.156 0.726 0.817 1.0 1.0 1.09 0.661 0.655 1.0 1.0 1.239 0.676 1.105 1.0 1.0 0.835 0.712 0.768 1.0 1.0 0.758 1.101 0.76 1.0 1.0 0.81 0.781 1.0 1.0 1.0 1.26 0.629 1.0 1.0 1.0 0.759 0.662 1.0 1.0 1.0 0.713 0.608 1.0 1.0 1.0 1.049 1.797 1.0 1.0 1.0 0.68 1.0 1.0 1.0 1.0 0.675 1.0 1.0 1.0 1.0 1.027 1.0 1.0 1.0 1.0 0.845 1.0 1.0 1.0 1.0 0.798 1.0 1.0 1.0 1.0 0.806 1.0 1.0 1.0 1.0 0.957 1.0 1.0 1.0 1.0 0.698 1.0 1.0 1.0 1.0 0.825 1.0 1.0 1.0 1.0 0.79 1.0 1.0 1.0 1.0 1.097 1.0 1.0 1.0 1.0 0.649 1.0 1.0 1.0 1.0 2.044 1.0 1.0 1.0 1.0 1.658 1.0 1.0 1.0 1.0 0.749 1.0 1.0 1.0 1.0 1.0 1.0 1.0 1.0 1.0 1.0 1.0 1.0 1.0 1.0 1.0 1.0 1.0 1.0 1.0 1.0 1.0 1.0 1.0 1.0 1.0 1.0 1.0 1.0 1.0 1.0 1.0 1.0 1.0 1.0 1.0 1.0 1.0 1.0 1.0 1.0 1.0 1.0 1.0 1.0 1.0 1.0 1.0 1.0 1.0 1.0 1.0 1.0 1.0 1.0 1.0 1.0 1.0 1.0 1.0 1.0 1.0 1.0 1.0 1.0 1.0 1.0 1.0 1.0 1.0 1.0 1.0 1.0 1.0 1.0 1.0 1.0 1.0 1.0 1.0 1.0 1.0 1.0 1.0 1.0 1.0 1.0 1.0 1.0 1.0 1.0 1.0 1.0 1.0 1.0 1.0 1.0 1.0 1.0 1.0 1.0 1.0 1.0 1.0 1.0 1.0 1.0 1.0 1.0 1.0 1.0 1.0 1.0 1.0 1.0 1.0 1.0 1.0 1.0 1.0 1.0 1.0 1.0 1.0 1.0 1.0 1.0 1.0 1.0 1.0 1.0 1.0 1.0 1.0 1.0 1.0 1.0 1.0 1.0 1.201 1.033 0.829 1.123 0.841 0.991 0.963 1.191 0.967 0.777 1.322 1.342 0.94 1.196 1.251 0.982 0.986 1.305 1.213 0.874 1.312 1.066 1.302 0.923 0.85 1.073 1.008 0.918 1.234 1.224 1.236 0.924 1.001 0.709 0.665 1.031 0.912 0.993 0.887 1.258 0.988 1.001 1.077 1.287 0.54 1.0 1.095 1.051 0.896 1.12 0.926 1.158 1.238 1.109 1.138 0.811 0.62 1.057 1.111 0.556 0.962 1.283 1.132 0.697 0.697 1.008 1.194 0.677 1.208 0.927 1.29 1.294 0.848 1.299 0.776 0.833 1.006 0.755 1.114 0.786 1.148 1.027 0.883 1.294 1.043 0.637 0.993 0.816 1.26 0.926 0.754 0.577 0.858 0.648 1.062 1.065 0.601 0.759 0.857 1.373 0.736 0.689 1.435 1.195 0.72 0.965 0.929 1.0 0.966 0.934 0.739 0.672 1.0 0.675 0.665 0.873 0.702 1.0 1.235 1.0 0.695 1.393 1.0 1.564 1.0 0.688 0.704 1.0 0.759 1.0 0.686 1.367 1.0 1.047 1.0 0.746 1.01 1.0 0.728 1.0 0.938 0.823 1.0 1.033 1.0 1.091 1.236 1.0 0.809 1.0 0.858 0.824 1.0 0.684 1.0 1.091 0.731 1.0 1.0 1.0 0.762 0.78 1.0 1.0 1.0 0.901 0.737 1.0 1.0 1.0 1.068 0.681 1.0 1.0 1.0 1.001 0.698 1.0 1.0 1.0 0.884 0.716 1.0 1.0 1.0 1.034 0.98 1.0 1.0 1.0 0.981 1.0 1.0 1.0 1.0 0.885 1.0 1.0 1.0 1.0 0.803 1.0 1.0 1.0 1.0 0.766 1.0 1.0 1.0 1.0 0.754 1.0 1.0 1.0 1.0 0.73 1.0 1.0 1.0 1.0 1.216 1.0 1.0 1.0 1.0 1.248 1.0 1.0 1.0 1.0 1.426 1.0 1.0 1.0 1.0 1.014 1.0 1.0 1.0 1.0 0.752 1.0 1.0 1.0 1.0 0.748 1.0 1.0 1.0 1.0 1.721 1.0 1.0 1.0 1.0 0.567 1.0 1.0 1.0 1.0 1.0 1.0 1.0 1.0 1.0 1.0 1.0 1.0 1.0 1.0 1.0 1.0 1.0 1.0 1.0 1.0 1.0 1.0 1.0 1.0 1.0 1.0 1.0 1.0 1.0 1.0 1.0 1.0 1.0 1.0 1.0 1.0 1.0 1.0 1.0 1.0 1.0 1.0 1.0 1.0 1.0 1.0 1.0 1.0 1.0 1.0 1.0 1.0 1.0 1.0 1.0 1.0 1.0 1.0 1.0 1.0 1.0 1.0 1.0 1.0 1.0 1.0 1.0 1.0 1.0 1.0 1.0 1.0 1.0 1.0 1.0 1.0 1.0 1.0 1.0 1.0 1.0 1.0 1.0 1.0 1.0 1.0 1.0 1.0 1.0 1.0 1.0 1.0 1.0 1.0 1.0 1.0 1.0 1.0 1.0 1.0 1.0 1.0 1.0 1.0 1.0 1.0 1.0 1.0 1.0 1.0 1.0 1.0 1.0 1.0 1.0 1.0 1.0 1.0 1.0 1.0 1.0 1.0 1.0 1.0 1.201 0.97 0.829 1.123 1.11 0.835 0.966 1.252 0.912 0.774 0.981 0.969 0.946 0.915 0.969 0.813 0.968 1.24 0.874 1.325 0.92 1.161 0.904 1.236 0.873 1.059 1.087 1.212 0.709 1.302 1.202 1.267 1.2 1.326 0.722 0.6 1.278 1.278 1.327 1.432 1.32 0.895 1.274 1.124 1.31 0.946 0.858 0.719 1.308 1.323 1.274 1.193 0.921 1.202 1.309 1.269 1.305 1.128 1.301 1.381 1.247 1.119 0.84 1.07 1.281 1.307 1.281 1.274 1.297 0.949 1.294 1.338 1.186 1.309 1.295 0.922 1.308 1.181 1.282 0.742 1.382 0.631 1.304 0.872 1.297 1.274 1.317 0.788 1.324 0.797 0.643 1.279 1.232 0.79 1.18 1.094 1.224 1.127 0.735 1.297 1.393 0.72 1.296 1.155 1.303 0.886 1.054 1.166 0.76 0.775 1.331 1.381 1.151 0.831 1.271 1.201 0.866 1.065 1.327 0.837 1.199 0.885 0.927 1.369 0.791 1.002 1.37 0.974 0.856 0.809 1.503 0.852 0.957 1.189 1.42 1.129 0.892 1.029 0.984 1.289 0.799 1.447 0.935 0.647 0.728 0.664 1.0 0.911 0.651 1.0 0.69 1.0 0.839 1.0 1.0 0.732 1.0 0.787 1.0 1.0 0.766 1.0 1.142 1.0 1.0 1.111 1.0 1.169 1.0 1.0 2.059 1.0 1.425 1.0 1.0 0.709 1.0 0.924 1.0 1.0 2.057 1.0 0.752 1.0 1.0 0.754 1.0 0.738 1.0 1.0 0.787 1.0 0.732 1.0 1.0 0.781 1.0 0.727 1.0 1.0 1.0 1.0 0.694 1.0 1.0 1.0 1.0 1.5 1.0 1.0 1.0 1.0 1.347 1.0 1.0 1.0 1.0 1.149 1.0 1.0 1.0 1.0 1.008 1.0 1.0 1.0 1.0 0.993 1.0 1.0 1.0 1.0 0.924 1.0 1.0 1.0 1.0 1.088 1.0 1.0 1.0 1.0 1.249 1.0 1.0 1.0 1.0 1.263 1.0 1.0 1.0 1.0 0.881 1.0 1.0 1.0 1.0 0.76 1.0 1.0 1.0 1.0 0.712 1.0 1.0 1.0 1.0 1.085 1.0 1.0 1.0 1.0 0.908 1.0 1.0 1.0 1.0 0.966 1.0 1.0 1.0 1.0 1.096 1.0 1.0 1.0 1.0 1.106 1.0 1.0 1.0 1.0 0.616 1.0 1.0 1.0 1.0 0.879 1.0 1.0 1.0 1.0 1.105 1.0 1.0 1.0 1.0 1.273 1.0 1.0 1.0 1.0 0.637 1.0 1.0 1.0 1.0 0.678 1.0 1.0 1.0 1.0 0.703 1.0 1.0 1.0 1.0 0.691 1.0 1.0 1.0 1.0 0.984 1.0 1.0 1.0 1.0 0.659 1.0 1.0 1.0 1.0 1.133 1.0 1.0 1.0 1.0 0.734 1.0 1.0 1.0 1.0 1.262 1.0 1.0 1.0 1.0 0.627 1.0 1.0 1.0 1.0 0.822 1.0 1.0 1.0 1.0 0.664 1.0 1.0 1.0 1.0 0.712 1.0 1.0 1.0 1.0 0.665 1.0 1.0 0.997 1.204 0.914 1.154 0.995 1.296 0.964 1.254 0.778 1.152 0.826 0.979 0.957 0.756 1.319 0.971 1.142 1.229 0.821 0.891 0.892 1.064 0.722 0.909 0.97 1.131 1.182 0.843 1.194 0.82 0.99 0.751 0.844 1.324 0.935 0.852 1.193 1.084 1.238 1.28 0.883 1.192 1.295 1.278 0.735 1.294 1.303 1.158 1.213 1.365 1.319 0.752 1.194 0.645 1.159 1.073 1.034 1.252 1.221 1.39 1.276 1.157 0.657 1.454 0.698 0.906 1.21 1.345 1.4 1.057 0.907 1.374 0.934 1.021 1.419 0.943 1.218 0.912 1.495 1.163 1.216 1.338 1.245 0.625 0.957 1.064 1.0 1.453 1.363 1.246 0.818 1.0 0.944 1.246 0.731 0.915 1.0 0.884 0.844 0.738 0.767 1.0 0.775 0.698 1.234 1.165 1.0 0.693 1.035 0.78 1.125 1.0 0.837 1.629 1.057 1.118 1.0 0.986 0.726 1.06 0.993 1.0 0.851 0.739 1.207 0.768 1.0 0.889 0.712 0.697 1.185 1.0 0.89 1.213 0.739 0.983 1.0 0.926 1.001 0.746 1.021 1.0 0.712 0.992 0.938 1.013 1.0 0.828 0.734 0.969 1.137 1.0 0.883 0.963 0.664 0.866 1.0 0.921 1.007 1.0 1.104 1.0 0.691 0.974 1.0 0.987 1.0 0.776 0.919 1.0 0.779 1.0 0.827 0.82 1.0 0.824 1.0 1.0 1.188 1.0 0.789 1.0 1.0 0.862 1.0 0.74 1.0 1.0 0.922 1.0 0.738 1.0 1.0 1.461 1.0 0.97 1.0 1.0 1.418 1.0 0.683 1.0 1.0 0.753 1.0 0.688 1.0 1.0 0.677 1.0 0.652 1.0 1.0 0.66 1.0 0.713 1.0 1.0 0.954 1.0 1.0 1.0 1.0 0.943 1.0 1.0 1.0 1.0 0.917 1.0 1.0 1.0 1.0 0.62 1.0 1.0 1.0 1.0 1.0 1.0 1.0 1.0 1.0 1.0 1.0 1.0 1.0 1.0 1.0 1.0 1.0 1.0 1.0 1.0 1.0 1.0 1.0 1.0 1.0 1.0 1.0 1.0 1.0 1.0 1.0 1.0 1.0 1.0 1.0 1.0 1.0 1.0 1.0 1.0 1.0 1.0 1.0 1.0 1.0 1.0 1.0 1.0 1.0 1.0 1.0 1.0 1.0 1.0 1.0 1.0 1.0 1.0 1.0 1.0 1.0 1.0 1.0 1.0 1.0 1.0 1.0 1.0 1.0 1.0 1.0 1.0 1.0 1.0 1.0 1.0 1.0 1.0 1.0 1.0 1.0 1.0 1.0 1.0 1.0 1.0 1.0 1.0 1.0 1.0 1.0 1.0 1.0 1.0 1.0 1.0 1.0 1.0 1.0 1.0 1.0 1.0 1.0 1.0 1.0 1.0 1.0 1.0 1.0 1.0 1.0 1.0 1.0 1.0 1.0 1.0 1.0 1.0 1.0 1.0 1.0 1.0 1.0 1.0 1.0 1.0 1.0 1.0 1.0 1.0 1.0 1.0 1.0 1.0 1.0 1.0 1.0 1.0 1.0 1.0 1.0 1.0 1.0 1.0 1.0 1.0 0.874 1.033 1.18 0.927 0.995 1.018 1.293 1.182 0.922 1.138 0.961 1.324 0.897 1.043 1.327 0.802 0.966 0.734 0.69 0.91 1.351 1.335 1.253 1.227 1.161 0.798 0.803 0.733 0.531 0.806 0.851 1.033 1.255 0.996 0.795 1.048 0.845 0.87 0.688 1.019 0.748 0.727 0.983 1.257 0.728 1.114 1.075 1.298 0.722 1.19 0.801 1.073 1.006 0.932 1.285 0.684 0.872 0.946 0.721 0.75 1.183 0.71 1.095 1.0 1.222 0.76 1.24 1.06 1.0 1.299 0.968 0.757 1.151 1.0 0.674 0.638 1.073 1.119 1.0 1.137 0.824 0.936 0.958 1.0 1.01 1.117 0.736 0.986 1.0 0.825 0.73 1.074 0.83 1.0 0.704 1.131 1.034 0.864 1.0 0.755 1.141 1.031 1.086 1.0 0.769 1.148 1.095 1.058 1.0 0.754 0.704 0.965 0.83 1.0 0.776 0.833 1.188 0.826 1.0 1.508 0.901 0.679 1.061 1.0 1.02 0.963 1.161 0.828 1.0 0.723 0.706 0.939 1.351 1.0 0.697 0.746 0.677 0.828 1.0 1.0 0.705 0.882 1.054 1.0 1.0 0.836 1.152 1.112 1.0 1.0 1.137 1.09 1.113 1.0 1.0 1.017 0.792 0.72 1.0 1.0 0.723 0.953 0.822 1.0 1.0 0.668 0.941 1.388 1.0 1.0 1.0 0.717 1.399 1.0 1.0 1.0 1.32 1.323 1.0 1.0 1.0 0.709 0.775 1.0 1.0 1.0 0.779 1.109 1.0 1.0 1.0 0.77 0.885 1.0 1.0 1.0 0.761 0.923 1.0 1.0 1.0 0.81 1.025 1.0 1.0 1.0 0.787 0.737 1.0 1.0 1.0 0.779 0.677 1.0 1.0 1.0 1.054 0.726 1.0 1.0 1.0 0.944 0.686 1.0 1.0 1.0 0.708 0.697 1.0 1.0 1.0 1.005 0.661 1.0 1.0 1.0 0.928 0.641 1.0 1.0 1.0 1.007 0.629 1.0 1.0 1.0 0.876 1.0 1.0 1.0 1.0 0.675 1.0 1.0 1.0 1.0 0.691 1.0 1.0 1.0 1.0 0.955 1.0 1.0 1.0 1.0 0.672 1.0 1.0 1.0 1.0 0.689 1.0 1.0 1.0 1.0 0.717 1.0 1.0 1.0 1.0 0.703 1.0 1.0 1.0 1.0 0.673 1.0 1.0 1.0 1.0 0.666 1.0 1.0 1.0 1.0 0.635 1.0 1.0 1.0 1.0 1.0 1.0 1.0 1.0 1.0 1.0 1.0 1.0 1.0 1.0 1.0 1.0 1.0 1.0 1.0 1.0 1.0 1.0 1.0 1.0 1.0 1.0 1.0 1.0 1.0 1.0 1.0 1.0 1.0 1.0 1.0 1.0 1.0 1.0 1.0 1.0 1.0 1.0 1.0 1.0 1.0 1.0 1.0 1.0 1.0 1.0 1.0 1.0 1.0 1.0 1.0 1.0 1.0 1.0 1.0 1.0 1.0 1.0 1.0 1.0 1.0 1.0 1.0 1.0 1.0 1.0 1.0 1.0 1.0 1.0 1.0 1.0 1.0 1.0 1.0 1.0 1.0 1.0 1.0 1.201 1.204 0.987 1.123 0.841 0.987 1.293 1.275 1.183 1.247 1.323 0.987 0.892 1.224 1.257 0.819 0.888 0.952 0.73 0.83 1.01 1.184 1.169 0.891 1.056 0.839 1.192 0.897 1.278 0.787 1.194 0.497 1.102 0.734 1.227 0.897 1.134 0.713 1.011 1.04 1.157 1.271 1.347 1.095 1.146 1.049 1.249 1.349 1.31 0.714 0.746 1.197 1.14 1.153 1.273 1.149 0.64 1.153 1.018 1.242 1.234 1.284 1.297 1.371 1.053 1.232 0.533 1.347 1.118 1.261 1.164 1.47 0.677 0.797 0.751 1.238 1.22 0.686 1.367 0.74 1.102 1.029 1.255 1.286 1.0 1.312 0.625 1.282 1.42 1.0 1.32 1.259 1.192 0.652 1.0 1.064 1.013 1.279 1.334 1.0 1.066 0.703 1.321 0.664 1.0 0.966 1.245 1.018 1.157 1.0 0.898 1.003 0.892 1.039 1.0 1.05 1.418 1.463 0.73 1.0 1.048 1.414 0.818 1.138 1.0 1.264 0.989 0.745 1.054 1.0 1.221 1.427 1.254 1.001 1.0 1.16 0.772 0.766 0.709 1.0 0.973 1.464 1.265 0.855 1.0 1.319 0.57 1.212 0.685 1.0 1.283 0.751 1.232 0.834 1.0 0.676 1.104 0.923 0.993 1.0 0.69 1.293 1.22 0.757 1.0 0.703 1.249 0.758 1.0 1.0 0.721 0.62 0.828 1.0 1.0 0.701 0.685 1.0 1.0 1.0 0.678 0.706 1.0 1.0 1.0 0.659 0.73 1.0 1.0 1.0 1.081 0.71 1.0 1.0 1.0 0.76 0.726 1.0 1.0 1.0 1.173 0.717 1.0 1.0 1.0 1.191 1.0 1.0 1.0 1.0 0.925 1.0 1.0 1.0 1.0 1.585 1.0 1.0 1.0 1.0 0.76 1.0 1.0 1.0 1.0 0.856 1.0 1.0 1.0 1.0 1.208 1.0 1.0 1.0 1.0 0.75 1.0 1.0 1.0 1.0 0.765 1.0 1.0 1.0 1.0 1.0 1.0 1.0 1.0 1.0 1.0 1.0 1.0 1.0 1.0 1.0 1.0 1.0 1.0 1.0 1.0 1.0 1.0 1.0 1.0 1.0 1.0 1.0 1.0 1.0 1.0 1.0 1.0 1.0 1.0 1.0 1.0 1.0 1.0 1.0 1.0 1.0 1.0 1.0 1.0 1.0 1.0 1.0 1.0 1.0 1.0 1.0 1.0 1.0 1.0 1.0 1.0 1.0 1.0 1.0 1.0 1.0 1.0 1.0 1.0 1.0 1.0 1.0 1.0 1.0 1.0 1.0 1.0 1.0 1.0 1.0 1.0 1.0 1.0 1.0 1.0 1.0 1.0 1.0 1.0 1.0 1.0 1.0 1.0 1.0 1.0 1.0 1.0 1.0 1.0 1.0 1.0 1.0 1.0 1.0 1.0 1.0 1.0 1.0 1.0 1.0 1.0 1.0 1.0 1.0 1.0 1.0 1.0 1.0 1.0 1.0 1.0 1.0 1.0 1.0 1.0 1.0 1.0 1.0 1.0 1.0 1.0 1.0 1.0 1.0 1.0 1.0 1.0 1.0 1.0 1.0 1.0 1.0 1.0 1.0 0.874 0.97 1.18 1.123 0.841 1.286 0.969 1.188 0.78 1.256 0.925 0.763 0.948 1.225 1.197 0.951 0.754 1.22 0.761 0.956 1.039 1.315 1.219 0.966 0.884 1.04 0.988 0.718 1.055 1.172 1.04 0.829 1.229 1.09 0.963 1.174 0.913 0.709 1.157 1.232 0.795 1.031 0.937 1.355 1.077 0.682 0.791 0.928 1.2 1.217 1.375 1.082 0.96 1.321 1.044 1.083 0.926 0.931 1.191 0.585 0.611 1.167 0.97 1.293 1.233 1.348 0.799 0.829 0.885 1.388 0.754 1.314 0.968 0.973 0.626 1.327 1.348 0.961 1.0 1.259 0.784 1.284 1.288 1.0 1.239 0.807 1.141 0.807 1.0 1.272 1.108 1.153 1.145 1.0 1.453 0.832 0.834 0.931 1.0 0.712 1.101 0.621 1.279 1.0 0.885 1.036 0.636 1.048 1.0 0.993 1.129 0.923 0.702 1.0 0.986 1.337 0.833 1.183 1.0 1.736 0.915 0.841 1.034 1.0 1.085 0.925 1.145 1.221 1.0 0.733 1.353 0.836 0.974 1.0 1.81 0.885 0.892 1.225 1.0 0.997 1.059 1.089 0.829 1.0 0.726 0.849 1.099 0.764 1.0 0.964 1.216 0.856 0.775 1.0 0.789 0.972 1.372 0.985 1.0 0.703 1.0 1.245 1.299 1.0 0.952 1.0 1.322 0.823 1.0 0.734 1.0 0.809 0.818 1.0 0.696 1.0 0.898 0.74 1.0 0.733 1.0 0.836 0.801 1.0 0.762 1.0 0.807 0.707 1.0 0.774 1.0 0.747 1.515 1.0 2.263 1.0 1.0 0.71 1.0 0.642 1.0 1.0 0.725 1.0 0.711 1.0 1.0 1.124 1.0 1.0 1.0 1.0 0.622 1.0 1.0 1.0 1.0 0.878 1.0 1.0 1.0 1.0 1.986 1.0 1.0 1.0 1.0 1.0 1.0 1.0 1.0 1.0 1.0 1.0 1.0 1.0 1.0 1.0 1.0 1.0 1.0 1.0 1.0 1.0 1.0 1.0 1.0 1.0 1.0 1.0 1.0 1.0 1.0 1.0 1.0 1.0 1.0 1.0 1.0 1.0 1.0 1.0 1.0 1.0 1.0 1.0 1.0 1.0 1.0 1.0 1.0 1.0 1.0 1.0 1.0 1.0 1.0 1.0 1.0 1.0 1.0 1.0 1.0 1.0 1.0 1.0 1.0 1.0 1.0 1.0 1.0 1.0 1.0 1.0 1.0 1.0 1.0 1.0 1.0 1.0 1.0 1.0 1.0 1.0 1.0 1.0 1.0 1.0 1.0 1.0 1.0 1.0 1.0 1.0 1.0 1.0 1.0 1.0 1.0 1.0 1.0 1.0 1.0 1.0 1.0 1.0 1.0 1.0 1.0 1.0 1.0 1.0 1.0 1.0 1.0 1.0 1.0 1.0 1.0 1.0 1.0 1.0 1.0 1.0 1.0 1.0 1.0 1.0 1.0 1.0 1.0 1.0 1.0 1.0 1.0 1.0 1.0 1.0 1.0 1.0 1.0 1.0 1.0 1.0 1.0 1.0 1.0 1.0 1.0 1.0 1.0 1.0 1.0 1.0 1.0 1.0 1.0 1.0 1.0 1.0,2.2631025,1.2631025,0.49557245,0.3,0.6116424798965454,0.0003,5,5.0237064
60,0.22027704119682312,0.99436647,1.01 1.033 0.911 0.99 0.908 0.98 1.286 1.198 0.776 0.774 1.022 1.318 0.946 1.204 0.967 1.333 0.737 0.702 0.926 0.792 0.964 1.095 0.917 1.298 1.046 0.956 0.731 1.295 1.005 1.062 1.039 0.733 1.047 0.791 1.124 0.928 0.893 1.279 1.244 1.166 1.088 1.098 0.911 0.585 0.68 0.868 0.722 1.111 1.24 1.033 1.206 0.719 1.126 1.258 0.797 0.921 0.966 1.129 1.206 1.105 0.858 0.945 0.759 1.218 1.0 1.176 1.125 0.687 0.661 1.0 1.156 1.119 1.092 1.197 1.0 1.312 1.478 1.081 1.137 1.0 1.312 0.919 1.388 1.031 1.0 1.221 0.89 1.129 0.654 1.0 1.046 0.671 1.035 1.09 1.0 1.005 0.876 0.784 0.727 1.0 1.308 0.668 0.741 1.165 1.0 0.94 0.965 1.0 0.725 1.0 0.721 0.799 1.0 0.783 1.0 0.709 1.111 1.0 0.812 1.0 0.715 1.027 1.0 0.84 1.0 1.002 1.037 1.0 0.693 1.0 0.717 1.148 1.0 0.68 1.0 0.955 0.802 1.0 1.15 1.0 1.168 1.018 1.0 1.081 1.0 0.679 0.671 1.0 0.908 1.0 0.685 1.058 1.0 0.764 1.0 1.061 0.994 1.0 1.064 1.0 1.78 0.94 1.0 0.871 1.0 1.0 0.93 1.0 1.004 1.0 1.0 0.934 1.0 0.804 1.0 1.0 0.927 1.0 1.047 1.0 1.0 0.679 1.0 0.849 1.0 1.0 0.709 1.0 0.753 1.0 1.0 0.89 1.0 1.0 1.0 1.0 2.102 1.0 1.0 1.0 1.0 0.75 1.0 1.0 1.0 1.0 0.696 1.0 1.0 1.0 1.0 0.695 1.0 1.0 1.0 1.0 0.7 1.0 1.0 1.0 1.0 0.663 1.0 1.0 1.0 1.0 0.819 1.0 1.0 1.0 1.0 1.0 1.0 1.0 1.0 1.0 1.0 1.0 1.0 1.0 1.0 1.0 1.0 1.0 1.0 1.0 1.0 1.0 1.0 1.0 1.0 1.0 1.0 1.0 1.0 1.0 1.0 1.0 1.0 1.0 1.0 1.0 1.0 1.0 1.0 1.0 1.0 1.0 1.0 1.0 1.0 1.0 1.0 1.0 1.0 1.0 1.0 1.0 1.0 1.0 1.0 1.0 1.0 1.0 1.0 1.0 1.0 1.0 1.0 1.0 1.0 1.0 1.0 1.0 1.0 1.0 1.0 1.0 1.0 1.0 1.0 1.0 1.0 1.0 1.0 1.0 1.0 1.0 1.0 1.0 1.0 1.0 1.0 1.0 1.0 1.0 1.0 1.0 1.0 1.0 1.0 1.0 1.0 1.0 1.0 1.0 1.0 1.0 1.0 1.0 1.0 1.0 1.0 1.0 1.0 1.0 1.0 1.0 1.0 1.0 1.0 1.0 1.0 1.0 1.0 1.0 1.0 1.0 1.0 1.0 1.0 1.0 1.0 1.0 1.0 1.0 1.0 1.0 1.0 1.0 1.0 1.0 1.0 1.0 1.0 1.0 1.0 1.0 1.0 1.0 1.0 1.0 1.0 1.0 1.0 1.0 1.0 1.0 1.0 1.0 0.939 0.989 1.131 0.99 0.908 1.289 0.973 0.954 0.788 0.888 0.934 1.025 0.911 0.77 1.156 1.032 0.761 0.925 0.763 1.002 0.937 0.993 0.911 0.863 0.727 1.173 0.852 1.199 1.048 0.623 0.754 1.319 0.906 1.186 0.724 1.186 1.181 1.039 1.325 0.742 0.753 0.756 1.227 0.494 1.178 0.772 0.914 1.178 0.673 1.197 0.774 0.76 0.712 0.746 0.67 1.213 0.767 0.701 1.275 0.673 0.97 1.053 1.115 0.541 1.026 0.998 1.094 1.116 0.69 1.108 0.896 1.002 1.035 1.235 0.672 1.081 1.107 1.05 0.573 1.137 0.935 1.069 0.704 0.598 0.699 1.0 1.131 1.179 0.911 0.78 1.0 0.971 0.704 0.677 1.125 1.0 0.981 1.441 0.898 0.865 1.0 0.747 0.62 0.688 0.728 1.0 0.771 0.789 0.834 1.0 1.0 1.182 0.817 0.837 1.0 1.0 0.777 0.779 0.822 1.0 1.0 1.151 0.724 0.816 1.0 1.0 1.089 0.658 0.654 1.0 1.0 1.235 0.68 1.093 1.0 1.0 0.835 0.711 0.772 1.0 1.0 0.756 1.088 0.757 1.0 1.0 0.806 0.771 1.0 1.0 1.0 1.26 0.633 1.0 1.0 1.0 0.759 0.66 1.0 1.0 1.0 0.714 0.613 1.0 1.0 1.0 1.05 1.797 1.0 1.0 1.0 0.681 1.0 1.0 1.0 1.0 0.676 1.0 1.0 1.0 1.0 1.027 1.0 1.0 1.0 1.0 0.84 1.0 1.0 1.0 1.0 0.796 1.0 1.0 1.0 1.0 0.805 1.0 1.0 1.0 1.0 0.957 1.0 1.0 1.0 1.0 0.699 1.0 1.0 1.0 1.0 0.826 1.0 1.0 1.0 1.0 0.792 1.0 1.0 1.0 1.0 1.085 1.0 1.0 1.0 1.0 0.654 1.0 1.0 1.0 1.0 2.057 1.0 1.0 1.0 1.0 1.658 1.0 1.0 1.0 1.0 0.753 1.0 1.0 1.0 1.0 1.0 1.0 1.0 1.0 1.0 1.0 1.0 1.0 1.0 1.0 1.0 1.0 1.0 1.0 1.0 1.0 1.0 1.0 1.0 1.0 1.0 1.0 1.0 1.0 1.0 1.0 1.0 1.0 1.0 1.0 1.0 1.0 1.0 1.0 1.0 1.0 1.0 1.0 1.0 1.0 1.0 1.0 1.0 1.0 1.0 1.0 1.0 1.0 1.0 1.0 1.0 1.0 1.0 1.0 1.0 1.0 1.0 1.0 1.0 1.0 1.0 1.0 1.0 1.0 1.0 1.0 1.0 1.0 1.0 1.0 1.0 1.0 1.0 1.0 1.0 1.0 1.0 1.0 1.0 1.0 1.0 1.0 1.0 1.0 1.0 1.0 1.0 1.0 1.0 1.0 1.0 1.0 1.0 1.0 1.0 1.0 1.0 1.0 1.0 1.0 1.0 1.0 1.0 1.0 1.0 1.0 1.0 1.0 1.0 1.0 1.0 1.0 1.0 1.0 1.0 1.0 1.0 1.0 1.0 1.0 1.0 1.0 1.0 1.0 1.0 1.0 1.0 1.0 1.0 1.0 1.0 1.0 1.0 1.0 1.203 1.033 0.827 1.125 0.839 0.996 0.968 1.195 0.969 0.775 1.326 1.346 0.943 1.199 1.252 0.988 0.981 1.306 1.216 0.876 1.317 1.065 1.303 0.926 0.852 1.082 1.016 0.921 1.237 1.228 1.242 0.93 0.997 0.707 0.665 1.039 0.908 0.991 0.89 1.264 0.985 0.999 1.076 1.292 0.539 0.996 1.095 1.051 0.895 1.12 0.931 1.162 1.238 1.106 1.14 0.815 0.622 1.056 1.11 0.556 0.966 1.277 1.128 0.696 0.7 1.005 1.187 0.679 1.207 0.92 1.302 1.299 0.841 1.306 0.778 0.825 0.995 0.756 1.113 0.787 1.144 1.016 0.878 1.302 1.036 0.634 0.985 0.81 1.259 0.925 0.754 0.577 0.861 0.648 1.058 1.061 0.602 0.76 0.858 1.373 0.733 0.691 1.433 1.196 0.714 0.96 0.922 1.0 0.961 0.939 0.739 0.673 1.0 0.676 0.66 0.866 0.703 1.0 1.24 1.0 0.692 1.396 1.0 1.563 1.0 0.687 0.705 1.0 0.753 1.0 0.684 1.36 1.0 1.05 1.0 0.746 1.012 1.0 0.722 1.0 0.941 0.819 1.0 1.026 1.0 1.092 1.239 1.0 0.809 1.0 0.855 0.82 1.0 0.678 1.0 1.095 0.73 1.0 1.0 1.0 0.759 0.775 1.0 1.0 1.0 0.897 0.737 1.0 1.0 1.0 1.065 0.681 1.0 1.0 1.0 1.004 0.695 1.0 1.0 1.0 0.882 0.715 1.0 1.0 1.0 1.034 0.986 1.0 1.0 1.0 0.98 1.0 1.0 1.0 1.0 0.881 1.0 1.0 1.0 1.0 0.802 1.0 1.0 1.0 1.0 0.765 1.0 1.0 1.0 1.0 0.756 1.0 1.0 1.0 1.0 0.726 1.0 1.0 1.0 1.0 1.2 1.0 1.0 1.0 1.0 1.234 1.0 1.0 1.0 1.0 1.416 1.0 1.0 1.0 1.0 1.01 1.0 1.0 1.0 1.0 0.751 1.0 1.0 1.0 1.0 0.752 1.0 1.0 1.0 1.0 1.72 1.0 1.0 1.0 1.0 0.569 1.0 1.0 1.0 1.0 1.0 1.0 1.0 1.0 1.0 1.0 1.0 1.0 1.0 1.0 1.0 1.0 1.0 1.0 1.0 1.0 1.0 1.0 1.0 1.0 1.0 1.0 1.0 1.0 1.0 1.0 1.0 1.0 1.0 1.0 1.0 1.0 1.0 1.0 1.0 1.0 1.0 1.0 1.0 1.0 1.0 1.0 1.0 1.0 1.0 1.0 1.0 1.0 1.0 1.0 1.0 1.0 1.0 1.0 1.0 1.0 1.0 1.0 1.0 1.0 1.0 1.0 1.0 1.0 1.0 1.0 1.0 1.0 1.0 1.0 1.0 1.0 1.0 1.0 1.0 1.0 1.0 1.0 1.0 1.0 1.0 1.0 1.0 1.0 1.0 1.0 1.0 1.0 1.0 1.0 1.0 1.0 1.0 1.0 1.0 1.0 1.0 1.0 1.0 1.0 1.0 1.0 1.0 1.0 1.0 1.0 1.0 1.0 1.0 1.0 1.0 1.0 1.0 1.0 1.0 1.0 1.0 1.0 1.0 1.0 1.203 0.967 0.827 1.125 1.112 0.833 0.971 1.253 0.908 0.772 0.987 0.963 0.948 0.91 0.972 0.811 0.962 1.244 0.876 1.327 0.918 1.167 0.899 1.233 0.873 1.055 1.087 1.216 0.709 1.301 1.2 1.264 1.203 1.331 0.722 0.6 1.271 1.284 1.331 1.427 1.314 0.903 1.281 1.128 1.317 0.955 0.867 0.718 1.302 1.317 1.276 1.202 0.923 1.208 1.306 1.268 1.303 1.126 1.299 1.38 1.241 1.13 0.84 1.076 1.28 1.309 1.285 1.283 1.296 0.943 1.291 1.338 1.186 1.306 1.295 0.915 1.305 1.181 1.28 0.743 1.378 0.632 1.302 0.868 1.294 1.272 1.316 0.787 1.323 0.803 0.645 1.275 1.242 0.795 1.189 1.105 1.221 1.123 0.738 1.296 1.391 0.722 1.306 1.166 1.302 0.877 1.06 1.173 0.762 0.776 1.328 1.382 1.152 0.836 1.269 1.2 0.87 1.068 1.322 0.835 1.199 0.888 0.921 1.365 0.79 1.01 1.366 0.975 0.862 0.814 1.5 0.858 0.957 1.189 1.421 1.13 0.895 1.031 0.996 1.286 0.791 1.444 0.935 0.644 0.729 0.665 1.0 0.91 0.651 1.0 0.692 1.0 0.837 1.0 1.0 0.734 1.0 0.789 1.0 1.0 0.768 1.0 1.144 1.0 1.0 1.103 1.0 1.171 1.0 1.0 2.067 1.0 1.425 1.0 1.0 0.711 1.0 0.923 1.0 1.0 2.064 1.0 0.753 1.0 1.0 0.752 1.0 0.739 1.0 1.0 0.789 1.0 0.734 1.0 1.0 0.781 1.0 0.728 1.0 1.0 1.0 1.0 0.69 1.0 1.0 1.0 1.0 1.502 1.0 1.0 1.0 1.0 1.346 1.0 1.0 1.0 1.0 1.149 1.0 1.0 1.0 1.0 1.007 1.0 1.0 1.0 1.0 0.991 1.0 1.0 1.0 1.0 0.925 1.0 1.0 1.0 1.0 1.086 1.0 1.0 1.0 1.0 1.253 1.0 1.0 1.0 1.0 1.265 1.0 1.0 1.0 1.0 0.881 1.0 1.0 1.0 1.0 0.758 1.0 1.0 1.0 1.0 0.71 1.0 1.0 1.0 1.0 1.087 1.0 1.0 1.0 1.0 0.911 1.0 1.0 1.0 1.0 0.964 1.0 1.0 1.0 1.0 1.095 1.0 1.0 1.0 1.0 1.104 1.0 1.0 1.0 1.0 0.615 1.0 1.0 1.0 1.0 0.88 1.0 1.0 1.0 1.0 1.103 1.0 1.0 1.0 1.0 1.276 1.0 1.0 1.0 1.0 0.634 1.0 1.0 1.0 1.0 0.679 1.0 1.0 1.0 1.0 0.701 1.0 1.0 1.0 1.0 0.693 1.0 1.0 1.0 1.0 0.982 1.0 1.0 1.0 1.0 0.657 1.0 1.0 1.0 1.0 1.132 1.0 1.0 1.0 1.0 0.733 1.0 1.0 1.0 1.0 1.263 1.0 1.0 1.0 1.0 0.625 1.0 1.0 1.0 1.0 0.819 1.0 1.0 1.0 1.0 0.668 1.0 1.0 1.0 1.0 0.714 1.0 1.0 1.0 1.0 0.67 1.0 1.0 1.0 1.207 0.911 1.155 0.997 1.3 0.969 1.255 0.776 1.155 0.824 0.974 0.96 0.754 1.32 0.978 1.147 1.234 0.819 0.885 0.889 1.063 0.72 0.906 0.967 1.138 1.186 0.84 1.194 0.821 0.988 0.753 0.841 1.332 0.935 0.856 1.187 1.081 1.232 1.287 0.887 1.194 1.303 1.279 0.738 1.296 1.304 1.155 1.221 1.373 1.32 0.754 1.194 0.644 1.155 1.063 1.037 1.261 1.216 1.398 1.278 1.154 0.657 1.46 0.7 0.911 1.21 1.355 1.411 1.049 0.908 1.377 0.938 1.013 1.427 0.946 1.219 0.915 1.499 1.157 1.214 1.34 1.247 0.625 0.95 1.065 1.0 1.455 1.368 1.254 0.816 1.0 0.938 1.252 0.733 0.914 1.0 0.878 0.839 0.74 0.766 1.0 0.777 0.696 1.235 1.167 1.0 0.692 1.04 0.782 1.128 1.0 0.83 1.63 1.059 1.116 1.0 0.991 0.728 1.063 0.999 1.0 0.85 0.739 1.207 0.768 1.0 0.885 0.713 0.695 1.179 1.0 0.889 1.207 0.735 0.983 1.0 0.916 1.006 0.742 1.022 1.0 0.71 0.997 0.935 1.013 1.0 0.823 0.735 0.969 1.132 1.0 0.882 0.968 0.662 0.868 1.0 0.92 1.015 1.0 1.099 1.0 0.69 0.98 1.0 0.988 1.0 0.773 0.92 1.0 0.778 1.0 0.823 0.82 1.0 0.826 1.0 1.0 1.182 1.0 0.792 1.0 1.0 0.864 1.0 0.737 1.0 1.0 0.929 1.0 0.735 1.0 1.0 1.458 1.0 0.959 1.0 1.0 1.413 1.0 0.68 1.0 1.0 0.753 1.0 0.687 1.0 1.0 0.677 1.0 0.652 1.0 1.0 0.66 1.0 0.712 1.0 1.0 0.944 1.0 1.0 1.0 1.0 0.931 1.0 1.0 1.0 1.0 0.91 1.0 1.0 1.0 1.0 0.619 1.0 1.0 1.0 1.0 1.0 1.0 1.0 1.0 1.0 1.0 1.0 1.0 1.0 1.0 1.0 1.0 1.0 1.0 1.0 1.0 1.0 1.0 1.0 1.0 1.0 1.0 1.0 1.0 1.0 1.0 1.0 1.0 1.0 1.0 1.0 1.0 1.0 1.0 1.0 1.0 1.0 1.0 1.0 1.0 1.0 1.0 1.0 1.0 1.0 1.0 1.0 1.0 1.0 1.0 1.0 1.0 1.0 1.0 1.0 1.0 1.0 1.0 1.0 1.0 1.0 1.0 1.0 1.0 1.0 1.0 1.0 1.0 1.0 1.0 1.0 1.0 1.0 1.0 1.0 1.0 1.0 1.0 1.0 1.0 1.0 1.0 1.0 1.0 1.0 1.0 1.0 1.0 1.0 1.0 1.0 1.0 1.0 1.0 1.0 1.0 1.0 1.0 1.0 1.0 1.0 1.0 1.0 1.0 1.0 1.0 1.0 1.0 1.0 1.0 1.0 1.0 1.0 1.0 1.0 1.0 1.0 1.0 1.0 1.0 1.0 1.0 1.0 1.0 1.0 1.0 1.0 1.0 1.0 1.0 1.0 1.0 1.0 1.0 1.0 1.0 1.0 1.0 1.0 1.0 1.0 1.0 0.873 1.033 1.181 0.924 0.997 1.017 1.297 1.186 0.918 1.139 0.966 1.328 0.891 1.042 1.33 0.801 0.96 0.731 0.69 0.904 1.355 1.339 1.258 1.222 1.162 0.796 0.8 0.731 0.53 0.803 0.855 1.031 1.26 0.988 0.796 1.042 0.842 0.873 0.692 1.017 0.75 0.728 0.978 1.271 0.728 1.111 1.075 1.3 0.725 1.189 0.801 1.073 1.002 0.923 1.283 0.687 0.876 0.945 0.724 0.751 1.181 0.707 1.094 1.0 1.224 0.762 1.24 1.058 1.0 1.293 0.968 0.754 1.156 1.0 0.676 0.636 1.069 1.123 1.0 1.14 0.826 0.942 0.959 1.0 1.014 1.113 0.735 0.988 1.0 0.819 0.729 1.073 0.829 1.0 0.706 1.126 1.031 0.86 1.0 0.755 1.139 1.027 1.089 1.0 0.764 1.144 1.09 1.06 1.0 0.749 0.704 0.97 0.826 1.0 0.776 0.838 1.184 0.821 1.0 1.511 0.903 0.677 1.062 1.0 1.016 0.965 1.159 0.824 1.0 0.722 0.704 0.941 1.351 1.0 0.695 0.743 0.676 0.824 1.0 1.0 0.702 0.881 1.055 1.0 1.0 0.838 1.159 1.115 1.0 1.0 1.131 1.092 1.117 1.0 1.0 1.017 0.789 0.72 1.0 1.0 0.721 0.951 0.819 1.0 1.0 0.664 0.939 1.388 1.0 1.0 1.0 0.716 1.398 1.0 1.0 1.0 1.321 1.323 1.0 1.0 1.0 0.708 0.774 1.0 1.0 1.0 0.775 1.109 1.0 1.0 1.0 0.766 0.881 1.0 1.0 1.0 0.758 0.921 1.0 1.0 1.0 0.807 1.026 1.0 1.0 1.0 0.783 0.737 1.0 1.0 1.0 0.775 0.677 1.0 1.0 1.0 1.055 0.721 1.0 1.0 1.0 0.943 0.685 1.0 1.0 1.0 0.706 0.701 1.0 1.0 1.0 1.008 0.662 1.0 1.0 1.0 0.924 0.639 1.0 1.0 1.0 1.007 0.625 1.0 1.0 1.0 0.866 1.0 1.0 1.0 1.0 0.674 1.0 1.0 1.0 1.0 0.688 1.0 1.0 1.0 1.0 0.945 1.0 1.0 1.0 1.0 0.671 1.0 1.0 1.0 1.0 0.687 1.0 1.0 1.0 1.0 0.715 1.0 1.0 1.0 1.0 0.703 1.0 1.0 1.0 1.0 0.677 1.0 1.0 1.0 1.0 0.665 1.0 1.0 1.0 1.0 0.639 1.0 1.0 1.0 1.0 1.0 1.0 1.0 1.0 1.0 1.0 1.0 1.0 1.0 1.0 1.0 1.0 1.0 1.0 1.0 1.0 1.0 1.0 1.0 1.0 1.0 1.0 1.0 1.0 1.0 1.0 1.0 1.0 1.0 1.0 1.0 1.0 1.0 1.0 1.0 1.0 1.0 1.0 1.0 1.0 1.0 1.0 1.0 1.0 1.0 1.0 1.0 1.0 1.0 1.0 1.0 1.0 1.0 1.0 1.0 1.0 1.0 1.0 1.0 1.0 1.0 1.0 1.0 1.0 1.0 1.0 1.0 1.0 1.0 1.0 1.0 1.0 1.0 1.0 1.0 1.0 1.0 1.0 1.0 1.203 1.207 0.988 1.125 0.839 0.992 1.296 1.276 1.187 1.248 1.327 0.981 0.887 1.228 1.258 0.817 0.885 0.955 0.728 0.828 1.007 1.181 1.174 0.894 1.061 0.837 1.195 0.899 1.279 0.788 1.2 0.496 1.099 0.732 1.223 0.902 1.135 0.714 1.006 1.041 1.155 1.278 1.343 1.094 1.145 1.049 1.251 1.344 1.315 0.719 0.748 1.189 1.144 1.153 1.285 1.15 0.641 1.147 1.015 1.239 1.233 1.294 1.303 1.377 1.052 1.231 0.531 1.352 1.113 1.273 1.168 1.472 0.678 0.801 0.755 1.237 1.228 0.686 1.371 0.744 1.105 1.022 1.254 1.284 1.0 1.312 0.626 1.281 1.426 1.0 1.322 1.259 1.199 0.652 1.0 1.057 1.02 1.276 1.339 1.0 1.064 0.702 1.319 0.664 1.0 0.97 1.245 1.024 1.163 1.0 0.898 1.008 0.89 1.036 1.0 1.05 1.418 1.463 0.725 1.0 1.05 1.416 0.817 1.132 1.0 1.264 0.983 0.745 1.051 1.0 1.221 1.431 1.246 1.009 1.0 1.159 0.775 0.767 0.709 1.0 0.97 1.469 1.261 0.859 1.0 1.316 0.571 1.208 0.683 1.0 1.279 0.754 1.23 0.838 1.0 0.678 1.114 0.918 0.998 1.0 0.692 1.291 1.214 0.756 1.0 0.704 1.238 0.758 1.0 1.0 0.722 0.62 0.831 1.0 1.0 0.699 0.683 1.0 1.0 1.0 0.675 0.699 1.0 1.0 1.0 0.655 0.725 1.0 1.0 1.0 1.08 0.708 1.0 1.0 1.0 0.757 0.726 1.0 1.0 1.0 1.174 0.713 1.0 1.0 1.0 1.192 1.0 1.0 1.0 1.0 0.926 1.0 1.0 1.0 1.0 1.578 1.0 1.0 1.0 1.0 0.76 1.0 1.0 1.0 1.0 0.856 1.0 1.0 1.0 1.0 1.204 1.0 1.0 1.0 1.0 0.748 1.0 1.0 1.0 1.0 0.768 1.0 1.0 1.0 1.0 1.0 1.0 1.0 1.0 1.0 1.0 1.0 1.0 1.0 1.0 1.0 1.0 1.0 1.0 1.0 1.0 1.0 1.0 1.0 1.0 1.0 1.0 1.0 1.0 1.0 1.0 1.0 1.0 1.0 1.0 1.0 1.0 1.0 1.0 1.0 1.0 1.0 1.0 1.0 1.0 1.0 1.0 1.0 1.0 1.0 1.0 1.0 1.0 1.0 1.0 1.0 1.0 1.0 1.0 1.0 1.0 1.0 1.0 1.0 1.0 1.0 1.0 1.0 1.0 1.0 1.0 1.0 1.0 1.0 1.0 1.0 1.0 1.0 1.0 1.0 1.0 1.0 1.0 1.0 1.0 1.0 1.0 1.0 1.0 1.0 1.0 1.0 1.0 1.0 1.0 1.0 1.0 1.0 1.0 1.0 1.0 1.0 1.0 1.0 1.0 1.0 1.0 1.0 1.0 1.0 1.0 1.0 1.0 1.0 1.0 1.0 1.0 1.0 1.0 1.0 1.0 1.0 1.0 1.0 1.0 1.0 1.0 1.0 1.0 1.0 1.0 1.0 1.0 1.0 1.0 1.0 1.0 1.0 1.0 1.0 0.873 0.967 1.181 1.125 0.839 1.29 0.974 1.192 0.778 1.257 0.919 0.76 0.951 1.226 1.2 0.948 0.751 1.224 0.759 0.959 1.038 1.32 1.223 0.961 0.881 1.04 0.985 0.716 1.053 1.173 1.04 0.833 1.233 1.088 0.959 1.172 0.91 0.707 1.162 1.235 0.798 1.028 0.932 1.355 1.078 0.683 0.794 0.932 1.209 1.214 1.37 1.083 0.963 1.322 1.046 1.085 0.93 0.926 1.203 0.584 0.611 1.165 0.966 1.311 1.228 1.345 0.803 0.83 0.878 1.398 0.756 1.311 0.968 0.964 0.626 1.324 1.345 0.959 1.0 1.257 0.788 1.281 1.289 1.0 1.243 0.81 1.144 0.808 1.0 1.28 1.111 1.161 1.151 1.0 1.453 0.834 0.837 0.932 1.0 0.715 1.097 0.62 1.279 1.0 0.877 1.031 0.635 1.052 1.0 0.987 1.132 0.916 0.701 1.0 0.98 1.339 0.835 1.176 1.0 1.743 0.918 0.842 1.033 1.0 1.084 0.92 1.154 1.215 1.0 0.733 1.356 0.839 0.981 1.0 1.819 0.881 0.893 1.219 1.0 0.995 1.062 1.09 0.83 1.0 0.718 0.85 1.088 0.763 1.0 0.955 1.205 0.851 0.775 1.0 0.792 0.974 1.375 0.98 1.0 0.695 1.0 1.234 1.295 1.0 0.941 1.0 1.313 0.823 1.0 0.726 1.0 0.804 0.819 1.0 0.695 1.0 0.899 0.741 1.0 0.735 1.0 0.837 0.8 1.0 0.755 1.0 0.808 0.706 1.0 0.768 1.0 0.747 1.511 1.0 2.28 1.0 1.0 0.708 1.0 0.644 1.0 1.0 0.726 1.0 0.705 1.0 1.0 1.115 1.0 1.0 1.0 1.0 0.626 1.0 1.0 1.0 1.0 0.872 1.0 1.0 1.0 1.0 1.994 1.0 1.0 1.0 1.0 1.0 1.0 1.0 1.0 1.0 1.0 1.0 1.0 1.0 1.0 1.0 1.0 1.0 1.0 1.0 1.0 1.0 1.0 1.0 1.0 1.0 1.0 1.0 1.0 1.0 1.0 1.0 1.0 1.0 1.0 1.0 1.0 1.0 1.0 1.0 1.0 1.0 1.0 1.0 1.0 1.0 1.0 1.0 1.0 1.0 1.0 1.0 1.0 1.0 1.0 1.0 1.0 1.0 1.0 1.0 1.0 1.0 1.0 1.0 1.0 1.0 1.0 1.0 1.0 1.0 1.0 1.0 1.0 1.0 1.0 1.0 1.0 1.0 1.0 1.0 1.0 1.0 1.0 1.0 1.0 1.0 1.0 1.0 1.0 1.0 1.0 1.0 1.0 1.0 1.0 1.0 1.0 1.0 1.0 1.0 1.0 1.0 1.0 1.0 1.0 1.0 1.0 1.0 1.0 1.0 1.0 1.0 1.0 1.0 1.0 1.0 1.0 1.0 1.0 1.0 1.0 1.0 1.0 1.0 1.0 1.0 1.0 1.0 1.0 1.0 1.0 1.0 1.0 1.0 1.0 1.0 1.0 1.0 1.0 1.0 1.0 1.0 1.0 1.0 1.0 1.0 1.0 1.0 1.0 1.0 1.0 1.0 1.0 1.0 1.0 1.0 1.0 1.0,2.2804804,1.2804804,0.49384296,0.3,0.6166592240333557,0.0003,5,5.073231
61,0.22202861309051514,0.9943154,1.009 1.032 0.909 0.992 0.906 0.985 1.288 1.202 0.775 0.772 1.02 1.321 0.948 1.207 0.964 1.336 0.734 0.7 0.93 0.793 0.958 1.093 0.92 1.299 1.047 0.95 0.728 1.299 1.001 1.06 1.037 0.73 1.043 0.793 1.123 0.926 0.898 1.283 1.24 1.166 1.085 1.097 0.912 0.585 0.681 0.869 0.719 1.11 1.246 1.04 1.207 0.716 1.126 1.264 0.803 0.926 0.959 1.13 1.202 1.115 0.862 0.951 0.762 1.22 1.0 1.178 1.126 0.689 0.662 1.0 1.15 1.119 1.1 1.2 1.0 1.317 1.483 1.078 1.143 1.0 1.307 0.923 1.387 1.023 1.0 1.215 0.892 1.122 0.654 1.0 1.048 0.67 1.033 1.095 1.0 0.998 0.877 0.789 0.729 1.0 1.31 0.667 0.738 1.164 1.0 0.933 0.959 1.0 0.726 1.0 0.723 0.8 1.0 0.784 1.0 0.711 1.113 1.0 0.813 1.0 0.717 1.03 1.0 0.841 1.0 1.006 1.04 1.0 0.693 1.0 0.718 1.144 1.0 0.679 1.0 0.958 0.8 1.0 1.156 1.0 1.17 1.018 1.0 1.077 1.0 0.681 0.671 1.0 0.905 1.0 0.687 1.05 1.0 0.764 1.0 1.063 0.99 1.0 1.069 1.0 1.778 0.931 1.0 0.868 1.0 1.0 0.93 1.0 1.009 1.0 1.0 0.935 1.0 0.804 1.0 1.0 0.926 1.0 1.041 1.0 1.0 0.677 1.0 0.846 1.0 1.0 0.708 1.0 0.749 1.0 1.0 0.88 1.0 1.0 1.0 1.0 2.115 1.0 1.0 1.0 1.0 0.749 1.0 1.0 1.0 1.0 0.692 1.0 1.0 1.0 1.0 0.691 1.0 1.0 1.0 1.0 0.696 1.0 1.0 1.0 1.0 0.662 1.0 1.0 1.0 1.0 0.819 1.0 1.0 1.0 1.0 1.0 1.0 1.0 1.0 1.0 1.0 1.0 1.0 1.0 1.0 1.0 1.0 1.0 1.0 1.0 1.0 1.0 1.0 1.0 1.0 1.0 1.0 1.0 1.0 1.0 1.0 1.0 1.0 1.0 1.0 1.0 1.0 1.0 1.0 1.0 1.0 1.0 1.0 1.0 1.0 1.0 1.0 1.0 1.0 1.0 1.0 1.0 1.0 1.0 1.0 1.0 1.0 1.0 1.0 1.0 1.0 1.0 1.0 1.0 1.0 1.0 1.0 1.0 1.0 1.0 1.0 1.0 1.0 1.0 1.0 1.0 1.0 1.0 1.0 1.0 1.0 1.0 1.0 1.0 1.0 1.0 1.0 1.0 1.0 1.0 1.0 1.0 1.0 1.0 1.0 1.0 1.0 1.0 1.0 1.0 1.0 1.0 1.0 1.0 1.0 1.0 1.0 1.0 1.0 1.0 1.0 1.0 1.0 1.0 1.0 1.0 1.0 1.0 1.0 1.0 1.0 1.0 1.0 1.0 1.0 1.0 1.0 1.0 1.0 1.0 1.0 1.0 1.0 1.0 1.0 1.0 1.0 1.0 1.0 1.0 1.0 1.0 1.0 1.0 1.0 1.0 1.0 1.0 1.0 1.0 1.0 1.0 1.0 1.0 0.935 0.992 1.134 0.992 0.906 1.292 0.978 0.956 0.787 0.883 0.928 1.023 0.906 0.768 1.157 1.029 0.758 0.928 0.761 1.007 0.937 0.988 0.905 0.866 0.729 1.175 0.855 1.201 1.047 0.623 0.756 1.327 0.903 1.181 0.725 1.187 1.187 1.037 1.332 0.745 0.758 0.758 1.231 0.492 1.176 0.775 0.915 1.175 0.674 1.195 0.778 0.762 0.712 0.749 0.673 1.214 0.77 0.698 1.279 0.675 0.961 1.051 1.113 0.541 1.031 0.988 1.092 1.11 0.692 1.102 0.887 1.001 1.033 1.229 0.674 1.088 1.104 1.043 0.575 1.132 0.926 1.066 0.705 0.601 0.702 1.0 1.129 1.186 0.905 0.781 1.0 0.97 0.704 0.681 1.118 1.0 0.98 1.444 0.899 0.856 1.0 0.747 0.62 0.692 0.729 1.0 0.771 0.78 0.834 1.0 1.0 1.18 0.812 0.83 1.0 1.0 0.778 0.782 0.815 1.0 1.0 1.144 0.723 0.815 1.0 1.0 1.088 0.656 0.653 1.0 1.0 1.23 0.683 1.081 1.0 1.0 0.835 0.709 0.776 1.0 1.0 0.754 1.075 0.754 1.0 1.0 0.803 0.762 1.0 1.0 1.0 1.26 0.637 1.0 1.0 1.0 0.76 0.658 1.0 1.0 1.0 0.715 0.617 1.0 1.0 1.0 1.053 1.798 1.0 1.0 1.0 0.683 1.0 1.0 1.0 1.0 0.678 1.0 1.0 1.0 1.0 1.028 1.0 1.0 1.0 1.0 0.835 1.0 1.0 1.0 1.0 0.794 1.0 1.0 1.0 1.0 0.803 1.0 1.0 1.0 1.0 0.956 1.0 1.0 1.0 1.0 0.7 1.0 1.0 1.0 1.0 0.827 1.0 1.0 1.0 1.0 0.794 1.0 1.0 1.0 1.0 1.073 1.0 1.0 1.0 1.0 0.658 1.0 1.0 1.0 1.0 2.069 1.0 1.0 1.0 1.0 1.658 1.0 1.0 1.0 1.0 0.756 1.0 1.0 1.0 1.0 1.0 1.0 1.0 1.0 1.0 1.0 1.0 1.0 1.0 1.0 1.0 1.0 1.0 1.0 1.0 1.0 1.0 1.0 1.0 1.0 1.0 1.0 1.0 1.0 1.0 1.0 1.0 1.0 1.0 1.0 1.0 1.0 1.0 1.0 1.0 1.0 1.0 1.0 1.0 1.0 1.0 1.0 1.0 1.0 1.0 1.0 1.0 1.0 1.0 1.0 1.0 1.0 1.0 1.0 1.0 1.0 1.0 1.0 1.0 1.0 1.0 1.0 1.0 1.0 1.0 1.0 1.0 1.0 1.0 1.0 1.0 1.0 1.0 1.0 1.0 1.0 1.0 1.0 1.0 1.0 1.0 1.0 1.0 1.0 1.0 1.0 1.0 1.0 1.0 1.0 1.0 1.0 1.0 1.0 1.0 1.0 1.0 1.0 1.0 1.0 1.0 1.0 1.0 1.0 1.0 1.0 1.0 1.0 1.0 1.0 1.0 1.0 1.0 1.0 1.0 1.0 1.0 1.0 1.0 1.0 1.0 1.0 1.0 1.0 1.0 1.0 1.0 1.0 1.0 1.0 1.0 1.0 1.0 1.0 1.205 1.032 0.826 1.128 0.838 1.001 0.973 1.199 0.972 0.773 1.329 1.348 0.946 1.202 1.252 0.995 0.975 1.306 1.219 0.878 1.321 1.063 1.303 0.93 0.854 1.091 1.024 0.925 1.24 1.231 1.247 0.936 0.992 0.705 0.665 1.047 0.904 0.99 0.893 1.269 0.982 0.997 1.075 1.296 0.539 0.991 1.095 1.051 0.893 1.121 0.937 1.167 1.239 1.104 1.141 0.82 0.623 1.055 1.107 0.556 0.97 1.269 1.125 0.696 0.703 1.002 1.179 0.681 1.206 0.912 1.314 1.305 0.835 1.313 0.78 0.817 0.984 0.757 1.111 0.789 1.14 1.005 0.873 1.31 1.03 0.63 0.976 0.803 1.258 0.924 0.755 0.578 0.863 0.648 1.054 1.057 0.603 0.761 0.86 1.373 0.73 0.693 1.432 1.198 0.709 0.954 0.916 1.0 0.956 0.944 0.739 0.675 1.0 0.676 0.655 0.859 0.704 1.0 1.245 1.0 0.69 1.4 1.0 1.562 1.0 0.686 0.705 1.0 0.747 1.0 0.683 1.353 1.0 1.054 1.0 0.746 1.014 1.0 0.715 1.0 0.944 0.815 1.0 1.018 1.0 1.092 1.242 1.0 0.808 1.0 0.851 0.816 1.0 0.672 1.0 1.099 0.73 1.0 1.0 1.0 0.757 0.77 1.0 1.0 1.0 0.893 0.738 1.0 1.0 1.0 1.061 0.68 1.0 1.0 1.0 1.008 0.694 1.0 1.0 1.0 0.881 0.715 1.0 1.0 1.0 1.034 0.992 1.0 1.0 1.0 0.98 1.0 1.0 1.0 1.0 0.878 1.0 1.0 1.0 1.0 0.801 1.0 1.0 1.0 1.0 0.764 1.0 1.0 1.0 1.0 0.758 1.0 1.0 1.0 1.0 0.722 1.0 1.0 1.0 1.0 1.184 1.0 1.0 1.0 1.0 1.221 1.0 1.0 1.0 1.0 1.404 1.0 1.0 1.0 1.0 1.006 1.0 1.0 1.0 1.0 0.75 1.0 1.0 1.0 1.0 0.756 1.0 1.0 1.0 1.0 1.718 1.0 1.0 1.0 1.0 0.571 1.0 1.0 1.0 1.0 1.0 1.0 1.0 1.0 1.0 1.0 1.0 1.0 1.0 1.0 1.0 1.0 1.0 1.0 1.0 1.0 1.0 1.0 1.0 1.0 1.0 1.0 1.0 1.0 1.0 1.0 1.0 1.0 1.0 1.0 1.0 1.0 1.0 1.0 1.0 1.0 1.0 1.0 1.0 1.0 1.0 1.0 1.0 1.0 1.0 1.0 1.0 1.0 1.0 1.0 1.0 1.0 1.0 1.0 1.0 1.0 1.0 1.0 1.0 1.0 1.0 1.0 1.0 1.0 1.0 1.0 1.0 1.0 1.0 1.0 1.0 1.0 1.0 1.0 1.0 1.0 1.0 1.0 1.0 1.0 1.0 1.0 1.0 1.0 1.0 1.0 1.0 1.0 1.0 1.0 1.0 1.0 1.0 1.0 1.0 1.0 1.0 1.0 1.0 1.0 1.0 1.0 1.0 1.0 1.0 1.0 1.0 1.0 1.0 1.0 1.0 1.0 1.0 1.0 1.0 1.0 1.0 1.0 1.0 1.0 1.205 0.964 0.826 1.128 1.114 0.832 0.975 1.253 0.905 0.771 0.993 0.957 0.951 0.906 0.975 0.809 0.956 1.25 0.878 1.328 0.916 1.173 0.893 1.23 0.874 1.051 1.086 1.22 0.709 1.298 1.196 1.26 1.206 1.335 0.723 0.601 1.263 1.29 1.336 1.421 1.306 0.912 1.288 1.133 1.323 0.964 0.876 0.718 1.294 1.31 1.278 1.211 0.924 1.214 1.303 1.268 1.3 1.124 1.298 1.379 1.234 1.14 0.841 1.081 1.279 1.312 1.29 1.29 1.297 0.936 1.287 1.338 1.185 1.303 1.295 0.907 1.301 1.181 1.279 0.744 1.374 0.634 1.3 0.863 1.292 1.27 1.315 0.787 1.321 0.808 0.647 1.271 1.252 0.8 1.198 1.116 1.216 1.12 0.74 1.295 1.387 0.724 1.316 1.176 1.3 0.868 1.067 1.179 0.764 0.777 1.325 1.383 1.154 0.841 1.266 1.2 0.873 1.07 1.317 0.834 1.198 0.892 0.916 1.36 0.788 1.018 1.361 0.976 0.867 0.818 1.496 0.864 0.958 1.189 1.42 1.131 0.898 1.034 1.009 1.284 0.784 1.441 0.935 0.642 0.729 0.666 1.0 0.91 0.65 1.0 0.694 1.0 0.834 1.0 1.0 0.736 1.0 0.791 1.0 1.0 0.77 1.0 1.147 1.0 1.0 1.095 1.0 1.174 1.0 1.0 2.073 1.0 1.424 1.0 1.0 0.714 1.0 0.922 1.0 1.0 2.069 1.0 0.755 1.0 1.0 0.75 1.0 0.741 1.0 1.0 0.791 1.0 0.735 1.0 1.0 0.781 1.0 0.73 1.0 1.0 1.0 1.0 0.686 1.0 1.0 1.0 1.0 1.501 1.0 1.0 1.0 1.0 1.344 1.0 1.0 1.0 1.0 1.148 1.0 1.0 1.0 1.0 1.006 1.0 1.0 1.0 1.0 0.99 1.0 1.0 1.0 1.0 0.926 1.0 1.0 1.0 1.0 1.083 1.0 1.0 1.0 1.0 1.257 1.0 1.0 1.0 1.0 1.268 1.0 1.0 1.0 1.0 0.879 1.0 1.0 1.0 1.0 0.757 1.0 1.0 1.0 1.0 0.708 1.0 1.0 1.0 1.0 1.087 1.0 1.0 1.0 1.0 0.914 1.0 1.0 1.0 1.0 0.962 1.0 1.0 1.0 1.0 1.093 1.0 1.0 1.0 1.0 1.102 1.0 1.0 1.0 1.0 0.614 1.0 1.0 1.0 1.0 0.881 1.0 1.0 1.0 1.0 1.1 1.0 1.0 1.0 1.0 1.28 1.0 1.0 1.0 1.0 0.632 1.0 1.0 1.0 1.0 0.68 1.0 1.0 1.0 1.0 0.699 1.0 1.0 1.0 1.0 0.695 1.0 1.0 1.0 1.0 0.98 1.0 1.0 1.0 1.0 0.655 1.0 1.0 1.0 1.0 1.13 1.0 1.0 1.0 1.0 0.732 1.0 1.0 1.0 1.0 1.265 1.0 1.0 1.0 1.0 0.624 1.0 1.0 1.0 1.0 0.816 1.0 1.0 1.0 1.0 0.673 1.0 1.0 1.0 1.0 0.715 1.0 1.0 1.0 1.0 0.676 1.0 1.0 1.003 1.208 0.909 1.154 0.999 1.302 0.974 1.255 0.775 1.158 0.823 0.969 0.963 0.752 1.321 0.984 1.153 1.238 0.817 0.881 0.886 1.063 0.718 0.902 0.965 1.145 1.191 0.838 1.195 0.823 0.986 0.755 0.838 1.338 0.937 0.859 1.18 1.079 1.225 1.294 0.891 1.197 1.31 1.282 0.742 1.298 1.305 1.152 1.228 1.38 1.322 0.757 1.194 0.643 1.151 1.053 1.041 1.269 1.211 1.405 1.282 1.152 0.657 1.468 0.702 0.916 1.211 1.365 1.422 1.041 0.909 1.379 0.942 1.005 1.435 0.949 1.219 0.919 1.504 1.152 1.213 1.341 1.249 0.624 0.942 1.066 1.0 1.457 1.373 1.261 0.815 1.0 0.932 1.258 0.735 0.912 1.0 0.871 0.835 0.742 0.765 1.0 0.78 0.695 1.237 1.168 1.0 0.691 1.046 0.784 1.131 1.0 0.824 1.631 1.062 1.113 1.0 0.995 0.731 1.067 1.004 1.0 0.849 0.739 1.208 0.769 1.0 0.881 0.715 0.694 1.174 1.0 0.888 1.202 0.732 0.983 1.0 0.905 1.011 0.738 1.023 1.0 0.709 1.001 0.932 1.013 1.0 0.818 0.736 0.968 1.127 1.0 0.881 0.973 0.661 0.87 1.0 0.919 1.023 1.0 1.094 1.0 0.689 0.986 1.0 0.989 1.0 0.771 0.92 1.0 0.777 1.0 0.82 0.821 1.0 0.829 1.0 1.0 1.176 1.0 0.795 1.0 1.0 0.867 1.0 0.734 1.0 1.0 0.936 1.0 0.732 1.0 1.0 1.453 1.0 0.948 1.0 1.0 1.408 1.0 0.678 1.0 1.0 0.753 1.0 0.686 1.0 1.0 0.678 1.0 0.652 1.0 1.0 0.661 1.0 0.711 1.0 1.0 0.933 1.0 1.0 1.0 1.0 0.919 1.0 1.0 1.0 1.0 0.903 1.0 1.0 1.0 1.0 0.619 1.0 1.0 1.0 1.0 1.0 1.0 1.0 1.0 1.0 1.0 1.0 1.0 1.0 1.0 1.0 1.0 1.0 1.0 1.0 1.0 1.0 1.0 1.0 1.0 1.0 1.0 1.0 1.0 1.0 1.0 1.0 1.0 1.0 1.0 1.0 1.0 1.0 1.0 1.0 1.0 1.0 1.0 1.0 1.0 1.0 1.0 1.0 1.0 1.0 1.0 1.0 1.0 1.0 1.0 1.0 1.0 1.0 1.0 1.0 1.0 1.0 1.0 1.0 1.0 1.0 1.0 1.0 1.0 1.0 1.0 1.0 1.0 1.0 1.0 1.0 1.0 1.0 1.0 1.0 1.0 1.0 1.0 1.0 1.0 1.0 1.0 1.0 1.0 1.0 1.0 1.0 1.0 1.0 1.0 1.0 1.0 1.0 1.0 1.0 1.0 1.0 1.0 1.0 1.0 1.0 1.0 1.0 1.0 1.0 1.0 1.0 1.0 1.0 1.0 1.0 1.0 1.0 1.0 1.0 1.0 1.0 1.0 1.0 1.0 1.0 1.0 1.0 1.0 1.0 1.0 1.0 1.0 1.0 1.0 1.0 1.0 1.0 1.0 1.0 1.0 1.0 1.0 1.0 1.0 1.0 1.0 0.871 1.032 1.182 0.921 0.999 1.016 1.299 1.19 0.914 1.141 0.972 1.331 0.887 1.04 1.332 0.799 0.954 0.729 0.691 0.899 1.359 1.342 1.264 1.216 1.163 0.795 0.797 0.729 0.529 0.8 0.859 1.028 1.265 0.979 0.797 1.037 0.839 0.875 0.697 1.015 0.754 0.73 0.973 1.284 0.729 1.108 1.074 1.301 0.729 1.186 0.801 1.073 0.997 0.914 1.28 0.69 0.881 0.944 0.727 0.752 1.18 0.704 1.093 1.0 1.226 0.763 1.239 1.055 1.0 1.286 0.969 0.752 1.16 1.0 0.679 0.635 1.065 1.128 1.0 1.143 0.829 0.948 0.96 1.0 1.019 1.11 0.733 0.989 1.0 0.814 0.729 1.072 0.829 1.0 0.708 1.121 1.03 0.856 1.0 0.755 1.136 1.023 1.092 1.0 0.76 1.14 1.086 1.062 1.0 0.745 0.704 0.975 0.822 1.0 0.776 0.843 1.178 0.817 1.0 1.513 0.905 0.675 1.063 1.0 1.012 0.966 1.156 0.82 1.0 0.721 0.702 0.943 1.349 1.0 0.694 0.74 0.674 0.821 1.0 1.0 0.699 0.88 1.056 1.0 1.0 0.839 1.166 1.119 1.0 1.0 1.126 1.092 1.121 1.0 1.0 1.019 0.786 0.72 1.0 1.0 0.719 0.949 0.815 1.0 1.0 0.661 0.936 1.386 1.0 1.0 1.0 0.715 1.397 1.0 1.0 1.0 1.319 1.322 1.0 1.0 1.0 0.708 0.772 1.0 1.0 1.0 0.772 1.11 1.0 1.0 1.0 0.763 0.878 1.0 1.0 1.0 0.755 0.919 1.0 1.0 1.0 0.804 1.027 1.0 1.0 1.0 0.78 0.736 1.0 1.0 1.0 0.771 0.678 1.0 1.0 1.0 1.055 0.716 1.0 1.0 1.0 0.942 0.684 1.0 1.0 1.0 0.703 0.704 1.0 1.0 1.0 1.012 0.663 1.0 1.0 1.0 0.919 0.637 1.0 1.0 1.0 1.007 0.621 1.0 1.0 1.0 0.857 1.0 1.0 1.0 1.0 0.673 1.0 1.0 1.0 1.0 0.686 1.0 1.0 1.0 1.0 0.935 1.0 1.0 1.0 1.0 0.67 1.0 1.0 1.0 1.0 0.686 1.0 1.0 1.0 1.0 0.714 1.0 1.0 1.0 1.0 0.702 1.0 1.0 1.0 1.0 0.68 1.0 1.0 1.0 1.0 0.665 1.0 1.0 1.0 1.0 0.642 1.0 1.0 1.0 1.0 1.0 1.0 1.0 1.0 1.0 1.0 1.0 1.0 1.0 1.0 1.0 1.0 1.0 1.0 1.0 1.0 1.0 1.0 1.0 1.0 1.0 1.0 1.0 1.0 1.0 1.0 1.0 1.0 1.0 1.0 1.0 1.0 1.0 1.0 1.0 1.0 1.0 1.0 1.0 1.0 1.0 1.0 1.0 1.0 1.0 1.0 1.0 1.0 1.0 1.0 1.0 1.0 1.0 1.0 1.0 1.0 1.0 1.0 1.0 1.0 1.0 1.0 1.0 1.0 1.0 1.0 1.0 1.0 1.0 1.0 1.0 1.0 1.0 1.0 1.0 1.0 1.0 1.0 1.0 1.205 1.208 0.99 1.128 0.838 0.997 1.298 1.276 1.191 1.248 1.33 0.977 0.882 1.232 1.258 0.815 0.882 0.958 0.726 0.825 1.005 1.177 1.178 0.897 1.065 0.834 1.198 0.901 1.279 0.79 1.206 0.496 1.095 0.73 1.218 0.906 1.137 0.716 1.001 1.044 1.152 1.285 1.337 1.091 1.145 1.048 1.254 1.339 1.319 0.723 0.75 1.179 1.149 1.153 1.296 1.152 0.642 1.139 1.012 1.238 1.23 1.303 1.309 1.384 1.05 1.228 0.529 1.358 1.107 1.284 1.171 1.475 0.679 0.804 0.759 1.237 1.236 0.687 1.375 0.748 1.107 1.015 1.254 1.282 1.0 1.313 0.627 1.281 1.431 1.0 1.325 1.26 1.206 0.653 1.0 1.049 1.027 1.274 1.343 1.0 1.061 0.701 1.317 0.665 1.0 0.974 1.245 1.03 1.168 1.0 0.898 1.014 0.889 1.032 1.0 1.049 1.42 1.464 0.72 1.0 1.053 1.419 0.816 1.127 1.0 1.264 0.977 0.745 1.048 1.0 1.222 1.436 1.237 1.018 1.0 1.159 0.778 0.767 0.71 1.0 0.966 1.475 1.259 0.863 1.0 1.312 0.572 1.204 0.683 1.0 1.273 0.756 1.227 0.842 1.0 0.681 1.123 0.912 1.003 1.0 0.694 1.289 1.209 0.756 1.0 0.706 1.227 0.758 1.0 1.0 0.724 0.621 0.834 1.0 1.0 0.697 0.683 1.0 1.0 1.0 0.672 0.693 1.0 1.0 1.0 0.652 0.72 1.0 1.0 1.0 1.079 0.707 1.0 1.0 1.0 0.754 0.725 1.0 1.0 1.0 1.175 0.709 1.0 1.0 1.0 1.193 1.0 1.0 1.0 1.0 0.928 1.0 1.0 1.0 1.0 1.569 1.0 1.0 1.0 1.0 0.759 1.0 1.0 1.0 1.0 0.856 1.0 1.0 1.0 1.0 1.199 1.0 1.0 1.0 1.0 0.746 1.0 1.0 1.0 1.0 0.772 1.0 1.0 1.0 1.0 1.0 1.0 1.0 1.0 1.0 1.0 1.0 1.0 1.0 1.0 1.0 1.0 1.0 1.0 1.0 1.0 1.0 1.0 1.0 1.0 1.0 1.0 1.0 1.0 1.0 1.0 1.0 1.0 1.0 1.0 1.0 1.0 1.0 1.0 1.0 1.0 1.0 1.0 1.0 1.0 1.0 1.0 1.0 1.0 1.0 1.0 1.0 1.0 1.0 1.0 1.0 1.0 1.0 1.0 1.0 1.0 1.0 1.0 1.0 1.0 1.0 1.0 1.0 1.0 1.0 1.0 1.0 1.0 1.0 1.0 1.0 1.0 1.0 1.0 1.0 1.0 1.0 1.0 1.0 1.0 1.0 1.0 1.0 1.0 1.0 1.0 1.0 1.0 1.0 1.0 1.0 1.0 1.0 1.0 1.0 1.0 1.0 1.0 1.0 1.0 1.0 1.0 1.0 1.0 1.0 1.0 1.0 1.0 1.0 1.0 1.0 1.0 1.0 1.0 1.0 1.0 1.0 1.0 1.0 1.0 1.0 1.0 1.0 1.0 1.0 1.0 1.0 1.0 1.0 1.0 1.0 1.0 1.0 1.0 1.0 0.871 0.964 1.182 1.128 0.838 1.292 0.979 1.196 0.777 1.257 0.913 0.758 0.954 1.225 1.203 0.945 0.749 1.229 0.757 0.963 1.038 1.324 1.228 0.956 0.878 1.04 0.981 0.714 1.052 1.174 1.04 0.837 1.238 1.088 0.954 1.171 0.906 0.705 1.168 1.238 0.801 1.024 0.928 1.356 1.079 0.685 0.797 0.936 1.218 1.21 1.365 1.083 0.968 1.322 1.048 1.088 0.934 0.922 1.214 0.583 0.611 1.163 0.962 1.33 1.221 1.34 0.807 0.831 0.87 1.408 0.759 1.306 0.966 0.956 0.626 1.32 1.341 0.958 1.0 1.254 0.792 1.277 1.289 1.0 1.246 0.813 1.146 0.81 1.0 1.287 1.114 1.17 1.157 1.0 1.453 0.837 0.839 0.934 1.0 0.717 1.092 0.62 1.277 1.0 0.87 1.025 0.636 1.057 1.0 0.982 1.136 0.908 0.7 1.0 0.974 1.342 0.838 1.17 1.0 1.751 0.922 0.843 1.031 1.0 1.083 0.915 1.162 1.21 1.0 0.734 1.359 0.842 0.989 1.0 1.828 0.876 0.895 1.213 1.0 0.992 1.065 1.091 0.83 1.0 0.71 0.851 1.077 0.761 1.0 0.947 1.193 0.846 0.776 1.0 0.795 0.976 1.378 0.975 1.0 0.687 1.0 1.222 1.289 1.0 0.931 1.0 1.302 0.824 1.0 0.719 1.0 0.8 0.82 1.0 0.694 1.0 0.9 0.741 1.0 0.738 1.0 0.839 0.8 1.0 0.748 1.0 0.809 0.704 1.0 0.762 1.0 0.747 1.506 1.0 2.296 1.0 1.0 0.706 1.0 0.646 1.0 1.0 0.726 1.0 0.7 1.0 1.0 1.107 1.0 1.0 1.0 1.0 0.631 1.0 1.0 1.0 1.0 0.865 1.0 1.0 1.0 1.0 1.999 1.0 1.0 1.0 1.0 1.0 1.0 1.0 1.0 1.0 1.0 1.0 1.0 1.0 1.0 1.0 1.0 1.0 1.0 1.0 1.0 1.0 1.0 1.0 1.0 1.0 1.0 1.0 1.0 1.0 1.0 1.0 1.0 1.0 1.0 1.0 1.0 1.0 1.0 1.0 1.0 1.0 1.0 1.0 1.0 1.0 1.0 1.0 1.0 1.0 1.0 1.0 1.0 1.0 1.0 1.0 1.0 1.0 1.0 1.0 1.0 1.0 1.0 1.0 1.0 1.0 1.0 1.0 1.0 1.0 1.0 1.0 1.0 1.0 1.0 1.0 1.0 1.0 1.0 1.0 1.0 1.0 1.0 1.0 1.0 1.0 1.0 1.0 1.0 1.0 1.0 1.0 1.0 1.0 1.0 1.0 1.0 1.0 1.0 1.0 1.0 1.0 1.0 1.0 1.0 1.0 1.0 1.0 1.0 1.0 1.0 1.0 1.0 1.0 1.0 1.0 1.0 1.0 1.0 1.0 1.0 1.0 1.0 1.0 1.0 1.0 1.0 1.0 1.0 1.0 1.0 1.0 1.0 1.0 1.0 1.0 1.0 1.0 1.0 1.0 1.0 1.0 1.0 1.0 1.0 1.0 1.0 1.0 1.0 1.0 1.0 1.0 1.0 1.0 1.0 1.0 1.0 1.0,2.296031,1.296031,0.49245602,0.3,0.6215730309486389,0.0003,5,5.11466
62,0.2235671579837799,0.99427235,1.009 1.032 0.906 0.994 0.903 0.99 1.289 1.206 0.774 0.771 1.018 1.322 0.951 1.21 0.96 1.338 0.732 0.698 0.933 0.793 0.952 1.092 0.922 1.297 1.047 0.944 0.725 1.301 0.998 1.058 1.035 0.728 1.039 0.794 1.121 0.924 0.904 1.287 1.236 1.167 1.082 1.096 0.911 0.586 0.682 0.871 0.718 1.111 1.251 1.048 1.208 0.715 1.127 1.269 0.809 0.931 0.953 1.132 1.198 1.124 0.867 0.958 0.765 1.224 1.0 1.181 1.126 0.691 0.662 1.0 1.144 1.118 1.107 1.204 1.0 1.322 1.486 1.074 1.147 1.0 1.301 0.926 1.387 1.014 1.0 1.208 0.895 1.115 0.655 1.0 1.05 0.67 1.03 1.1 1.0 0.992 0.88 0.793 0.73 1.0 1.312 0.666 0.735 1.165 1.0 0.926 0.952 1.0 0.727 1.0 0.725 0.8 1.0 0.785 1.0 0.712 1.115 1.0 0.813 1.0 0.72 1.033 1.0 0.841 1.0 1.009 1.043 1.0 0.694 1.0 0.72 1.14 1.0 0.677 1.0 0.961 0.796 1.0 1.161 1.0 1.173 1.019 1.0 1.072 1.0 0.683 0.671 1.0 0.902 1.0 0.689 1.041 1.0 0.764 1.0 1.065 0.986 1.0 1.074 1.0 1.773 0.922 1.0 0.866 1.0 1.0 0.93 1.0 1.014 1.0 1.0 0.935 1.0 0.804 1.0 1.0 0.926 1.0 1.034 1.0 1.0 0.675 1.0 0.843 1.0 1.0 0.708 1.0 0.746 1.0 1.0 0.871 1.0 1.0 1.0 1.0 2.125 1.0 1.0 1.0 1.0 0.749 1.0 1.0 1.0 1.0 0.689 1.0 1.0 1.0 1.0 0.689 1.0 1.0 1.0 1.0 0.692 1.0 1.0 1.0 1.0 0.661 1.0 1.0 1.0 1.0 0.818 1.0 1.0 1.0 1.0 1.0 1.0 1.0 1.0 1.0 1.0 1.0 1.0 1.0 1.0 1.0 1.0 1.0 1.0 1.0 1.0 1.0 1.0 1.0 1.0 1.0 1.0 1.0 1.0 1.0 1.0 1.0 1.0 1.0 1.0 1.0 1.0 1.0 1.0 1.0 1.0 1.0 1.0 1.0 1.0 1.0 1.0 1.0 1.0 1.0 1.0 1.0 1.0 1.0 1.0 1.0 1.0 1.0 1.0 1.0 1.0 1.0 1.0 1.0 1.0 1.0 1.0 1.0 1.0 1.0 1.0 1.0 1.0 1.0 1.0 1.0 1.0 1.0 1.0 1.0 1.0 1.0 1.0 1.0 1.0 1.0 1.0 1.0 1.0 1.0 1.0 1.0 1.0 1.0 1.0 1.0 1.0 1.0 1.0 1.0 1.0 1.0 1.0 1.0 1.0 1.0 1.0 1.0 1.0 1.0 1.0 1.0 1.0 1.0 1.0 1.0 1.0 1.0 1.0 1.0 1.0 1.0 1.0 1.0 1.0 1.0 1.0 1.0 1.0 1.0 1.0 1.0 1.0 1.0 1.0 1.0 1.0 1.0 1.0 1.0 1.0 1.0 1.0 1.0 1.0 1.0 1.0 1.0 1.0 1.0 1.0 1.0 1.0 1.0 0.932 0.996 1.137 0.994 0.903 1.293 0.983 0.959 0.786 0.879 0.923 1.021 0.901 0.767 1.158 1.026 0.757 0.931 0.76 1.011 0.936 0.983 0.9 0.868 0.73 1.177 0.86 1.203 1.046 0.624 0.759 1.335 0.9 1.177 0.725 1.189 1.192 1.034 1.338 0.748 0.763 0.761 1.234 0.491 1.173 0.779 0.917 1.173 0.674 1.193 0.782 0.765 0.712 0.752 0.676 1.216 0.773 0.695 1.284 0.678 0.951 1.05 1.113 0.542 1.037 0.978 1.091 1.104 0.694 1.095 0.879 0.999 1.031 1.223 0.676 1.095 1.101 1.037 0.577 1.127 0.918 1.063 0.706 0.603 0.704 1.0 1.127 1.193 0.899 0.781 1.0 0.968 0.705 0.685 1.112 1.0 0.978 1.447 0.9 0.848 1.0 0.746 0.621 0.696 0.731 1.0 0.771 0.771 0.834 1.0 1.0 1.178 0.806 0.824 1.0 1.0 0.778 0.785 0.809 1.0 1.0 1.137 0.722 0.814 1.0 1.0 1.087 0.654 0.652 1.0 1.0 1.223 0.686 1.069 1.0 1.0 0.834 0.708 0.78 1.0 1.0 0.752 1.062 0.752 1.0 1.0 0.799 0.752 1.0 1.0 1.0 1.258 0.642 1.0 1.0 1.0 0.762 0.656 1.0 1.0 1.0 0.717 0.622 1.0 1.0 1.0 1.055 1.799 1.0 1.0 1.0 0.685 1.0 1.0 1.0 1.0 0.681 1.0 1.0 1.0 1.0 1.03 1.0 1.0 1.0 1.0 0.831 1.0 1.0 1.0 1.0 0.791 1.0 1.0 1.0 1.0 0.802 1.0 1.0 1.0 1.0 0.956 1.0 1.0 1.0 1.0 0.7 1.0 1.0 1.0 1.0 0.828 1.0 1.0 1.0 1.0 0.796 1.0 1.0 1.0 1.0 1.062 1.0 1.0 1.0 1.0 0.663 1.0 1.0 1.0 1.0 2.078 1.0 1.0 1.0 1.0 1.658 1.0 1.0 1.0 1.0 0.758 1.0 1.0 1.0 1.0 1.0 1.0 1.0 1.0 1.0 1.0 1.0 1.0 1.0 1.0 1.0 1.0 1.0 1.0 1.0 1.0 1.0 1.0 1.0 1.0 1.0 1.0 1.0 1.0 1.0 1.0 1.0 1.0 1.0 1.0 1.0 1.0 1.0 1.0 1.0 1.0 1.0 1.0 1.0 1.0 1.0 1.0 1.0 1.0 1.0 1.0 1.0 1.0 1.0 1.0 1.0 1.0 1.0 1.0 1.0 1.0 1.0 1.0 1.0 1.0 1.0 1.0 1.0 1.0 1.0 1.0 1.0 1.0 1.0 1.0 1.0 1.0 1.0 1.0 1.0 1.0 1.0 1.0 1.0 1.0 1.0 1.0 1.0 1.0 1.0 1.0 1.0 1.0 1.0 1.0 1.0 1.0 1.0 1.0 1.0 1.0 1.0 1.0 1.0 1.0 1.0 1.0 1.0 1.0 1.0 1.0 1.0 1.0 1.0 1.0 1.0 1.0 1.0 1.0 1.0 1.0 1.0 1.0 1.0 1.0 1.0 1.0 1.0 1.0 1.0 1.0 1.0 1.0 1.0 1.0 1.0 1.0 1.0 1.0 1.206 1.032 0.825 1.131 0.837 1.007 0.978 1.204 0.975 0.772 1.33 1.35 0.949 1.206 1.25 1.002 0.97 1.304 1.223 0.88 1.323 1.062 1.301 0.934 0.855 1.1 1.032 0.928 1.244 1.233 1.251 0.942 0.989 0.703 0.666 1.055 0.9 0.989 0.897 1.274 0.979 0.996 1.075 1.299 0.539 0.987 1.094 1.052 0.891 1.122 0.942 1.173 1.238 1.102 1.143 0.825 0.625 1.055 1.106 0.557 0.973 1.261 1.122 0.696 0.706 0.999 1.171 0.682 1.207 0.905 1.325 1.311 0.828 1.318 0.782 0.808 0.973 0.758 1.11 0.79 1.136 0.993 0.868 1.317 1.024 0.627 0.968 0.797 1.257 0.923 0.756 0.579 0.865 0.648 1.05 1.054 0.605 0.762 0.861 1.374 0.727 0.696 1.431 1.2 0.703 0.948 0.909 1.0 0.952 0.948 0.739 0.677 1.0 0.676 0.651 0.852 0.706 1.0 1.251 1.0 0.688 1.404 1.0 1.559 1.0 0.686 0.706 1.0 0.741 1.0 0.683 1.344 1.0 1.057 1.0 0.746 1.016 1.0 0.71 1.0 0.947 0.811 1.0 1.01 1.0 1.092 1.246 1.0 0.808 1.0 0.846 0.813 1.0 0.666 1.0 1.103 0.73 1.0 1.0 1.0 0.755 0.766 1.0 1.0 1.0 0.888 0.739 1.0 1.0 1.0 1.057 0.68 1.0 1.0 1.0 1.013 0.693 1.0 1.0 1.0 0.879 0.714 1.0 1.0 1.0 1.034 0.998 1.0 1.0 1.0 0.979 1.0 1.0 1.0 1.0 0.873 1.0 1.0 1.0 1.0 0.8 1.0 1.0 1.0 1.0 0.763 1.0 1.0 1.0 1.0 0.761 1.0 1.0 1.0 1.0 0.719 1.0 1.0 1.0 1.0 1.167 1.0 1.0 1.0 1.0 1.207 1.0 1.0 1.0 1.0 1.391 1.0 1.0 1.0 1.0 1.002 1.0 1.0 1.0 1.0 0.749 1.0 1.0 1.0 1.0 0.76 1.0 1.0 1.0 1.0 1.714 1.0 1.0 1.0 1.0 0.573 1.0 1.0 1.0 1.0 1.0 1.0 1.0 1.0 1.0 1.0 1.0 1.0 1.0 1.0 1.0 1.0 1.0 1.0 1.0 1.0 1.0 1.0 1.0 1.0 1.0 1.0 1.0 1.0 1.0 1.0 1.0 1.0 1.0 1.0 1.0 1.0 1.0 1.0 1.0 1.0 1.0 1.0 1.0 1.0 1.0 1.0 1.0 1.0 1.0 1.0 1.0 1.0 1.0 1.0 1.0 1.0 1.0 1.0 1.0 1.0 1.0 1.0 1.0 1.0 1.0 1.0 1.0 1.0 1.0 1.0 1.0 1.0 1.0 1.0 1.0 1.0 1.0 1.0 1.0 1.0 1.0 1.0 1.0 1.0 1.0 1.0 1.0 1.0 1.0 1.0 1.0 1.0 1.0 1.0 1.0 1.0 1.0 1.0 1.0 1.0 1.0 1.0 1.0 1.0 1.0 1.0 1.0 1.0 1.0 1.0 1.0 1.0 1.0 1.0 1.0 1.0 1.0 1.0 1.0 1.0 1.0 1.0 1.0 1.0 1.206 0.962 0.825 1.131 1.117 0.83 0.981 1.252 0.901 0.77 1.0 0.953 0.954 0.902 0.979 0.808 0.951 1.255 0.88 1.326 0.915 1.178 0.888 1.227 0.874 1.047 1.084 1.223 0.71 1.296 1.193 1.255 1.209 1.339 0.723 0.602 1.255 1.295 1.339 1.415 1.298 0.92 1.294 1.138 1.329 0.973 0.885 0.718 1.288 1.303 1.281 1.219 0.926 1.22 1.299 1.267 1.297 1.121 1.296 1.377 1.226 1.15 0.841 1.086 1.277 1.315 1.296 1.297 1.299 0.93 1.283 1.339 1.185 1.299 1.296 0.9 1.296 1.183 1.279 0.744 1.369 0.636 1.297 0.858 1.291 1.268 1.315 0.787 1.319 0.813 0.649 1.266 1.261 0.805 1.207 1.126 1.212 1.116 0.743 1.293 1.383 0.727 1.325 1.186 1.299 0.859 1.073 1.184 0.767 0.778 1.323 1.385 1.157 0.846 1.265 1.2 0.877 1.072 1.31 0.832 1.199 0.896 0.909 1.354 0.787 1.026 1.355 0.977 0.873 0.822 1.491 0.869 0.959 1.189 1.419 1.134 0.902 1.036 1.021 1.282 0.777 1.436 0.935 0.64 0.73 0.667 1.0 0.91 0.65 1.0 0.696 1.0 0.832 1.0 1.0 0.738 1.0 0.794 1.0 1.0 0.772 1.0 1.15 1.0 1.0 1.087 1.0 1.176 1.0 1.0 2.076 1.0 1.422 1.0 1.0 0.716 1.0 0.921 1.0 1.0 2.07 1.0 0.757 1.0 1.0 0.749 1.0 0.743 1.0 1.0 0.793 1.0 0.737 1.0 1.0 0.78 1.0 0.732 1.0 1.0 1.0 1.0 0.683 1.0 1.0 1.0 1.0 1.5 1.0 1.0 1.0 1.0 1.341 1.0 1.0 1.0 1.0 1.146 1.0 1.0 1.0 1.0 1.006 1.0 1.0 1.0 1.0 0.989 1.0 1.0 1.0 1.0 0.927 1.0 1.0 1.0 1.0 1.079 1.0 1.0 1.0 1.0 1.261 1.0 1.0 1.0 1.0 1.27 1.0 1.0 1.0 1.0 0.877 1.0 1.0 1.0 1.0 0.757 1.0 1.0 1.0 1.0 0.707 1.0 1.0 1.0 1.0 1.086 1.0 1.0 1.0 1.0 0.918 1.0 1.0 1.0 1.0 0.96 1.0 1.0 1.0 1.0 1.09 1.0 1.0 1.0 1.0 1.098 1.0 1.0 1.0 1.0 0.613 1.0 1.0 1.0 1.0 0.882 1.0 1.0 1.0 1.0 1.097 1.0 1.0 1.0 1.0 1.285 1.0 1.0 1.0 1.0 0.631 1.0 1.0 1.0 1.0 0.681 1.0 1.0 1.0 1.0 0.698 1.0 1.0 1.0 1.0 0.697 1.0 1.0 1.0 1.0 0.979 1.0 1.0 1.0 1.0 0.654 1.0 1.0 1.0 1.0 1.127 1.0 1.0 1.0 1.0 0.732 1.0 1.0 1.0 1.0 1.266 1.0 1.0 1.0 1.0 0.624 1.0 1.0 1.0 1.0 0.814 1.0 1.0 1.0 1.0 0.678 1.0 1.0 1.0 1.0 0.716 1.0 1.0 1.0 1.0 0.681 1.0 1.0 1.007 1.209 0.906 1.153 1.001 1.304 0.979 1.253 0.773 1.161 0.821 0.965 0.966 0.751 1.319 0.991 1.157 1.244 0.815 0.876 0.883 1.064 0.716 0.899 0.962 1.152 1.196 0.836 1.197 0.824 0.985 0.756 0.836 1.344 0.939 0.863 1.173 1.078 1.219 1.301 0.895 1.2 1.316 1.285 0.745 1.301 1.305 1.148 1.235 1.387 1.325 0.76 1.196 0.642 1.146 1.042 1.045 1.276 1.205 1.412 1.285 1.15 0.657 1.476 0.704 0.922 1.212 1.373 1.432 1.034 0.911 1.38 0.946 0.998 1.442 0.952 1.22 0.922 1.51 1.147 1.212 1.342 1.252 0.624 0.935 1.066 1.0 1.458 1.378 1.268 0.813 1.0 0.927 1.264 0.737 0.911 1.0 0.865 0.83 0.744 0.764 1.0 0.783 0.694 1.239 1.169 1.0 0.69 1.052 0.786 1.134 1.0 0.818 1.633 1.064 1.111 1.0 0.999 0.732 1.07 1.011 1.0 0.848 0.739 1.209 0.769 1.0 0.879 0.716 0.693 1.168 1.0 0.887 1.198 0.728 0.983 1.0 0.895 1.015 0.734 1.023 1.0 0.709 1.005 0.93 1.013 1.0 0.814 0.736 0.967 1.122 1.0 0.88 0.976 0.66 0.872 1.0 0.917 1.031 1.0 1.088 1.0 0.689 0.993 1.0 0.99 1.0 0.769 0.921 1.0 0.777 1.0 0.817 0.821 1.0 0.831 1.0 1.0 1.17 1.0 0.798 1.0 1.0 0.87 1.0 0.731 1.0 1.0 0.943 1.0 0.73 1.0 1.0 1.447 1.0 0.938 1.0 1.0 1.403 1.0 0.676 1.0 1.0 0.753 1.0 0.685 1.0 1.0 0.68 1.0 0.653 1.0 1.0 0.662 1.0 0.71 1.0 1.0 0.924 1.0 1.0 1.0 1.0 0.908 1.0 1.0 1.0 1.0 0.895 1.0 1.0 1.0 1.0 0.619 1.0 1.0 1.0 1.0 1.0 1.0 1.0 1.0 1.0 1.0 1.0 1.0 1.0 1.0 1.0 1.0 1.0 1.0 1.0 1.0 1.0 1.0 1.0 1.0 1.0 1.0 1.0 1.0 1.0 1.0 1.0 1.0 1.0 1.0 1.0 1.0 1.0 1.0 1.0 1.0 1.0 1.0 1.0 1.0 1.0 1.0 1.0 1.0 1.0 1.0 1.0 1.0 1.0 1.0 1.0 1.0 1.0 1.0 1.0 1.0 1.0 1.0 1.0 1.0 1.0 1.0 1.0 1.0 1.0 1.0 1.0 1.0 1.0 1.0 1.0 1.0 1.0 1.0 1.0 1.0 1.0 1.0 1.0 1.0 1.0 1.0 1.0 1.0 1.0 1.0 1.0 1.0 1.0 1.0 1.0 1.0 1.0 1.0 1.0 1.0 1.0 1.0 1.0 1.0 1.0 1.0 1.0 1.0 1.0 1.0 1.0 1.0 1.0 1.0 1.0 1.0 1.0 1.0 1.0 1.0 1.0 1.0 1.0 1.0 1.0 1.0 1.0 1.0 1.0 1.0 1.0 1.0 1.0 1.0 1.0 1.0 1.0 1.0 1.0 1.0 1.0 1.0 1.0 1.0 1.0 1.0 0.87 1.032 1.181 0.919 1.001 1.015 1.3 1.195 0.91 1.143 0.978 1.333 0.882 1.039 1.332 0.798 0.949 0.728 0.691 0.894 1.36 1.343 1.269 1.211 1.164 0.793 0.795 0.728 0.527 0.797 0.864 1.025 1.271 0.971 0.798 1.032 0.837 0.878 0.701 1.013 0.757 0.732 0.97 1.297 0.73 1.105 1.073 1.3 0.733 1.184 0.801 1.073 0.994 0.906 1.277 0.693 0.886 0.942 0.73 0.753 1.179 0.702 1.092 1.0 1.227 0.766 1.236 1.053 1.0 1.28 0.97 0.75 1.164 1.0 0.681 0.634 1.063 1.131 1.0 1.147 0.832 0.955 0.962 1.0 1.023 1.107 0.732 0.99 1.0 0.809 0.729 1.072 0.83 1.0 0.71 1.117 1.029 0.853 1.0 0.755 1.134 1.019 1.096 1.0 0.756 1.136 1.082 1.064 1.0 0.742 0.704 0.981 0.818 1.0 0.775 0.849 1.173 0.814 1.0 1.515 0.908 0.674 1.065 1.0 1.007 0.967 1.155 0.817 1.0 0.72 0.7 0.945 1.345 1.0 0.693 0.737 0.672 0.817 1.0 1.0 0.697 0.879 1.057 1.0 1.0 0.84 1.174 1.124 1.0 1.0 1.121 1.091 1.126 1.0 1.0 1.02 0.783 0.721 1.0 1.0 0.717 0.948 0.813 1.0 1.0 0.659 0.933 1.382 1.0 1.0 1.0 0.714 1.393 1.0 1.0 1.0 1.317 1.32 1.0 1.0 1.0 0.707 0.771 1.0 1.0 1.0 0.77 1.111 1.0 1.0 1.0 0.76 0.876 1.0 1.0 1.0 0.752 0.918 1.0 1.0 1.0 0.802 1.028 1.0 1.0 1.0 0.776 0.736 1.0 1.0 1.0 0.767 0.679 1.0 1.0 1.0 1.054 0.712 1.0 1.0 1.0 0.94 0.683 1.0 1.0 1.0 0.701 0.706 1.0 1.0 1.0 1.015 0.664 1.0 1.0 1.0 0.916 0.635 1.0 1.0 1.0 1.006 0.618 1.0 1.0 1.0 0.847 1.0 1.0 1.0 1.0 0.671 1.0 1.0 1.0 1.0 0.685 1.0 1.0 1.0 1.0 0.925 1.0 1.0 1.0 1.0 0.669 1.0 1.0 1.0 1.0 0.685 1.0 1.0 1.0 1.0 0.713 1.0 1.0 1.0 1.0 0.702 1.0 1.0 1.0 1.0 0.684 1.0 1.0 1.0 1.0 0.666 1.0 1.0 1.0 1.0 0.645 1.0 1.0 1.0 1.0 1.0 1.0 1.0 1.0 1.0 1.0 1.0 1.0 1.0 1.0 1.0 1.0 1.0 1.0 1.0 1.0 1.0 1.0 1.0 1.0 1.0 1.0 1.0 1.0 1.0 1.0 1.0 1.0 1.0 1.0 1.0 1.0 1.0 1.0 1.0 1.0 1.0 1.0 1.0 1.0 1.0 1.0 1.0 1.0 1.0 1.0 1.0 1.0 1.0 1.0 1.0 1.0 1.0 1.0 1.0 1.0 1.0 1.0 1.0 1.0 1.0 1.0 1.0 1.0 1.0 1.0 1.0 1.0 1.0 1.0 1.0 1.0 1.0 1.0 1.0 1.0 1.0 1.0 1.0 1.206 1.209 0.992 1.131 0.837 1.002 1.299 1.275 1.195 1.247 1.332 0.972 0.878 1.237 1.257 0.813 0.879 0.962 0.724 0.823 1.002 1.174 1.181 0.901 1.069 0.832 1.2 0.903 1.277 0.791 1.21 0.495 1.09 0.729 1.213 0.911 1.14 0.717 0.998 1.046 1.149 1.291 1.332 1.089 1.145 1.047 1.257 1.334 1.322 0.728 0.752 1.169 1.154 1.155 1.307 1.153 0.643 1.132 1.01 1.237 1.227 1.312 1.315 1.389 1.048 1.226 0.527 1.364 1.101 1.296 1.173 1.479 0.679 0.808 0.763 1.238 1.243 0.687 1.379 0.752 1.109 1.009 1.255 1.28 1.0 1.314 0.628 1.282 1.436 1.0 1.329 1.26 1.213 0.654 1.0 1.04 1.035 1.271 1.348 1.0 1.06 0.699 1.315 0.665 1.0 0.979 1.245 1.035 1.173 1.0 0.898 1.02 0.887 1.028 1.0 1.048 1.422 1.464 0.715 1.0 1.056 1.423 0.815 1.122 1.0 1.265 0.972 0.746 1.044 1.0 1.222 1.441 1.229 1.025 1.0 1.159 0.781 0.768 0.71 1.0 0.963 1.482 1.256 0.866 1.0 1.306 0.572 1.201 0.682 1.0 1.267 0.758 1.223 0.845 1.0 0.684 1.133 0.906 1.008 1.0 0.697 1.287 1.204 0.756 1.0 0.708 1.214 0.759 1.0 1.0 0.725 0.621 0.838 1.0 1.0 0.696 0.682 1.0 1.0 1.0 0.67 0.688 1.0 1.0 1.0 0.649 0.716 1.0 1.0 1.0 1.078 0.706 1.0 1.0 1.0 0.751 0.725 1.0 1.0 1.0 1.176 0.707 1.0 1.0 1.0 1.194 1.0 1.0 1.0 1.0 0.929 1.0 1.0 1.0 1.0 1.559 1.0 1.0 1.0 1.0 0.759 1.0 1.0 1.0 1.0 0.856 1.0 1.0 1.0 1.0 1.194 1.0 1.0 1.0 1.0 0.744 1.0 1.0 1.0 1.0 0.775 1.0 1.0 1.0 1.0 1.0 1.0 1.0 1.0 1.0 1.0 1.0 1.0 1.0 1.0 1.0 1.0 1.0 1.0 1.0 1.0 1.0 1.0 1.0 1.0 1.0 1.0 1.0 1.0 1.0 1.0 1.0 1.0 1.0 1.0 1.0 1.0 1.0 1.0 1.0 1.0 1.0 1.0 1.0 1.0 1.0 1.0 1.0 1.0 1.0 1.0 1.0 1.0 1.0 1.0 1.0 1.0 1.0 1.0 1.0 1.0 1.0 1.0 1.0 1.0 1.0 1.0 1.0 1.0 1.0 1.0 1.0 1.0 1.0 1.0 1.0 1.0 1.0 1.0 1.0 1.0 1.0 1.0 1.0 1.0 1.0 1.0 1.0 1.0 1.0 1.0 1.0 1.0 1.0 1.0 1.0 1.0 1.0 1.0 1.0 1.0 1.0 1.0 1.0 1.0 1.0 1.0 1.0 1.0 1.0 1.0 1.0 1.0 1.0 1.0 1.0 1.0 1.0 1.0 1.0 1.0 1.0 1.0 1.0 1.0 1.0 1.0 1.0 1.0 1.0 1.0 1.0 1.0 1.0 1.0 1.0 1.0 1.0 1.0 1.0 0.87 0.962 1.181 1.131 0.837 1.294 0.984 1.201 0.776 1.256 0.907 0.757 0.957 1.223 1.207 0.942 0.748 1.234 0.756 0.967 1.037 1.327 1.233 0.951 0.876 1.039 0.977 0.713 1.052 1.174 1.039 0.842 1.242 1.087 0.95 1.17 0.902 0.704 1.174 1.24 0.805 1.021 0.924 1.357 1.08 0.687 0.8 0.94 1.228 1.206 1.359 1.083 0.972 1.323 1.051 1.089 0.937 0.918 1.227 0.582 0.611 1.162 0.958 1.347 1.215 1.335 0.811 0.832 0.864 1.417 0.762 1.302 0.966 0.949 0.626 1.316 1.337 0.958 1.0 1.25 0.796 1.273 1.288 1.0 1.251 0.817 1.15 0.811 1.0 1.294 1.118 1.178 1.162 1.0 1.452 0.84 0.842 0.936 1.0 0.72 1.087 0.62 1.276 1.0 0.862 1.02 0.636 1.062 1.0 0.976 1.139 0.9 0.699 1.0 0.968 1.345 0.841 1.163 1.0 1.757 0.926 0.844 1.03 1.0 1.083 0.911 1.17 1.204 1.0 0.734 1.362 0.845 0.996 1.0 1.836 0.871 0.896 1.208 1.0 0.99 1.068 1.092 0.831 1.0 0.703 0.852 1.064 0.759 1.0 0.938 1.181 0.841 0.776 1.0 0.798 0.978 1.381 0.97 1.0 0.68 1.0 1.21 1.283 1.0 0.92 1.0 1.29 0.824 1.0 0.713 1.0 0.797 0.822 1.0 0.694 1.0 0.902 0.741 1.0 0.741 1.0 0.84 0.8 1.0 0.743 1.0 0.81 0.703 1.0 0.757 1.0 0.746 1.502 1.0 2.309 1.0 1.0 0.705 1.0 0.648 1.0 1.0 0.725 1.0 0.695 1.0 1.0 1.099 1.0 1.0 1.0 1.0 0.636 1.0 1.0 1.0 1.0 0.859 1.0 1.0 1.0 1.0 2.003 1.0 1.0 1.0 1.0 1.0 1.0 1.0 1.0 1.0 1.0 1.0 1.0 1.0 1.0 1.0 1.0 1.0 1.0 1.0 1.0 1.0 1.0 1.0 1.0 1.0 1.0 1.0 1.0 1.0 1.0 1.0 1.0 1.0 1.0 1.0 1.0 1.0 1.0 1.0 1.0 1.0 1.0 1.0 1.0 1.0 1.0 1.0 1.0 1.0 1.0 1.0 1.0 1.0 1.0 1.0 1.0 1.0 1.0 1.0 1.0 1.0 1.0 1.0 1.0 1.0 1.0 1.0 1.0 1.0 1.0 1.0 1.0 1.0 1.0 1.0 1.0 1.0 1.0 1.0 1.0 1.0 1.0 1.0 1.0 1.0 1.0 1.0 1.0 1.0 1.0 1.0 1.0 1.0 1.0 1.0 1.0 1.0 1.0 1.0 1.0 1.0 1.0 1.0 1.0 1.0 1.0 1.0 1.0 1.0 1.0 1.0 1.0 1.0 1.0 1.0 1.0 1.0 1.0 1.0 1.0 1.0 1.0 1.0 1.0 1.0 1.0 1.0 1.0 1.0 1.0 1.0 1.0 1.0 1.0 1.0 1.0 1.0 1.0 1.0 1.0 1.0 1.0 1.0 1.0 1.0 1.0 1.0 1.0 1.0 1.0 1.0 1.0 1.0 1.0 1.0 1.0 1.0,2.3090339,1.3090339,0.49115846,0.3,0.6262367963790894,0.0003,5,5.1461377
63,0.22520247101783752,0.9942118,1.008 1.032 0.903 0.996 0.9 0.996 1.289 1.211 0.773 0.771 1.017 1.321 0.955 1.213 0.957 1.337 0.731 0.698 0.938 0.793 0.947 1.091 0.926 1.294 1.048 0.939 0.724 1.302 0.995 1.057 1.032 0.726 1.037 0.795 1.122 0.922 0.911 1.289 1.234 1.165 1.08 1.095 0.911 0.586 0.683 0.871 0.717 1.112 1.254 1.054 1.209 0.714 1.129 1.272 0.815 0.937 0.948 1.135 1.195 1.131 0.872 0.965 0.768 1.228 1.0 1.182 1.126 0.693 0.662 1.0 1.138 1.117 1.112 1.207 1.0 1.327 1.488 1.07 1.149 1.0 1.298 0.93 1.387 1.007 1.0 1.204 0.899 1.109 0.655 1.0 1.05 0.67 1.026 1.103 1.0 0.986 0.882 0.796 0.731 1.0 1.313 0.667 0.733 1.165 1.0 0.92 0.947 1.0 0.728 1.0 0.728 0.801 1.0 0.786 1.0 0.714 1.117 1.0 0.814 1.0 0.722 1.037 1.0 0.842 1.0 1.01 1.047 1.0 0.694 1.0 0.721 1.136 1.0 0.676 1.0 0.962 0.793 1.0 1.166 1.0 1.175 1.019 1.0 1.067 1.0 0.685 0.672 1.0 0.9 1.0 0.691 1.032 1.0 0.764 1.0 1.067 0.983 1.0 1.079 1.0 1.771 0.913 1.0 0.864 1.0 1.0 0.93 1.0 1.018 1.0 1.0 0.935 1.0 0.804 1.0 1.0 0.925 1.0 1.026 1.0 1.0 0.672 1.0 0.84 1.0 1.0 0.709 1.0 0.743 1.0 1.0 0.861 1.0 1.0 1.0 1.0 2.135 1.0 1.0 1.0 1.0 0.748 1.0 1.0 1.0 1.0 0.688 1.0 1.0 1.0 1.0 0.686 1.0 1.0 1.0 1.0 0.69 1.0 1.0 1.0 1.0 0.661 1.0 1.0 1.0 1.0 0.818 1.0 1.0 1.0 1.0 1.0 1.0 1.0 1.0 1.0 1.0 1.0 1.0 1.0 1.0 1.0 1.0 1.0 1.0 1.0 1.0 1.0 1.0 1.0 1.0 1.0 1.0 1.0 1.0 1.0 1.0 1.0 1.0 1.0 1.0 1.0 1.0 1.0 1.0 1.0 1.0 1.0 1.0 1.0 1.0 1.0 1.0 1.0 1.0 1.0 1.0 1.0 1.0 1.0 1.0 1.0 1.0 1.0 1.0 1.0 1.0 1.0 1.0 1.0 1.0 1.0 1.0 1.0 1.0 1.0 1.0 1.0 1.0 1.0 1.0 1.0 1.0 1.0 1.0 1.0 1.0 1.0 1.0 1.0 1.0 1.0 1.0 1.0 1.0 1.0 1.0 1.0 1.0 1.0 1.0 1.0 1.0 1.0 1.0 1.0 1.0 1.0 1.0 1.0 1.0 1.0 1.0 1.0 1.0 1.0 1.0 1.0 1.0 1.0 1.0 1.0 1.0 1.0 1.0 1.0 1.0 1.0 1.0 1.0 1.0 1.0 1.0 1.0 1.0 1.0 1.0 1.0 1.0 1.0 1.0 1.0 1.0 1.0 1.0 1.0 1.0 1.0 1.0 1.0 1.0 1.0 1.0 1.0 1.0 1.0 1.0 1.0 1.0 1.0 0.929 1.0 1.14 0.996 0.9 1.292 0.989 0.962 0.785 0.876 0.918 1.02 0.897 0.767 1.158 1.023 0.756 0.935 0.76 1.014 0.936 0.978 0.896 0.871 0.731 1.178 0.864 1.204 1.046 0.624 0.762 1.341 0.898 1.174 0.726 1.188 1.196 1.033 1.342 0.751 0.768 0.764 1.235 0.49 1.173 0.782 0.917 1.171 0.675 1.193 0.786 0.768 0.712 0.755 0.678 1.215 0.776 0.692 1.288 0.68 0.943 1.049 1.112 0.542 1.042 0.969 1.09 1.099 0.696 1.091 0.87 0.996 1.028 1.221 0.677 1.1 1.099 1.031 0.579 1.124 0.909 1.06 0.706 0.605 0.705 1.0 1.126 1.198 0.891 0.781 1.0 0.965 0.705 0.688 1.106 1.0 0.975 1.451 0.9 0.838 1.0 0.746 0.62 0.699 0.732 1.0 0.77 0.761 0.833 1.0 1.0 1.176 0.801 0.818 1.0 1.0 0.779 0.786 0.803 1.0 1.0 1.129 0.72 0.813 1.0 1.0 1.086 0.652 0.651 1.0 1.0 1.216 0.688 1.057 1.0 1.0 0.832 0.707 0.783 1.0 1.0 0.749 1.05 0.749 1.0 1.0 0.795 0.742 1.0 1.0 1.0 1.255 0.645 1.0 1.0 1.0 0.763 0.655 1.0 1.0 1.0 0.719 0.625 1.0 1.0 1.0 1.059 1.8 1.0 1.0 1.0 0.688 1.0 1.0 1.0 1.0 0.684 1.0 1.0 1.0 1.0 1.032 1.0 1.0 1.0 1.0 0.827 1.0 1.0 1.0 1.0 0.788 1.0 1.0 1.0 1.0 0.801 1.0 1.0 1.0 1.0 0.956 1.0 1.0 1.0 1.0 0.7 1.0 1.0 1.0 1.0 0.829 1.0 1.0 1.0 1.0 0.799 1.0 1.0 1.0 1.0 1.051 1.0 1.0 1.0 1.0 0.666 1.0 1.0 1.0 1.0 2.088 1.0 1.0 1.0 1.0 1.658 1.0 1.0 1.0 1.0 0.76 1.0 1.0 1.0 1.0 1.0 1.0 1.0 1.0 1.0 1.0 1.0 1.0 1.0 1.0 1.0 1.0 1.0 1.0 1.0 1.0 1.0 1.0 1.0 1.0 1.0 1.0 1.0 1.0 1.0 1.0 1.0 1.0 1.0 1.0 1.0 1.0 1.0 1.0 1.0 1.0 1.0 1.0 1.0 1.0 1.0 1.0 1.0 1.0 1.0 1.0 1.0 1.0 1.0 1.0 1.0 1.0 1.0 1.0 1.0 1.0 1.0 1.0 1.0 1.0 1.0 1.0 1.0 1.0 1.0 1.0 1.0 1.0 1.0 1.0 1.0 1.0 1.0 1.0 1.0 1.0 1.0 1.0 1.0 1.0 1.0 1.0 1.0 1.0 1.0 1.0 1.0 1.0 1.0 1.0 1.0 1.0 1.0 1.0 1.0 1.0 1.0 1.0 1.0 1.0 1.0 1.0 1.0 1.0 1.0 1.0 1.0 1.0 1.0 1.0 1.0 1.0 1.0 1.0 1.0 1.0 1.0 1.0 1.0 1.0 1.0 1.0 1.0 1.0 1.0 1.0 1.0 1.0 1.0 1.0 1.0 1.0 1.0 1.0 1.206 1.032 0.824 1.133 0.836 1.013 0.984 1.209 0.979 0.771 1.329 1.349 0.953 1.209 1.247 1.01 0.966 1.301 1.227 0.882 1.324 1.06 1.297 0.938 0.857 1.11 1.04 0.932 1.248 1.234 1.253 0.949 0.985 0.702 0.667 1.064 0.896 0.989 0.901 1.276 0.975 0.995 1.075 1.3 0.539 0.983 1.091 1.051 0.89 1.123 0.947 1.179 1.239 1.101 1.144 0.83 0.627 1.052 1.105 0.557 0.976 1.254 1.12 0.696 0.709 0.995 1.164 0.683 1.207 0.898 1.335 1.317 0.822 1.321 0.785 0.799 0.964 0.758 1.109 0.792 1.133 0.984 0.863 1.323 1.016 0.624 0.961 0.789 1.257 0.922 0.758 0.58 0.867 0.648 1.045 1.051 0.606 0.763 0.863 1.376 0.725 0.699 1.432 1.201 0.698 0.941 0.903 1.0 0.948 0.953 0.739 0.679 1.0 0.676 0.647 0.844 0.708 1.0 1.256 1.0 0.687 1.407 1.0 1.559 1.0 0.686 0.708 1.0 0.736 1.0 0.683 1.338 1.0 1.06 1.0 0.747 1.016 1.0 0.704 1.0 0.95 0.808 1.0 1.002 1.0 1.092 1.249 1.0 0.807 1.0 0.841 0.81 1.0 0.662 1.0 1.107 0.731 1.0 1.0 1.0 0.753 0.762 1.0 1.0 1.0 0.883 0.74 1.0 1.0 1.0 1.053 0.679 1.0 1.0 1.0 1.017 0.692 1.0 1.0 1.0 0.878 0.713 1.0 1.0 1.0 1.035 1.003 1.0 1.0 1.0 0.979 1.0 1.0 1.0 1.0 0.868 1.0 1.0 1.0 1.0 0.8 1.0 1.0 1.0 1.0 0.763 1.0 1.0 1.0 1.0 0.764 1.0 1.0 1.0 1.0 0.716 1.0 1.0 1.0 1.0 1.151 1.0 1.0 1.0 1.0 1.193 1.0 1.0 1.0 1.0 1.378 1.0 1.0 1.0 1.0 0.997 1.0 1.0 1.0 1.0 0.747 1.0 1.0 1.0 1.0 0.764 1.0 1.0 1.0 1.0 1.71 1.0 1.0 1.0 1.0 0.576 1.0 1.0 1.0 1.0 1.0 1.0 1.0 1.0 1.0 1.0 1.0 1.0 1.0 1.0 1.0 1.0 1.0 1.0 1.0 1.0 1.0 1.0 1.0 1.0 1.0 1.0 1.0 1.0 1.0 1.0 1.0 1.0 1.0 1.0 1.0 1.0 1.0 1.0 1.0 1.0 1.0 1.0 1.0 1.0 1.0 1.0 1.0 1.0 1.0 1.0 1.0 1.0 1.0 1.0 1.0 1.0 1.0 1.0 1.0 1.0 1.0 1.0 1.0 1.0 1.0 1.0 1.0 1.0 1.0 1.0 1.0 1.0 1.0 1.0 1.0 1.0 1.0 1.0 1.0 1.0 1.0 1.0 1.0 1.0 1.0 1.0 1.0 1.0 1.0 1.0 1.0 1.0 1.0 1.0 1.0 1.0 1.0 1.0 1.0 1.0 1.0 1.0 1.0 1.0 1.0 1.0 1.0 1.0 1.0 1.0 1.0 1.0 1.0 1.0 1.0 1.0 1.0 1.0 1.0 1.0 1.0 1.0 1.0 1.0 1.206 0.959 0.824 1.133 1.119 0.83 0.986 1.249 0.898 0.769 1.007 0.948 0.957 0.898 0.983 0.807 0.947 1.261 0.881 1.323 0.914 1.182 0.884 1.225 0.874 1.044 1.081 1.227 0.71 1.295 1.191 1.253 1.212 1.34 0.723 0.602 1.248 1.298 1.34 1.411 1.291 0.929 1.298 1.143 1.333 0.983 0.894 0.718 1.282 1.297 1.283 1.224 0.927 1.225 1.3 1.266 1.295 1.12 1.298 1.38 1.223 1.157 0.842 1.089 1.277 1.318 1.301 1.302 1.303 0.923 1.283 1.336 1.186 1.298 1.299 0.893 1.294 1.184 1.28 0.745 1.367 0.637 1.296 0.853 1.29 1.264 1.311 0.786 1.319 0.817 0.651 1.263 1.268 0.809 1.213 1.135 1.21 1.113 0.745 1.295 1.382 0.728 1.332 1.193 1.3 0.851 1.079 1.187 0.769 0.779 1.319 1.384 1.159 0.85 1.264 1.2 0.881 1.076 1.307 0.831 1.2 0.9 0.902 1.351 0.785 1.032 1.351 0.978 0.877 0.826 1.489 0.874 0.96 1.187 1.42 1.136 0.906 1.04 1.032 1.281 0.771 1.433 0.934 0.639 0.73 0.667 1.0 0.909 0.649 1.0 0.697 1.0 0.831 1.0 1.0 0.739 1.0 0.797 1.0 1.0 0.773 1.0 1.154 1.0 1.0 1.079 1.0 1.18 1.0 1.0 2.08 1.0 1.418 1.0 1.0 0.718 1.0 0.92 1.0 1.0 2.072 1.0 0.759 1.0 1.0 0.748 1.0 0.746 1.0 1.0 0.796 1.0 0.74 1.0 1.0 0.779 1.0 0.735 1.0 1.0 1.0 1.0 0.68 1.0 1.0 1.0 1.0 1.496 1.0 1.0 1.0 1.0 1.336 1.0 1.0 1.0 1.0 1.144 1.0 1.0 1.0 1.0 1.006 1.0 1.0 1.0 1.0 0.988 1.0 1.0 1.0 1.0 0.928 1.0 1.0 1.0 1.0 1.075 1.0 1.0 1.0 1.0 1.266 1.0 1.0 1.0 1.0 1.273 1.0 1.0 1.0 1.0 0.875 1.0 1.0 1.0 1.0 0.756 1.0 1.0 1.0 1.0 0.706 1.0 1.0 1.0 1.0 1.084 1.0 1.0 1.0 1.0 0.92 1.0 1.0 1.0 1.0 0.959 1.0 1.0 1.0 1.0 1.087 1.0 1.0 1.0 1.0 1.094 1.0 1.0 1.0 1.0 0.613 1.0 1.0 1.0 1.0 0.883 1.0 1.0 1.0 1.0 1.092 1.0 1.0 1.0 1.0 1.29 1.0 1.0 1.0 1.0 0.63 1.0 1.0 1.0 1.0 0.682 1.0 1.0 1.0 1.0 0.697 1.0 1.0 1.0 1.0 0.698 1.0 1.0 1.0 1.0 0.978 1.0 1.0 1.0 1.0 0.653 1.0 1.0 1.0 1.0 1.123 1.0 1.0 1.0 1.0 0.732 1.0 1.0 1.0 1.0 1.267 1.0 1.0 1.0 1.0 0.624 1.0 1.0 1.0 1.0 0.811 1.0 1.0 1.0 1.0 0.682 1.0 1.0 1.0 1.0 0.716 1.0 1.0 1.0 1.0 0.686 1.0 1.0 1.011 1.209 0.903 1.151 1.003 1.303 0.984 1.25 0.773 1.164 0.821 0.961 0.97 0.75 1.317 0.999 1.161 1.249 0.815 0.872 0.882 1.064 0.716 0.896 0.96 1.157 1.2 0.835 1.199 0.825 0.983 0.758 0.834 1.347 0.941 0.867 1.167 1.077 1.214 1.304 0.9 1.201 1.321 1.289 0.749 1.303 1.307 1.146 1.239 1.391 1.326 0.762 1.199 0.641 1.145 1.033 1.048 1.281 1.201 1.416 1.288 1.15 0.657 1.484 0.706 0.928 1.211 1.379 1.438 1.027 0.912 1.383 0.95 0.991 1.447 0.955 1.219 0.925 1.516 1.145 1.21 1.344 1.255 0.624 0.928 1.068 1.0 1.462 1.383 1.273 0.811 1.0 0.922 1.269 0.739 0.908 1.0 0.86 0.826 0.746 0.763 1.0 0.785 0.692 1.24 1.171 1.0 0.69 1.057 0.787 1.137 1.0 0.812 1.636 1.066 1.11 1.0 1.002 0.734 1.072 1.017 1.0 0.848 0.739 1.208 0.769 1.0 0.876 0.717 0.692 1.164 1.0 0.887 1.194 0.725 0.983 1.0 0.884 1.017 0.731 1.024 1.0 0.708 1.007 0.928 1.013 1.0 0.81 0.736 0.965 1.117 1.0 0.877 0.978 0.659 0.873 1.0 0.915 1.039 1.0 1.083 1.0 0.69 0.999 1.0 0.992 1.0 0.767 0.922 1.0 0.776 1.0 0.814 0.821 1.0 0.833 1.0 1.0 1.165 1.0 0.8 1.0 1.0 0.873 1.0 0.729 1.0 1.0 0.949 1.0 0.728 1.0 1.0 1.442 1.0 0.928 1.0 1.0 1.399 1.0 0.674 1.0 1.0 0.753 1.0 0.684 1.0 1.0 0.682 1.0 0.653 1.0 1.0 0.664 1.0 0.709 1.0 1.0 0.915 1.0 1.0 1.0 1.0 0.898 1.0 1.0 1.0 1.0 0.887 1.0 1.0 1.0 1.0 0.62 1.0 1.0 1.0 1.0 1.0 1.0 1.0 1.0 1.0 1.0 1.0 1.0 1.0 1.0 1.0 1.0 1.0 1.0 1.0 1.0 1.0 1.0 1.0 1.0 1.0 1.0 1.0 1.0 1.0 1.0 1.0 1.0 1.0 1.0 1.0 1.0 1.0 1.0 1.0 1.0 1.0 1.0 1.0 1.0 1.0 1.0 1.0 1.0 1.0 1.0 1.0 1.0 1.0 1.0 1.0 1.0 1.0 1.0 1.0 1.0 1.0 1.0 1.0 1.0 1.0 1.0 1.0 1.0 1.0 1.0 1.0 1.0 1.0 1.0 1.0 1.0 1.0 1.0 1.0 1.0 1.0 1.0 1.0 1.0 1.0 1.0 1.0 1.0 1.0 1.0 1.0 1.0 1.0 1.0 1.0 1.0 1.0 1.0 1.0 1.0 1.0 1.0 1.0 1.0 1.0 1.0 1.0 1.0 1.0 1.0 1.0 1.0 1.0 1.0 1.0 1.0 1.0 1.0 1.0 1.0 1.0 1.0 1.0 1.0 1.0 1.0 1.0 1.0 1.0 1.0 1.0 1.0 1.0 1.0 1.0 1.0 1.0 1.0 1.0 1.0 1.0 1.0 1.0 1.0 1.0 1.0 0.87 1.032 1.179 0.917 1.003 1.014 1.3 1.199 0.907 1.146 0.984 1.332 0.878 1.038 1.33 0.797 0.944 0.727 0.691 0.89 1.359 1.343 1.275 1.207 1.165 0.793 0.794 0.727 0.526 0.795 0.87 1.022 1.276 0.965 0.799 1.028 0.835 0.881 0.705 1.012 0.76 0.734 0.966 1.306 0.731 1.103 1.071 1.297 0.736 1.183 0.801 1.071 0.991 0.899 1.276 0.696 0.892 0.942 0.733 0.754 1.179 0.7 1.092 1.0 1.225 0.768 1.232 1.052 1.0 1.275 0.971 0.749 1.167 1.0 0.684 0.633 1.06 1.134 1.0 1.149 0.834 0.963 0.964 1.0 1.026 1.102 0.73 0.99 1.0 0.804 0.728 1.072 0.83 1.0 0.712 1.113 1.028 0.85 1.0 0.755 1.13 1.015 1.1 1.0 0.753 1.133 1.079 1.066 1.0 0.738 0.704 0.986 0.815 1.0 0.775 0.852 1.168 0.811 1.0 1.518 0.91 0.671 1.067 1.0 1.002 0.969 1.153 0.814 1.0 0.719 0.698 0.945 1.34 1.0 0.692 0.735 0.669 0.815 1.0 1.0 0.694 0.878 1.058 1.0 1.0 0.84 1.182 1.129 1.0 1.0 1.115 1.09 1.131 1.0 1.0 1.022 0.78 0.722 1.0 1.0 0.715 0.946 0.811 1.0 1.0 0.657 0.931 1.377 1.0 1.0 1.0 0.713 1.388 1.0 1.0 1.0 1.312 1.316 1.0 1.0 1.0 0.708 0.771 1.0 1.0 1.0 0.768 1.113 1.0 1.0 1.0 0.758 0.873 1.0 1.0 1.0 0.75 0.916 1.0 1.0 1.0 0.801 1.029 1.0 1.0 1.0 0.773 0.736 1.0 1.0 1.0 0.763 0.679 1.0 1.0 1.0 1.053 0.708 1.0 1.0 1.0 0.938 0.683 1.0 1.0 1.0 0.698 0.707 1.0 1.0 1.0 1.019 0.665 1.0 1.0 1.0 0.912 0.632 1.0 1.0 1.0 1.006 0.616 1.0 1.0 1.0 0.837 1.0 1.0 1.0 1.0 0.67 1.0 1.0 1.0 1.0 0.683 1.0 1.0 1.0 1.0 0.915 1.0 1.0 1.0 1.0 0.668 1.0 1.0 1.0 1.0 0.684 1.0 1.0 1.0 1.0 0.712 1.0 1.0 1.0 1.0 0.703 1.0 1.0 1.0 1.0 0.688 1.0 1.0 1.0 1.0 0.666 1.0 1.0 1.0 1.0 0.649 1.0 1.0 1.0 1.0 1.0 1.0 1.0 1.0 1.0 1.0 1.0 1.0 1.0 1.0 1.0 1.0 1.0 1.0 1.0 1.0 1.0 1.0 1.0 1.0 1.0 1.0 1.0 1.0 1.0 1.0 1.0 1.0 1.0 1.0 1.0 1.0 1.0 1.0 1.0 1.0 1.0 1.0 1.0 1.0 1.0 1.0 1.0 1.0 1.0 1.0 1.0 1.0 1.0 1.0 1.0 1.0 1.0 1.0 1.0 1.0 1.0 1.0 1.0 1.0 1.0 1.0 1.0 1.0 1.0 1.0 1.0 1.0 1.0 1.0 1.0 1.0 1.0 1.0 1.0 1.0 1.0 1.0 1.0 1.206 1.209 0.994 1.133 0.836 1.008 1.299 1.272 1.199 1.244 1.332 0.968 0.874 1.241 1.253 0.812 0.877 0.965 0.723 0.822 0.999 1.172 1.184 0.905 1.072 0.831 1.2 0.905 1.273 0.791 1.214 0.495 1.087 0.729 1.21 0.916 1.143 0.719 0.995 1.049 1.147 1.294 1.328 1.089 1.147 1.044 1.259 1.329 1.323 0.733 0.755 1.161 1.159 1.157 1.314 1.151 0.644 1.126 1.007 1.239 1.226 1.318 1.321 1.392 1.045 1.225 0.525 1.369 1.096 1.304 1.173 1.483 0.68 0.811 0.766 1.239 1.247 0.687 1.383 0.755 1.108 1.003 1.257 1.281 1.0 1.316 0.63 1.284 1.441 1.0 1.334 1.26 1.218 0.654 1.0 1.032 1.042 1.27 1.352 1.0 1.058 0.698 1.314 0.665 1.0 0.983 1.245 1.04 1.177 1.0 0.896 1.025 0.887 1.023 1.0 1.048 1.425 1.466 0.711 1.0 1.059 1.427 0.815 1.117 1.0 1.266 0.967 0.746 1.04 1.0 1.224 1.446 1.222 1.032 1.0 1.159 0.784 0.768 0.711 1.0 0.96 1.488 1.254 0.869 1.0 1.301 0.573 1.198 0.681 1.0 1.261 0.761 1.22 0.848 1.0 0.687 1.14 0.899 1.011 1.0 0.699 1.283 1.2 0.755 1.0 0.71 1.203 0.759 1.0 1.0 0.727 0.621 0.841 1.0 1.0 0.695 0.682 1.0 1.0 1.0 0.668 0.683 1.0 1.0 1.0 0.646 0.712 1.0 1.0 1.0 1.077 0.706 1.0 1.0 1.0 0.748 0.723 1.0 1.0 1.0 1.177 0.704 1.0 1.0 1.0 1.195 1.0 1.0 1.0 1.0 0.931 1.0 1.0 1.0 1.0 1.549 1.0 1.0 1.0 1.0 0.758 1.0 1.0 1.0 1.0 0.856 1.0 1.0 1.0 1.0 1.189 1.0 1.0 1.0 1.0 0.743 1.0 1.0 1.0 1.0 0.779 1.0 1.0 1.0 1.0 1.0 1.0 1.0 1.0 1.0 1.0 1.0 1.0 1.0 1.0 1.0 1.0 1.0 1.0 1.0 1.0 1.0 1.0 1.0 1.0 1.0 1.0 1.0 1.0 1.0 1.0 1.0 1.0 1.0 1.0 1.0 1.0 1.0 1.0 1.0 1.0 1.0 1.0 1.0 1.0 1.0 1.0 1.0 1.0 1.0 1.0 1.0 1.0 1.0 1.0 1.0 1.0 1.0 1.0 1.0 1.0 1.0 1.0 1.0 1.0 1.0 1.0 1.0 1.0 1.0 1.0 1.0 1.0 1.0 1.0 1.0 1.0 1.0 1.0 1.0 1.0 1.0 1.0 1.0 1.0 1.0 1.0 1.0 1.0 1.0 1.0 1.0 1.0 1.0 1.0 1.0 1.0 1.0 1.0 1.0 1.0 1.0 1.0 1.0 1.0 1.0 1.0 1.0 1.0 1.0 1.0 1.0 1.0 1.0 1.0 1.0 1.0 1.0 1.0 1.0 1.0 1.0 1.0 1.0 1.0 1.0 1.0 1.0 1.0 1.0 1.0 1.0 1.0 1.0 1.0 1.0 1.0 1.0 1.0 1.0 0.87 0.959 1.179 1.133 0.836 1.293 0.99 1.205 0.775 1.254 0.902 0.756 0.961 1.22 1.211 0.94 0.747 1.239 0.755 0.971 1.034 1.328 1.238 0.947 0.875 1.037 0.973 0.712 1.051 1.173 1.037 0.846 1.246 1.086 0.946 1.169 0.9 0.703 1.18 1.241 0.808 1.019 0.92 1.356 1.082 0.688 0.802 0.945 1.237 1.203 1.355 1.081 0.977 1.321 1.054 1.089 0.94 0.915 1.239 0.581 0.611 1.161 0.955 1.362 1.21 1.332 0.815 0.834 0.858 1.424 0.765 1.298 0.966 0.943 0.627 1.313 1.334 0.957 1.0 1.249 0.799 1.27 1.289 1.0 1.254 0.82 1.153 0.812 1.0 1.298 1.122 1.184 1.166 1.0 1.454 0.842 0.845 0.938 1.0 0.722 1.083 0.62 1.276 1.0 0.856 1.015 0.636 1.067 1.0 0.969 1.143 0.894 0.698 1.0 0.961 1.346 0.844 1.158 1.0 1.767 0.93 0.846 1.027 1.0 1.081 0.907 1.177 1.2 1.0 0.735 1.365 0.848 1.003 1.0 1.846 0.867 0.898 1.203 1.0 0.987 1.071 1.094 0.831 1.0 0.696 0.853 1.053 0.756 1.0 0.929 1.17 0.836 0.775 1.0 0.8 0.981 1.383 0.964 1.0 0.674 1.0 1.198 1.277 1.0 0.909 1.0 1.278 0.824 1.0 0.707 1.0 0.793 0.824 1.0 0.694 1.0 0.904 0.74 1.0 0.742 1.0 0.842 0.799 1.0 0.738 1.0 0.811 0.701 1.0 0.753 1.0 0.746 1.498 1.0 2.323 1.0 1.0 0.703 1.0 0.65 1.0 1.0 0.724 1.0 0.69 1.0 1.0 1.092 1.0 1.0 1.0 1.0 0.641 1.0 1.0 1.0 1.0 0.852 1.0 1.0 1.0 1.0 2.006 1.0 1.0 1.0 1.0 1.0 1.0 1.0 1.0 1.0 1.0 1.0 1.0 1.0 1.0 1.0 1.0 1.0 1.0 1.0 1.0 1.0 1.0 1.0 1.0 1.0 1.0 1.0 1.0 1.0 1.0 1.0 1.0 1.0 1.0 1.0 1.0 1.0 1.0 1.0 1.0 1.0 1.0 1.0 1.0 1.0 1.0 1.0 1.0 1.0 1.0 1.0 1.0 1.0 1.0 1.0 1.0 1.0 1.0 1.0 1.0 1.0 1.0 1.0 1.0 1.0 1.0 1.0 1.0 1.0 1.0 1.0 1.0 1.0 1.0 1.0 1.0 1.0 1.0 1.0 1.0 1.0 1.0 1.0 1.0 1.0 1.0 1.0 1.0 1.0 1.0 1.0 1.0 1.0 1.0 1.0 1.0 1.0 1.0 1.0 1.0 1.0 1.0 1.0 1.0 1.0 1.0 1.0 1.0 1.0 1.0 1.0 1.0 1.0 1.0 1.0 1.0 1.0 1.0 1.0 1.0 1.0 1.0 1.0 1.0 1.0 1.0 1.0 1.0 1.0 1.0 1.0 1.0 1.0 1.0 1.0 1.0 1.0 1.0 1.0 1.0 1.0 1.0 1.0 1.0 1.0 1.0 1.0 1.0 1.0 1.0 1.0 1.0 1.0 1.0 1.0 1.0 1.0,2.322601,1.3226011,0.48992416,0.3,0.6311976313591003,0.0003,5,5.1799345
64,0.22680719196796417,0.99413574,1.007 1.031 0.901 0.998 0.898 1.002 1.288 1.215 0.774 0.772 1.015 1.319 0.958 1.216 0.954 1.335 0.731 0.698 0.942 0.793 0.942 1.089 0.929 1.29 1.048 0.934 0.723 1.302 0.993 1.057 1.028 0.725 1.034 0.797 1.123 0.922 0.917 1.289 1.233 1.163 1.078 1.093 0.91 0.587 0.683 0.872 0.716 1.113 1.255 1.059 1.211 0.714 1.131 1.272 0.82 0.942 0.943 1.137 1.195 1.135 0.877 0.973 0.771 1.232 1.0 1.182 1.125 0.694 0.662 1.0 1.135 1.116 1.114 1.209 1.0 1.33 1.487 1.064 1.149 1.0 1.296 0.935 1.389 1.001 1.0 1.2 0.903 1.105 0.656 1.0 1.048 0.67 1.021 1.104 1.0 0.981 0.886 0.799 0.731 1.0 1.313 0.667 0.731 1.165 1.0 0.916 0.942 1.0 0.729 1.0 0.73 0.803 1.0 0.787 1.0 0.716 1.117 1.0 0.815 1.0 0.724 1.04 1.0 0.842 1.0 1.01 1.051 1.0 0.694 1.0 0.723 1.132 1.0 0.674 1.0 0.962 0.788 1.0 1.169 1.0 1.177 1.021 1.0 1.061 1.0 0.687 0.672 1.0 0.899 1.0 0.694 1.023 1.0 0.763 1.0 1.068 0.98 1.0 1.082 1.0 1.77 0.904 1.0 0.863 1.0 1.0 0.93 1.0 1.021 1.0 1.0 0.934 1.0 0.803 1.0 1.0 0.926 1.0 1.018 1.0 1.0 0.669 1.0 0.837 1.0 1.0 0.709 1.0 0.74 1.0 1.0 0.852 1.0 1.0 1.0 1.0 2.144 1.0 1.0 1.0 1.0 0.748 1.0 1.0 1.0 1.0 0.686 1.0 1.0 1.0 1.0 0.685 1.0 1.0 1.0 1.0 0.688 1.0 1.0 1.0 1.0 0.661 1.0 1.0 1.0 1.0 0.816 1.0 1.0 1.0 1.0 1.0 1.0 1.0 1.0 1.0 1.0 1.0 1.0 1.0 1.0 1.0 1.0 1.0 1.0 1.0 1.0 1.0 1.0 1.0 1.0 1.0 1.0 1.0 1.0 1.0 1.0 1.0 1.0 1.0 1.0 1.0 1.0 1.0 1.0 1.0 1.0 1.0 1.0 1.0 1.0 1.0 1.0 1.0 1.0 1.0 1.0 1.0 1.0 1.0 1.0 1.0 1.0 1.0 1.0 1.0 1.0 1.0 1.0 1.0 1.0 1.0 1.0 1.0 1.0 1.0 1.0 1.0 1.0 1.0 1.0 1.0 1.0 1.0 1.0 1.0 1.0 1.0 1.0 1.0 1.0 1.0 1.0 1.0 1.0 1.0 1.0 1.0 1.0 1.0 1.0 1.0 1.0 1.0 1.0 1.0 1.0 1.0 1.0 1.0 1.0 1.0 1.0 1.0 1.0 1.0 1.0 1.0 1.0 1.0 1.0 1.0 1.0 1.0 1.0 1.0 1.0 1.0 1.0 1.0 1.0 1.0 1.0 1.0 1.0 1.0 1.0 1.0 1.0 1.0 1.0 1.0 1.0 1.0 1.0 1.0 1.0 1.0 1.0 1.0 1.0 1.0 1.0 1.0 1.0 1.0 1.0 1.0 1.0 1.0 0.926 1.004 1.143 0.998 0.898 1.29 0.996 0.965 0.786 0.872 0.913 1.018 0.893 0.767 1.158 1.02 0.756 0.939 0.76 1.017 0.935 0.973 0.891 0.874 0.732 1.178 0.869 1.204 1.046 0.624 0.764 1.346 0.897 1.173 0.726 1.187 1.199 1.031 1.343 0.755 0.772 0.767 1.234 0.489 1.173 0.785 0.918 1.171 0.676 1.194 0.79 0.772 0.711 0.758 0.68 1.214 0.78 0.689 1.292 0.681 0.937 1.049 1.113 0.542 1.046 0.962 1.089 1.096 0.698 1.089 0.863 0.992 1.026 1.219 0.678 1.103 1.098 1.027 0.58 1.123 0.902 1.058 0.707 0.606 0.706 1.0 1.124 1.201 0.883 0.781 1.0 0.961 0.706 0.691 1.102 1.0 0.97 1.456 0.899 0.828 1.0 0.745 0.62 0.701 0.734 1.0 0.769 0.75 0.832 1.0 1.0 1.176 0.797 0.813 1.0 1.0 0.779 0.787 0.798 1.0 1.0 1.122 0.719 0.811 1.0 1.0 1.087 0.65 0.649 1.0 1.0 1.209 0.689 1.046 1.0 1.0 0.83 0.705 0.786 1.0 1.0 0.745 1.039 0.746 1.0 1.0 0.789 0.73 1.0 1.0 1.0 1.25 0.649 1.0 1.0 1.0 0.766 0.653 1.0 1.0 1.0 0.722 0.629 1.0 1.0 1.0 1.063 1.801 1.0 1.0 1.0 0.692 1.0 1.0 1.0 1.0 0.687 1.0 1.0 1.0 1.0 1.035 1.0 1.0 1.0 1.0 0.823 1.0 1.0 1.0 1.0 0.785 1.0 1.0 1.0 1.0 0.8 1.0 1.0 1.0 1.0 0.957 1.0 1.0 1.0 1.0 0.699 1.0 1.0 1.0 1.0 0.83 1.0 1.0 1.0 1.0 0.801 1.0 1.0 1.0 1.0 1.041 1.0 1.0 1.0 1.0 0.67 1.0 1.0 1.0 1.0 2.099 1.0 1.0 1.0 1.0 1.658 1.0 1.0 1.0 1.0 0.76 1.0 1.0 1.0 1.0 1.0 1.0 1.0 1.0 1.0 1.0 1.0 1.0 1.0 1.0 1.0 1.0 1.0 1.0 1.0 1.0 1.0 1.0 1.0 1.0 1.0 1.0 1.0 1.0 1.0 1.0 1.0 1.0 1.0 1.0 1.0 1.0 1.0 1.0 1.0 1.0 1.0 1.0 1.0 1.0 1.0 1.0 1.0 1.0 1.0 1.0 1.0 1.0 1.0 1.0 1.0 1.0 1.0 1.0 1.0 1.0 1.0 1.0 1.0 1.0 1.0 1.0 1.0 1.0 1.0 1.0 1.0 1.0 1.0 1.0 1.0 1.0 1.0 1.0 1.0 1.0 1.0 1.0 1.0 1.0 1.0 1.0 1.0 1.0 1.0 1.0 1.0 1.0 1.0 1.0 1.0 1.0 1.0 1.0 1.0 1.0 1.0 1.0 1.0 1.0 1.0 1.0 1.0 1.0 1.0 1.0 1.0 1.0 1.0 1.0 1.0 1.0 1.0 1.0 1.0 1.0 1.0 1.0 1.0 1.0 1.0 1.0 1.0 1.0 1.0 1.0 1.0 1.0 1.0 1.0 1.0 1.0 1.0 1.0 1.205 1.031 0.823 1.136 0.836 1.02 0.99 1.213 0.982 0.771 1.327 1.347 0.957 1.213 1.242 1.018 0.962 1.296 1.231 0.884 1.323 1.057 1.291 0.943 0.858 1.12 1.05 0.936 1.252 1.233 1.254 0.956 0.982 0.702 0.667 1.073 0.894 0.989 0.906 1.276 0.97 0.994 1.074 1.3 0.539 0.979 1.087 1.05 0.89 1.123 0.951 1.183 1.242 1.101 1.144 0.835 0.629 1.049 1.105 0.557 0.979 1.249 1.119 0.696 0.712 0.989 1.158 0.684 1.208 0.893 1.344 1.321 0.818 1.322 0.787 0.79 0.956 0.759 1.107 0.794 1.129 0.976 0.86 1.326 1.007 0.622 0.955 0.781 1.257 0.92 0.759 0.581 0.868 0.649 1.038 1.049 0.607 0.763 0.864 1.379 0.724 0.702 1.433 1.203 0.694 0.933 0.899 1.0 0.945 0.956 0.74 0.681 1.0 0.676 0.644 0.836 0.709 1.0 1.261 1.0 0.687 1.409 1.0 1.56 1.0 0.686 0.709 1.0 0.733 1.0 0.684 1.333 1.0 1.063 1.0 0.748 1.015 1.0 0.7 1.0 0.955 0.806 1.0 0.993 1.0 1.091 1.252 1.0 0.807 1.0 0.835 0.808 1.0 0.658 1.0 1.113 0.732 1.0 1.0 1.0 0.752 0.759 1.0 1.0 1.0 0.876 0.741 1.0 1.0 1.0 1.048 0.677 1.0 1.0 1.0 1.023 0.691 1.0 1.0 1.0 0.876 0.711 1.0 1.0 1.0 1.036 1.006 1.0 1.0 1.0 0.979 1.0 1.0 1.0 1.0 0.861 1.0 1.0 1.0 1.0 0.799 1.0 1.0 1.0 1.0 0.762 1.0 1.0 1.0 1.0 0.767 1.0 1.0 1.0 1.0 0.714 1.0 1.0 1.0 1.0 1.135 1.0 1.0 1.0 1.0 1.179 1.0 1.0 1.0 1.0 1.365 1.0 1.0 1.0 1.0 0.992 1.0 1.0 1.0 1.0 0.745 1.0 1.0 1.0 1.0 0.767 1.0 1.0 1.0 1.0 1.706 1.0 1.0 1.0 1.0 0.578 1.0 1.0 1.0 1.0 1.0 1.0 1.0 1.0 1.0 1.0 1.0 1.0 1.0 1.0 1.0 1.0 1.0 1.0 1.0 1.0 1.0 1.0 1.0 1.0 1.0 1.0 1.0 1.0 1.0 1.0 1.0 1.0 1.0 1.0 1.0 1.0 1.0 1.0 1.0 1.0 1.0 1.0 1.0 1.0 1.0 1.0 1.0 1.0 1.0 1.0 1.0 1.0 1.0 1.0 1.0 1.0 1.0 1.0 1.0 1.0 1.0 1.0 1.0 1.0 1.0 1.0 1.0 1.0 1.0 1.0 1.0 1.0 1.0 1.0 1.0 1.0 1.0 1.0 1.0 1.0 1.0 1.0 1.0 1.0 1.0 1.0 1.0 1.0 1.0 1.0 1.0 1.0 1.0 1.0 1.0 1.0 1.0 1.0 1.0 1.0 1.0 1.0 1.0 1.0 1.0 1.0 1.0 1.0 1.0 1.0 1.0 1.0 1.0 1.0 1.0 1.0 1.0 1.0 1.0 1.0 1.0 1.0 1.0 1.0 1.205 0.957 0.823 1.136 1.121 0.83 0.992 1.245 0.895 0.769 1.015 0.944 0.961 0.895 0.987 0.808 0.942 1.266 0.883 1.318 0.915 1.184 0.88 1.226 0.872 1.041 1.076 1.229 0.71 1.296 1.192 1.252 1.213 1.338 0.724 0.603 1.244 1.301 1.339 1.409 1.288 0.938 1.302 1.148 1.333 0.993 0.903 0.719 1.278 1.293 1.284 1.226 0.928 1.23 1.304 1.263 1.295 1.12 1.303 1.386 1.222 1.162 0.842 1.091 1.278 1.319 1.303 1.304 1.307 0.918 1.285 1.332 1.188 1.3 1.302 0.888 1.296 1.186 1.282 0.744 1.369 0.638 1.296 0.849 1.29 1.259 1.306 0.785 1.322 0.82 0.654 1.261 1.271 0.812 1.217 1.141 1.209 1.112 0.746 1.298 1.383 0.73 1.336 1.198 1.303 0.845 1.083 1.188 0.771 0.779 1.314 1.381 1.162 0.853 1.264 1.2 0.885 1.08 1.304 0.83 1.2 0.904 0.895 1.348 0.785 1.037 1.347 0.98 0.88 0.828 1.488 0.878 0.96 1.184 1.422 1.137 0.91 1.044 1.041 1.281 0.766 1.43 0.933 0.638 0.73 0.666 1.0 0.909 0.648 1.0 0.697 1.0 0.83 1.0 1.0 0.739 1.0 0.801 1.0 1.0 0.773 1.0 1.158 1.0 1.0 1.069 1.0 1.183 1.0 1.0 2.084 1.0 1.412 1.0 1.0 0.72 1.0 0.92 1.0 1.0 2.073 1.0 0.762 1.0 1.0 0.748 1.0 0.749 1.0 1.0 0.8 1.0 0.743 1.0 1.0 0.777 1.0 0.738 1.0 1.0 1.0 1.0 0.678 1.0 1.0 1.0 1.0 1.491 1.0 1.0 1.0 1.0 1.33 1.0 1.0 1.0 1.0 1.14 1.0 1.0 1.0 1.0 1.006 1.0 1.0 1.0 1.0 0.988 1.0 1.0 1.0 1.0 0.93 1.0 1.0 1.0 1.0 1.069 1.0 1.0 1.0 1.0 1.271 1.0 1.0 1.0 1.0 1.276 1.0 1.0 1.0 1.0 0.871 1.0 1.0 1.0 1.0 0.757 1.0 1.0 1.0 1.0 0.705 1.0 1.0 1.0 1.0 1.081 1.0 1.0 1.0 1.0 0.923 1.0 1.0 1.0 1.0 0.958 1.0 1.0 1.0 1.0 1.082 1.0 1.0 1.0 1.0 1.089 1.0 1.0 1.0 1.0 0.613 1.0 1.0 1.0 1.0 0.885 1.0 1.0 1.0 1.0 1.087 1.0 1.0 1.0 1.0 1.295 1.0 1.0 1.0 1.0 0.629 1.0 1.0 1.0 1.0 0.682 1.0 1.0 1.0 1.0 0.697 1.0 1.0 1.0 1.0 0.7 1.0 1.0 1.0 1.0 0.978 1.0 1.0 1.0 1.0 0.653 1.0 1.0 1.0 1.0 1.118 1.0 1.0 1.0 1.0 0.734 1.0 1.0 1.0 1.0 1.269 1.0 1.0 1.0 1.0 0.625 1.0 1.0 1.0 1.0 0.809 1.0 1.0 1.0 1.0 0.686 1.0 1.0 1.0 1.0 0.714 1.0 1.0 1.0 1.0 0.691 1.0 1.0 1.016 1.208 0.901 1.149 1.006 1.302 0.99 1.246 0.773 1.167 0.821 0.958 0.974 0.75 1.312 1.007 1.163 1.254 0.815 0.868 0.881 1.064 0.716 0.896 0.958 1.162 1.203 0.835 1.202 0.826 0.982 0.76 0.834 1.347 0.943 0.871 1.162 1.077 1.212 1.304 0.905 1.201 1.323 1.293 0.752 1.304 1.309 1.146 1.24 1.393 1.327 0.764 1.202 0.641 1.145 1.025 1.049 1.283 1.199 1.418 1.29 1.15 0.657 1.491 0.707 0.933 1.21 1.383 1.442 1.022 0.913 1.386 0.954 0.986 1.45 0.959 1.217 0.929 1.521 1.144 1.207 1.347 1.258 0.624 0.922 1.07 1.0 1.466 1.386 1.276 0.809 1.0 0.918 1.274 0.74 0.905 1.0 0.855 0.823 0.747 0.762 1.0 0.787 0.69 1.241 1.174 1.0 0.689 1.061 0.789 1.142 1.0 0.807 1.64 1.067 1.109 1.0 1.004 0.734 1.073 1.022 1.0 0.847 0.738 1.208 0.769 1.0 0.874 0.717 0.691 1.159 1.0 0.886 1.192 0.722 0.984 1.0 0.873 1.017 0.728 1.026 1.0 0.708 1.008 0.926 1.014 1.0 0.807 0.736 0.962 1.113 1.0 0.874 0.979 0.659 0.872 1.0 0.911 1.045 1.0 1.079 1.0 0.69 1.004 1.0 0.994 1.0 0.765 0.924 1.0 0.775 1.0 0.811 0.82 1.0 0.835 1.0 1.0 1.161 1.0 0.801 1.0 1.0 0.877 1.0 0.727 1.0 1.0 0.954 1.0 0.726 1.0 1.0 1.437 1.0 0.919 1.0 1.0 1.394 1.0 0.673 1.0 1.0 0.753 1.0 0.684 1.0 1.0 0.685 1.0 0.653 1.0 1.0 0.666 1.0 0.709 1.0 1.0 0.907 1.0 1.0 1.0 1.0 0.888 1.0 1.0 1.0 1.0 0.879 1.0 1.0 1.0 1.0 0.621 1.0 1.0 1.0 1.0 1.0 1.0 1.0 1.0 1.0 1.0 1.0 1.0 1.0 1.0 1.0 1.0 1.0 1.0 1.0 1.0 1.0 1.0 1.0 1.0 1.0 1.0 1.0 1.0 1.0 1.0 1.0 1.0 1.0 1.0 1.0 1.0 1.0 1.0 1.0 1.0 1.0 1.0 1.0 1.0 1.0 1.0 1.0 1.0 1.0 1.0 1.0 1.0 1.0 1.0 1.0 1.0 1.0 1.0 1.0 1.0 1.0 1.0 1.0 1.0 1.0 1.0 1.0 1.0 1.0 1.0 1.0 1.0 1.0 1.0 1.0 1.0 1.0 1.0 1.0 1.0 1.0 1.0 1.0 1.0 1.0 1.0 1.0 1.0 1.0 1.0 1.0 1.0 1.0 1.0 1.0 1.0 1.0 1.0 1.0 1.0 1.0 1.0 1.0 1.0 1.0 1.0 1.0 1.0 1.0 1.0 1.0 1.0 1.0 1.0 1.0 1.0 1.0 1.0 1.0 1.0 1.0 1.0 1.0 1.0 1.0 1.0 1.0 1.0 1.0 1.0 1.0 1.0 1.0 1.0 1.0 1.0 1.0 1.0 1.0 1.0 1.0 1.0 1.0 1.0 1.0 1.0 0.87 1.031 1.177 0.915 1.006 1.013 1.299 1.204 0.904 1.148 0.991 1.331 0.874 1.038 1.327 0.798 0.939 0.728 0.691 0.886 1.357 1.34 1.28 1.206 1.165 0.794 0.794 0.728 0.525 0.794 0.875 1.018 1.281 0.961 0.801 1.024 0.834 0.885 0.709 1.012 0.764 0.736 0.963 1.312 0.732 1.101 1.067 1.294 0.74 1.184 0.8 1.069 0.988 0.893 1.276 0.7 0.898 0.943 0.735 0.755 1.178 0.699 1.093 1.0 1.222 0.77 1.227 1.053 1.0 1.272 0.971 0.748 1.169 1.0 0.686 0.631 1.058 1.136 1.0 1.151 0.837 0.971 0.966 1.0 1.028 1.097 0.727 0.99 1.0 0.8 0.728 1.073 0.832 1.0 0.712 1.11 1.027 0.847 1.0 0.754 1.126 1.013 1.105 1.0 0.75 1.13 1.076 1.068 1.0 0.736 0.703 0.993 0.812 1.0 0.774 0.855 1.165 0.808 1.0 1.523 0.912 0.669 1.068 1.0 0.996 0.97 1.152 0.812 1.0 0.718 0.696 0.945 1.333 1.0 0.692 0.733 0.666 0.813 1.0 1.0 0.691 0.875 1.06 1.0 1.0 0.84 1.191 1.135 1.0 1.0 1.108 1.087 1.136 1.0 1.0 1.023 0.778 0.724 1.0 1.0 0.712 0.944 0.809 1.0 1.0 0.655 0.929 1.37 1.0 1.0 1.0 0.713 1.382 1.0 1.0 1.0 1.306 1.31 1.0 1.0 1.0 0.708 0.77 1.0 1.0 1.0 0.766 1.114 1.0 1.0 1.0 0.756 0.872 1.0 1.0 1.0 0.748 0.915 1.0 1.0 1.0 0.8 1.03 1.0 1.0 1.0 0.77 0.736 1.0 1.0 1.0 0.759 0.679 1.0 1.0 1.0 1.051 0.705 1.0 1.0 1.0 0.935 0.682 1.0 1.0 1.0 0.696 0.707 1.0 1.0 1.0 1.024 0.666 1.0 1.0 1.0 0.91 0.63 1.0 1.0 1.0 1.007 0.614 1.0 1.0 1.0 0.828 1.0 1.0 1.0 1.0 0.667 1.0 1.0 1.0 1.0 0.682 1.0 1.0 1.0 1.0 0.904 1.0 1.0 1.0 1.0 0.668 1.0 1.0 1.0 1.0 0.683 1.0 1.0 1.0 1.0 0.711 1.0 1.0 1.0 1.0 0.703 1.0 1.0 1.0 1.0 0.691 1.0 1.0 1.0 1.0 0.668 1.0 1.0 1.0 1.0 0.652 1.0 1.0 1.0 1.0 1.0 1.0 1.0 1.0 1.0 1.0 1.0 1.0 1.0 1.0 1.0 1.0 1.0 1.0 1.0 1.0 1.0 1.0 1.0 1.0 1.0 1.0 1.0 1.0 1.0 1.0 1.0 1.0 1.0 1.0 1.0 1.0 1.0 1.0 1.0 1.0 1.0 1.0 1.0 1.0 1.0 1.0 1.0 1.0 1.0 1.0 1.0 1.0 1.0 1.0 1.0 1.0 1.0 1.0 1.0 1.0 1.0 1.0 1.0 1.0 1.0 1.0 1.0 1.0 1.0 1.0 1.0 1.0 1.0 1.0 1.0 1.0 1.0 1.0 1.0 1.0 1.0 1.0 1.0 1.205 1.208 0.997 1.136 0.836 1.015 1.297 1.268 1.203 1.24 1.33 0.964 0.871 1.246 1.248 0.813 0.876 0.969 0.723 0.822 0.996 1.171 1.185 0.908 1.075 0.831 1.198 0.907 1.268 0.792 1.216 0.494 1.085 0.729 1.21 0.921 1.145 0.72 0.992 1.052 1.146 1.294 1.327 1.09 1.149 1.04 1.26 1.327 1.322 0.737 0.757 1.155 1.163 1.16 1.317 1.148 0.646 1.121 1.004 1.241 1.226 1.321 1.325 1.391 1.04 1.225 0.523 1.373 1.093 1.309 1.17 1.486 0.68 0.814 0.77 1.24 1.249 0.687 1.386 0.759 1.106 0.999 1.26 1.285 1.0 1.319 0.631 1.287 1.445 1.0 1.338 1.26 1.222 0.654 1.0 1.024 1.05 1.27 1.354 1.0 1.058 0.696 1.315 0.665 1.0 0.988 1.244 1.044 1.179 1.0 0.893 1.031 0.887 1.016 1.0 1.049 1.427 1.468 0.708 1.0 1.062 1.43 0.816 1.114 1.0 1.268 0.964 0.745 1.034 1.0 1.225 1.449 1.215 1.036 1.0 1.16 0.787 0.768 0.711 1.0 0.958 1.493 1.252 0.871 1.0 1.297 0.573 1.196 0.68 1.0 1.256 0.763 1.219 0.85 1.0 0.69 1.146 0.892 1.013 1.0 0.702 1.279 1.196 0.755 1.0 0.712 1.193 0.759 1.0 1.0 0.728 0.621 0.844 1.0 1.0 0.694 0.681 1.0 1.0 1.0 0.666 0.679 1.0 1.0 1.0 0.644 0.71 1.0 1.0 1.0 1.077 0.705 1.0 1.0 1.0 0.745 0.722 1.0 1.0 1.0 1.179 0.702 1.0 1.0 1.0 1.197 1.0 1.0 1.0 1.0 0.933 1.0 1.0 1.0 1.0 1.538 1.0 1.0 1.0 1.0 0.757 1.0 1.0 1.0 1.0 0.857 1.0 1.0 1.0 1.0 1.183 1.0 1.0 1.0 1.0 0.742 1.0 1.0 1.0 1.0 0.783 1.0 1.0 1.0 1.0 1.0 1.0 1.0 1.0 1.0 1.0 1.0 1.0 1.0 1.0 1.0 1.0 1.0 1.0 1.0 1.0 1.0 1.0 1.0 1.0 1.0 1.0 1.0 1.0 1.0 1.0 1.0 1.0 1.0 1.0 1.0 1.0 1.0 1.0 1.0 1.0 1.0 1.0 1.0 1.0 1.0 1.0 1.0 1.0 1.0 1.0 1.0 1.0 1.0 1.0 1.0 1.0 1.0 1.0 1.0 1.0 1.0 1.0 1.0 1.0 1.0 1.0 1.0 1.0 1.0 1.0 1.0 1.0 1.0 1.0 1.0 1.0 1.0 1.0 1.0 1.0 1.0 1.0 1.0 1.0 1.0 1.0 1.0 1.0 1.0 1.0 1.0 1.0 1.0 1.0 1.0 1.0 1.0 1.0 1.0 1.0 1.0 1.0 1.0 1.0 1.0 1.0 1.0 1.0 1.0 1.0 1.0 1.0 1.0 1.0 1.0 1.0 1.0 1.0 1.0 1.0 1.0 1.0 1.0 1.0 1.0 1.0 1.0 1.0 1.0 1.0 1.0 1.0 1.0 1.0 1.0 1.0 1.0 1.0 1.0 0.87 0.957 1.177 1.136 0.836 1.292 0.996 1.21 0.776 1.25 0.897 0.756 0.965 1.215 1.214 0.938 0.747 1.244 0.755 0.976 1.03 1.328 1.242 0.944 0.874 1.033 0.969 0.712 1.051 1.171 1.033 0.852 1.251 1.085 0.944 1.169 0.899 0.703 1.185 1.239 0.811 1.018 0.917 1.354 1.084 0.69 0.804 0.95 1.244 1.202 1.353 1.076 0.982 1.318 1.057 1.086 0.942 0.912 1.249 0.58 0.611 1.16 0.953 1.374 1.207 1.33 0.819 0.836 0.853 1.427 0.768 1.297 0.967 0.938 0.627 1.312 1.333 0.957 1.0 1.25 0.803 1.269 1.291 1.0 1.257 0.823 1.155 0.814 1.0 1.3 1.125 1.188 1.168 1.0 1.459 0.845 0.848 0.94 1.0 0.723 1.08 0.619 1.277 1.0 0.85 1.011 0.635 1.072 1.0 0.962 1.145 0.888 0.697 1.0 0.953 1.348 0.847 1.154 1.0 1.779 0.934 0.848 1.024 1.0 1.079 0.904 1.183 1.196 1.0 0.736 1.366 0.851 1.01 1.0 1.858 0.864 0.9 1.199 1.0 0.984 1.074 1.095 0.831 1.0 0.69 0.855 1.041 0.754 1.0 0.919 1.159 0.832 0.773 1.0 0.801 0.983 1.385 0.957 1.0 0.668 1.0 1.186 1.272 1.0 0.898 1.0 1.267 0.823 1.0 0.702 1.0 0.79 0.826 1.0 0.693 1.0 0.905 0.738 1.0 0.744 1.0 0.843 0.798 1.0 0.734 1.0 0.812 0.7 1.0 0.749 1.0 0.744 1.494 1.0 2.336 1.0 1.0 0.702 1.0 0.651 1.0 1.0 0.722 1.0 0.687 1.0 1.0 1.086 1.0 1.0 1.0 1.0 0.646 1.0 1.0 1.0 1.0 0.845 1.0 1.0 1.0 1.0 2.008 1.0 1.0 1.0 1.0 1.0 1.0 1.0 1.0 1.0 1.0 1.0 1.0 1.0 1.0 1.0 1.0 1.0 1.0 1.0 1.0 1.0 1.0 1.0 1.0 1.0 1.0 1.0 1.0 1.0 1.0 1.0 1.0 1.0 1.0 1.0 1.0 1.0 1.0 1.0 1.0 1.0 1.0 1.0 1.0 1.0 1.0 1.0 1.0 1.0 1.0 1.0 1.0 1.0 1.0 1.0 1.0 1.0 1.0 1.0 1.0 1.0 1.0 1.0 1.0 1.0 1.0 1.0 1.0 1.0 1.0 1.0 1.0 1.0 1.0 1.0 1.0 1.0 1.0 1.0 1.0 1.0 1.0 1.0 1.0 1.0 1.0 1.0 1.0 1.0 1.0 1.0 1.0 1.0 1.0 1.0 1.0 1.0 1.0 1.0 1.0 1.0 1.0 1.0 1.0 1.0 1.0 1.0 1.0 1.0 1.0 1.0 1.0 1.0 1.0 1.0 1.0 1.0 1.0 1.0 1.0 1.0 1.0 1.0 1.0 1.0 1.0 1.0 1.0 1.0 1.0 1.0 1.0 1.0 1.0 1.0 1.0 1.0 1.0 1.0 1.0 1.0 1.0 1.0 1.0 1.0 1.0 1.0 1.0 1.0 1.0 1.0 1.0 1.0 1.0 1.0 1.0 1.0,2.335959,1.335959,0.48856115,0.3,0.6370783448219299,0.0003,5,5.212553
65,0.2281208485364914,0.9940597,1.007 1.031 0.899 1.0 0.896 1.009 1.283 1.22 0.775 0.773 1.013 1.314 0.962 1.22 0.952 1.33 0.731 0.699 0.947 0.791 0.937 1.087 0.933 1.282 1.048 0.93 0.723 1.298 0.991 1.056 1.023 0.725 1.033 0.798 1.122 0.924 0.925 1.288 1.235 1.16 1.077 1.091 0.907 0.586 0.683 0.871 0.717 1.115 1.253 1.064 1.212 0.715 1.134 1.27 0.825 0.947 0.939 1.14 1.196 1.137 0.882 0.981 0.774 1.236 1.0 1.183 1.123 0.696 0.661 1.0 1.133 1.114 1.115 1.212 1.0 1.333 1.483 1.058 1.148 1.0 1.293 0.94 1.389 0.997 1.0 1.197 0.907 1.101 0.656 1.0 1.045 0.672 1.015 1.104 1.0 0.979 0.889 0.801 0.731 1.0 1.313 0.67 0.731 1.165 1.0 0.912 0.937 1.0 0.728 1.0 0.733 0.804 1.0 0.787 1.0 0.719 1.116 1.0 0.815 1.0 0.727 1.044 1.0 0.843 1.0 1.009 1.055 1.0 0.694 1.0 0.725 1.127 1.0 0.673 1.0 0.961 0.782 1.0 1.172 1.0 1.179 1.023 1.0 1.054 1.0 0.689 0.672 1.0 0.899 1.0 0.696 1.014 1.0 0.762 1.0 1.069 0.977 1.0 1.085 1.0 1.769 0.895 1.0 0.863 1.0 1.0 0.931 1.0 1.024 1.0 1.0 0.932 1.0 0.801 1.0 1.0 0.927 1.0 1.01 1.0 1.0 0.666 1.0 0.834 1.0 1.0 0.709 1.0 0.738 1.0 1.0 0.843 1.0 1.0 1.0 1.0 2.152 1.0 1.0 1.0 1.0 0.747 1.0 1.0 1.0 1.0 0.686 1.0 1.0 1.0 1.0 0.684 1.0 1.0 1.0 1.0 0.687 1.0 1.0 1.0 1.0 0.661 1.0 1.0 1.0 1.0 0.814 1.0 1.0 1.0 1.0 1.0 1.0 1.0 1.0 1.0 1.0 1.0 1.0 1.0 1.0 1.0 1.0 1.0 1.0 1.0 1.0 1.0 1.0 1.0 1.0 1.0 1.0 1.0 1.0 1.0 1.0 1.0 1.0 1.0 1.0 1.0 1.0 1.0 1.0 1.0 1.0 1.0 1.0 1.0 1.0 1.0 1.0 1.0 1.0 1.0 1.0 1.0 1.0 1.0 1.0 1.0 1.0 1.0 1.0 1.0 1.0 1.0 1.0 1.0 1.0 1.0 1.0 1.0 1.0 1.0 1.0 1.0 1.0 1.0 1.0 1.0 1.0 1.0 1.0 1.0 1.0 1.0 1.0 1.0 1.0 1.0 1.0 1.0 1.0 1.0 1.0 1.0 1.0 1.0 1.0 1.0 1.0 1.0 1.0 1.0 1.0 1.0 1.0 1.0 1.0 1.0 1.0 1.0 1.0 1.0 1.0 1.0 1.0 1.0 1.0 1.0 1.0 1.0 1.0 1.0 1.0 1.0 1.0 1.0 1.0 1.0 1.0 1.0 1.0 1.0 1.0 1.0 1.0 1.0 1.0 1.0 1.0 1.0 1.0 1.0 1.0 1.0 1.0 1.0 1.0 1.0 1.0 1.0 1.0 1.0 1.0 1.0 1.0 1.0 0.924 1.008 1.146 1.0 0.896 1.286 1.003 0.968 0.787 0.869 0.908 1.016 0.89 0.768 1.157 1.017 0.757 0.943 0.762 1.017 0.934 0.97 0.888 0.877 0.731 1.177 0.875 1.203 1.046 0.623 0.766 1.347 0.898 1.174 0.727 1.185 1.198 1.031 1.342 0.759 0.776 0.77 1.232 0.487 1.172 0.787 0.916 1.173 0.676 1.194 0.794 0.775 0.711 0.76 0.682 1.212 0.784 0.685 1.295 0.683 0.93 1.051 1.114 0.541 1.049 0.956 1.088 1.092 0.701 1.086 0.857 0.986 1.023 1.218 0.678 1.105 1.099 1.024 0.581 1.121 0.897 1.058 0.708 0.607 0.707 1.0 1.123 1.203 0.874 0.781 1.0 0.956 0.706 0.693 1.098 1.0 0.964 1.46 0.898 0.817 1.0 0.744 0.62 0.703 0.735 1.0 0.767 0.739 0.83 1.0 1.0 1.177 0.794 0.81 1.0 1.0 0.778 0.787 0.794 1.0 1.0 1.114 0.717 0.809 1.0 1.0 1.089 0.648 0.648 1.0 1.0 1.202 0.69 1.036 1.0 1.0 0.826 0.703 0.787 1.0 1.0 0.74 1.028 0.743 1.0 1.0 0.784 0.719 1.0 1.0 1.0 1.244 0.652 1.0 1.0 1.0 0.769 0.651 1.0 1.0 1.0 0.726 0.632 1.0 1.0 1.0 1.068 1.8 1.0 1.0 1.0 0.696 1.0 1.0 1.0 1.0 0.691 1.0 1.0 1.0 1.0 1.038 1.0 1.0 1.0 1.0 0.82 1.0 1.0 1.0 1.0 0.782 1.0 1.0 1.0 1.0 0.799 1.0 1.0 1.0 1.0 0.959 1.0 1.0 1.0 1.0 0.698 1.0 1.0 1.0 1.0 0.831 1.0 1.0 1.0 1.0 0.803 1.0 1.0 1.0 1.0 1.032 1.0 1.0 1.0 1.0 0.673 1.0 1.0 1.0 1.0 2.108 1.0 1.0 1.0 1.0 1.657 1.0 1.0 1.0 1.0 0.761 1.0 1.0 1.0 1.0 1.0 1.0 1.0 1.0 1.0 1.0 1.0 1.0 1.0 1.0 1.0 1.0 1.0 1.0 1.0 1.0 1.0 1.0 1.0 1.0 1.0 1.0 1.0 1.0 1.0 1.0 1.0 1.0 1.0 1.0 1.0 1.0 1.0 1.0 1.0 1.0 1.0 1.0 1.0 1.0 1.0 1.0 1.0 1.0 1.0 1.0 1.0 1.0 1.0 1.0 1.0 1.0 1.0 1.0 1.0 1.0 1.0 1.0 1.0 1.0 1.0 1.0 1.0 1.0 1.0 1.0 1.0 1.0 1.0 1.0 1.0 1.0 1.0 1.0 1.0 1.0 1.0 1.0 1.0 1.0 1.0 1.0 1.0 1.0 1.0 1.0 1.0 1.0 1.0 1.0 1.0 1.0 1.0 1.0 1.0 1.0 1.0 1.0 1.0 1.0 1.0 1.0 1.0 1.0 1.0 1.0 1.0 1.0 1.0 1.0 1.0 1.0 1.0 1.0 1.0 1.0 1.0 1.0 1.0 1.0 1.0 1.0 1.0 1.0 1.0 1.0 1.0 1.0 1.0 1.0 1.0 1.0 1.0 1.0 1.203 1.031 0.824 1.139 0.837 1.027 0.996 1.218 0.986 0.773 1.323 1.341 0.961 1.216 1.234 1.027 0.958 1.287 1.235 0.887 1.32 1.054 1.282 0.947 0.86 1.13 1.059 0.941 1.257 1.23 1.252 0.963 0.98 0.704 0.666 1.081 0.894 0.989 0.91 1.273 0.965 0.993 1.073 1.297 0.538 0.975 1.081 1.049 0.892 1.123 0.953 1.188 1.246 1.102 1.145 0.84 0.63 1.046 1.108 0.556 0.979 1.245 1.118 0.696 0.715 0.982 1.155 0.685 1.21 0.89 1.35 1.326 0.814 1.321 0.79 0.78 0.948 0.759 1.106 0.797 1.127 0.968 0.858 1.327 0.999 0.621 0.951 0.772 1.258 0.918 0.761 0.582 0.869 0.649 1.031 1.047 0.608 0.764 0.866 1.381 0.724 0.705 1.432 1.204 0.692 0.925 0.896 1.0 0.944 0.959 0.74 0.683 1.0 0.675 0.642 0.827 0.711 1.0 1.266 1.0 0.688 1.411 1.0 1.56 1.0 0.686 0.711 1.0 0.73 1.0 0.686 1.328 1.0 1.066 1.0 0.751 1.012 1.0 0.696 1.0 0.96 0.805 1.0 0.984 1.0 1.088 1.256 1.0 0.806 1.0 0.828 0.807 1.0 0.655 1.0 1.12 0.733 1.0 1.0 1.0 0.75 0.758 1.0 1.0 1.0 0.868 0.742 1.0 1.0 1.0 1.041 0.676 1.0 1.0 1.0 1.03 0.692 1.0 1.0 1.0 0.875 0.709 1.0 1.0 1.0 1.037 1.009 1.0 1.0 1.0 0.978 1.0 1.0 1.0 1.0 0.854 1.0 1.0 1.0 1.0 0.798 1.0 1.0 1.0 1.0 0.761 1.0 1.0 1.0 1.0 0.769 1.0 1.0 1.0 1.0 0.711 1.0 1.0 1.0 1.0 1.118 1.0 1.0 1.0 1.0 1.164 1.0 1.0 1.0 1.0 1.351 1.0 1.0 1.0 1.0 0.986 1.0 1.0 1.0 1.0 0.743 1.0 1.0 1.0 1.0 0.771 1.0 1.0 1.0 1.0 1.7 1.0 1.0 1.0 1.0 0.581 1.0 1.0 1.0 1.0 1.0 1.0 1.0 1.0 1.0 1.0 1.0 1.0 1.0 1.0 1.0 1.0 1.0 1.0 1.0 1.0 1.0 1.0 1.0 1.0 1.0 1.0 1.0 1.0 1.0 1.0 1.0 1.0 1.0 1.0 1.0 1.0 1.0 1.0 1.0 1.0 1.0 1.0 1.0 1.0 1.0 1.0 1.0 1.0 1.0 1.0 1.0 1.0 1.0 1.0 1.0 1.0 1.0 1.0 1.0 1.0 1.0 1.0 1.0 1.0 1.0 1.0 1.0 1.0 1.0 1.0 1.0 1.0 1.0 1.0 1.0 1.0 1.0 1.0 1.0 1.0 1.0 1.0 1.0 1.0 1.0 1.0 1.0 1.0 1.0 1.0 1.0 1.0 1.0 1.0 1.0 1.0 1.0 1.0 1.0 1.0 1.0 1.0 1.0 1.0 1.0 1.0 1.0 1.0 1.0 1.0 1.0 1.0 1.0 1.0 1.0 1.0 1.0 1.0 1.0 1.0 1.0 1.0 1.0 1.0 1.203 0.955 0.824 1.139 1.124 0.831 0.998 1.238 0.893 0.77 1.023 0.941 0.965 0.892 0.992 0.81 0.939 1.272 0.885 1.31 0.917 1.184 0.877 1.228 0.869 1.038 1.07 1.232 0.71 1.3 1.194 1.254 1.215 1.334 0.724 0.603 1.243 1.3 1.335 1.41 1.288 0.947 1.301 1.153 1.33 1.003 0.912 0.72 1.277 1.292 1.285 1.226 0.926 1.234 1.306 1.259 1.298 1.123 1.306 1.39 1.221 1.165 0.841 1.093 1.281 1.319 1.304 1.304 1.311 0.914 1.287 1.327 1.192 1.301 1.304 0.884 1.297 1.189 1.282 0.744 1.371 0.639 1.297 0.847 1.292 1.254 1.3 0.784 1.323 0.823 0.656 1.262 1.273 0.815 1.22 1.147 1.21 1.113 0.748 1.3 1.385 0.732 1.338 1.202 1.305 0.84 1.087 1.188 0.773 0.779 1.309 1.378 1.166 0.855 1.265 1.199 0.889 1.085 1.301 0.83 1.199 0.909 0.887 1.345 0.785 1.041 1.343 0.981 0.882 0.831 1.488 0.881 0.961 1.18 1.423 1.138 0.914 1.049 1.05 1.279 0.762 1.427 0.931 0.638 0.729 0.665 1.0 0.908 0.647 1.0 0.697 1.0 0.829 1.0 1.0 0.739 1.0 0.805 1.0 1.0 0.773 1.0 1.163 1.0 1.0 1.06 1.0 1.187 1.0 1.0 2.086 1.0 1.405 1.0 1.0 0.722 1.0 0.92 1.0 1.0 2.073 1.0 0.765 1.0 1.0 0.749 1.0 0.753 1.0 1.0 0.804 1.0 0.747 1.0 1.0 0.775 1.0 0.742 1.0 1.0 1.0 1.0 0.676 1.0 1.0 1.0 1.0 1.484 1.0 1.0 1.0 1.0 1.322 1.0 1.0 1.0 1.0 1.135 1.0 1.0 1.0 1.0 1.008 1.0 1.0 1.0 1.0 0.989 1.0 1.0 1.0 1.0 0.931 1.0 1.0 1.0 1.0 1.063 1.0 1.0 1.0 1.0 1.276 1.0 1.0 1.0 1.0 1.278 1.0 1.0 1.0 1.0 0.867 1.0 1.0 1.0 1.0 0.758 1.0 1.0 1.0 1.0 0.705 1.0 1.0 1.0 1.0 1.076 1.0 1.0 1.0 1.0 0.925 1.0 1.0 1.0 1.0 0.958 1.0 1.0 1.0 1.0 1.077 1.0 1.0 1.0 1.0 1.083 1.0 1.0 1.0 1.0 0.614 1.0 1.0 1.0 1.0 0.887 1.0 1.0 1.0 1.0 1.081 1.0 1.0 1.0 1.0 1.3 1.0 1.0 1.0 1.0 0.629 1.0 1.0 1.0 1.0 0.683 1.0 1.0 1.0 1.0 0.697 1.0 1.0 1.0 1.0 0.701 1.0 1.0 1.0 1.0 0.979 1.0 1.0 1.0 1.0 0.654 1.0 1.0 1.0 1.0 1.112 1.0 1.0 1.0 1.0 0.735 1.0 1.0 1.0 1.0 1.27 1.0 1.0 1.0 1.0 0.626 1.0 1.0 1.0 1.0 0.807 1.0 1.0 1.0 1.0 0.689 1.0 1.0 1.0 1.0 0.712 1.0 1.0 1.0 1.0 0.695 1.0 1.0 1.02 1.205 0.899 1.144 1.008 1.298 0.996 1.239 0.774 1.171 0.823 0.955 0.978 0.752 1.305 1.016 1.164 1.259 0.817 0.865 0.881 1.065 0.717 0.897 0.957 1.164 1.206 0.837 1.205 0.825 0.98 0.761 0.835 1.345 0.945 0.874 1.16 1.078 1.212 1.302 0.909 1.201 1.323 1.298 0.755 1.304 1.314 1.148 1.24 1.392 1.326 0.767 1.205 0.64 1.144 1.016 1.05 1.284 1.196 1.417 1.291 1.149 0.657 1.498 0.709 0.939 1.208 1.385 1.444 1.018 0.915 1.392 0.958 0.984 1.452 0.962 1.215 0.932 1.525 1.143 1.204 1.352 1.262 0.623 0.918 1.073 1.0 1.47 1.39 1.278 0.806 1.0 0.916 1.278 0.741 0.902 1.0 0.852 0.822 0.747 0.762 1.0 0.789 0.689 1.241 1.178 1.0 0.688 1.064 0.789 1.147 1.0 0.803 1.642 1.069 1.109 1.0 1.005 0.734 1.073 1.028 1.0 0.846 0.738 1.207 0.77 1.0 0.874 0.717 0.691 1.153 1.0 0.886 1.188 0.719 0.986 1.0 0.862 1.016 0.725 1.029 1.0 0.707 1.007 0.925 1.016 1.0 0.804 0.736 0.958 1.11 1.0 0.87 0.978 0.658 0.871 1.0 0.907 1.052 1.0 1.075 1.0 0.69 1.01 1.0 0.997 1.0 0.763 0.926 1.0 0.774 1.0 0.809 0.82 1.0 0.836 1.0 1.0 1.157 1.0 0.802 1.0 1.0 0.882 1.0 0.725 1.0 1.0 0.958 1.0 0.725 1.0 1.0 1.43 1.0 0.91 1.0 1.0 1.388 1.0 0.672 1.0 1.0 0.753 1.0 0.683 1.0 1.0 0.689 1.0 0.654 1.0 1.0 0.67 1.0 0.708 1.0 1.0 0.9 1.0 1.0 1.0 1.0 0.879 1.0 1.0 1.0 1.0 0.871 1.0 1.0 1.0 1.0 0.624 1.0 1.0 1.0 1.0 1.0 1.0 1.0 1.0 1.0 1.0 1.0 1.0 1.0 1.0 1.0 1.0 1.0 1.0 1.0 1.0 1.0 1.0 1.0 1.0 1.0 1.0 1.0 1.0 1.0 1.0 1.0 1.0 1.0 1.0 1.0 1.0 1.0 1.0 1.0 1.0 1.0 1.0 1.0 1.0 1.0 1.0 1.0 1.0 1.0 1.0 1.0 1.0 1.0 1.0 1.0 1.0 1.0 1.0 1.0 1.0 1.0 1.0 1.0 1.0 1.0 1.0 1.0 1.0 1.0 1.0 1.0 1.0 1.0 1.0 1.0 1.0 1.0 1.0 1.0 1.0 1.0 1.0 1.0 1.0 1.0 1.0 1.0 1.0 1.0 1.0 1.0 1.0 1.0 1.0 1.0 1.0 1.0 1.0 1.0 1.0 1.0 1.0 1.0 1.0 1.0 1.0 1.0 1.0 1.0 1.0 1.0 1.0 1.0 1.0 1.0 1.0 1.0 1.0 1.0 1.0 1.0 1.0 1.0 1.0 1.0 1.0 1.0 1.0 1.0 1.0 1.0 1.0 1.0 1.0 1.0 1.0 1.0 1.0 1.0 1.0 1.0 1.0 1.0 1.0 1.0 1.0 0.87 1.031 1.173 0.913 1.008 1.011 1.295 1.209 0.902 1.151 0.999 1.326 0.871 1.037 1.321 0.8 0.936 0.729 0.69 0.882 1.351 1.335 1.285 1.207 1.165 0.796 0.795 0.729 0.523 0.795 0.882 1.014 1.286 0.957 0.803 1.021 0.835 0.889 0.712 1.011 0.768 0.738 0.961 1.316 0.733 1.1 1.063 1.286 0.743 1.187 0.798 1.066 0.986 0.889 1.279 0.703 0.904 0.946 0.738 0.754 1.177 0.699 1.096 1.0 1.216 0.772 1.219 1.054 1.0 1.271 0.971 0.749 1.17 1.0 0.689 0.629 1.056 1.137 1.0 1.152 0.839 0.978 0.968 1.0 1.03 1.092 0.723 0.99 1.0 0.798 0.728 1.073 0.835 1.0 0.711 1.108 1.026 0.845 1.0 0.754 1.121 1.011 1.111 1.0 0.749 1.129 1.075 1.071 1.0 0.735 0.703 0.999 0.811 1.0 0.773 0.858 1.163 0.806 1.0 1.527 0.914 0.665 1.071 1.0 0.99 0.971 1.151 0.811 1.0 0.718 0.693 0.944 1.323 1.0 0.693 0.731 0.663 0.811 1.0 1.0 0.687 0.873 1.062 1.0 1.0 0.839 1.2 1.14 1.0 1.0 1.101 1.083 1.142 1.0 1.0 1.025 0.776 0.726 1.0 1.0 0.708 0.943 0.808 1.0 1.0 0.654 0.928 1.361 1.0 1.0 1.0 0.714 1.373 1.0 1.0 1.0 1.298 1.302 1.0 1.0 1.0 0.709 0.771 1.0 1.0 1.0 0.764 1.116 1.0 1.0 1.0 0.755 0.871 1.0 1.0 1.0 0.747 0.914 1.0 1.0 1.0 0.8 1.031 1.0 1.0 1.0 0.767 0.736 1.0 1.0 1.0 0.756 0.68 1.0 1.0 1.0 1.047 0.703 1.0 1.0 1.0 0.931 0.681 1.0 1.0 1.0 0.694 0.707 1.0 1.0 1.0 1.028 0.667 1.0 1.0 1.0 0.908 0.627 1.0 1.0 1.0 1.007 0.613 1.0 1.0 1.0 0.818 1.0 1.0 1.0 1.0 0.665 1.0 1.0 1.0 1.0 0.681 1.0 1.0 1.0 1.0 0.893 1.0 1.0 1.0 1.0 0.667 1.0 1.0 1.0 1.0 0.682 1.0 1.0 1.0 1.0 0.71 1.0 1.0 1.0 1.0 0.705 1.0 1.0 1.0 1.0 0.695 1.0 1.0 1.0 1.0 0.67 1.0 1.0 1.0 1.0 0.656 1.0 1.0 1.0 1.0 1.0 1.0 1.0 1.0 1.0 1.0 1.0 1.0 1.0 1.0 1.0 1.0 1.0 1.0 1.0 1.0 1.0 1.0 1.0 1.0 1.0 1.0 1.0 1.0 1.0 1.0 1.0 1.0 1.0 1.0 1.0 1.0 1.0 1.0 1.0 1.0 1.0 1.0 1.0 1.0 1.0 1.0 1.0 1.0 1.0 1.0 1.0 1.0 1.0 1.0 1.0 1.0 1.0 1.0 1.0 1.0 1.0 1.0 1.0 1.0 1.0 1.0 1.0 1.0 1.0 1.0 1.0 1.0 1.0 1.0 1.0 1.0 1.0 1.0 1.0 1.0 1.0 1.0 1.0 1.203 1.205 0.999 1.139 0.837 1.021 1.292 1.262 1.208 1.234 1.326 0.96 0.868 1.251 1.241 0.814 0.876 0.974 0.724 0.823 0.992 1.172 1.183 0.912 1.075 0.832 1.193 0.909 1.259 0.793 1.216 0.493 1.085 0.731 1.211 0.925 1.147 0.72 0.99 1.055 1.147 1.292 1.328 1.093 1.15 1.033 1.262 1.327 1.319 0.741 0.76 1.152 1.167 1.163 1.319 1.143 0.647 1.119 1.002 1.242 1.228 1.322 1.33 1.389 1.036 1.227 0.52 1.377 1.092 1.313 1.165 1.489 0.68 0.818 0.774 1.241 1.249 0.687 1.389 0.762 1.101 0.997 1.262 1.288 1.0 1.322 0.632 1.289 1.448 1.0 1.343 1.26 1.225 0.654 1.0 1.017 1.057 1.272 1.357 1.0 1.059 0.693 1.318 0.664 1.0 0.993 1.244 1.048 1.181 1.0 0.889 1.037 0.888 1.01 1.0 1.052 1.43 1.469 0.706 1.0 1.065 1.433 0.817 1.112 1.0 1.27 0.962 0.745 1.028 1.0 1.227 1.453 1.21 1.04 1.0 1.161 0.79 0.768 0.712 1.0 0.958 1.498 1.249 0.872 1.0 1.293 0.572 1.192 0.679 1.0 1.25 0.765 1.215 0.851 1.0 0.693 1.151 0.884 1.015 1.0 0.705 1.275 1.191 0.755 1.0 0.713 1.184 0.759 1.0 1.0 0.73 0.62 0.847 1.0 1.0 0.692 0.681 1.0 1.0 1.0 0.664 0.676 1.0 1.0 1.0 0.64 0.708 1.0 1.0 1.0 1.078 0.705 1.0 1.0 1.0 0.742 0.72 1.0 1.0 1.0 1.182 0.701 1.0 1.0 1.0 1.2 1.0 1.0 1.0 1.0 0.935 1.0 1.0 1.0 1.0 1.527 1.0 1.0 1.0 1.0 0.756 1.0 1.0 1.0 1.0 0.859 1.0 1.0 1.0 1.0 1.177 1.0 1.0 1.0 1.0 0.742 1.0 1.0 1.0 1.0 0.786 1.0 1.0 1.0 1.0 1.0 1.0 1.0 1.0 1.0 1.0 1.0 1.0 1.0 1.0 1.0 1.0 1.0 1.0 1.0 1.0 1.0 1.0 1.0 1.0 1.0 1.0 1.0 1.0 1.0 1.0 1.0 1.0 1.0 1.0 1.0 1.0 1.0 1.0 1.0 1.0 1.0 1.0 1.0 1.0 1.0 1.0 1.0 1.0 1.0 1.0 1.0 1.0 1.0 1.0 1.0 1.0 1.0 1.0 1.0 1.0 1.0 1.0 1.0 1.0 1.0 1.0 1.0 1.0 1.0 1.0 1.0 1.0 1.0 1.0 1.0 1.0 1.0 1.0 1.0 1.0 1.0 1.0 1.0 1.0 1.0 1.0 1.0 1.0 1.0 1.0 1.0 1.0 1.0 1.0 1.0 1.0 1.0 1.0 1.0 1.0 1.0 1.0 1.0 1.0 1.0 1.0 1.0 1.0 1.0 1.0 1.0 1.0 1.0 1.0 1.0 1.0 1.0 1.0 1.0 1.0 1.0 1.0 1.0 1.0 1.0 1.0 1.0 1.0 1.0 1.0 1.0 1.0 1.0 1.0 1.0 1.0 1.0 1.0 1.0 0.87 0.955 1.173 1.139 0.837 1.288 1.003 1.215 0.777 1.244 0.892 0.757 0.969 1.207 1.218 0.939 0.748 1.249 0.757 0.98 1.024 1.324 1.247 0.941 0.875 1.028 0.964 0.713 1.052 1.169 1.029 0.857 1.255 1.084 0.943 1.168 0.899 0.704 1.19 1.237 0.812 1.018 0.915 1.352 1.087 0.69 0.805 0.955 1.251 1.203 1.353 1.07 0.988 1.315 1.06 1.082 0.943 0.91 1.258 0.578 0.61 1.16 0.95 1.383 1.207 1.331 0.823 0.838 0.851 1.427 0.772 1.297 0.969 0.936 0.627 1.313 1.334 0.958 1.0 1.25 0.807 1.269 1.295 1.0 1.26 0.827 1.157 0.815 1.0 1.3 1.127 1.191 1.168 1.0 1.464 0.849 0.851 0.942 1.0 0.724 1.078 0.618 1.28 1.0 0.846 1.008 0.635 1.076 1.0 0.954 1.148 0.883 0.696 1.0 0.945 1.348 0.85 1.149 1.0 1.79 0.938 0.85 1.02 1.0 1.077 0.902 1.188 1.192 1.0 0.736 1.368 0.854 1.016 1.0 1.869 0.862 0.902 1.194 1.0 0.982 1.076 1.096 0.831 1.0 0.686 0.857 1.03 0.752 1.0 0.909 1.148 0.829 0.771 1.0 0.801 0.985 1.387 0.95 1.0 0.664 1.0 1.174 1.266 1.0 0.886 1.0 1.255 0.823 1.0 0.699 1.0 0.789 0.83 1.0 0.693 1.0 0.907 0.736 1.0 0.744 1.0 0.845 0.797 1.0 0.731 1.0 0.814 0.699 1.0 0.745 1.0 0.742 1.488 1.0 2.347 1.0 1.0 0.7 1.0 0.652 1.0 1.0 0.72 1.0 0.683 1.0 1.0 1.081 1.0 1.0 1.0 1.0 0.652 1.0 1.0 1.0 1.0 0.838 1.0 1.0 1.0 1.0 2.009 1.0 1.0 1.0 1.0 1.0 1.0 1.0 1.0 1.0 1.0 1.0 1.0 1.0 1.0 1.0 1.0 1.0 1.0 1.0 1.0 1.0 1.0 1.0 1.0 1.0 1.0 1.0 1.0 1.0 1.0 1.0 1.0 1.0 1.0 1.0 1.0 1.0 1.0 1.0 1.0 1.0 1.0 1.0 1.0 1.0 1.0 1.0 1.0 1.0 1.0 1.0 1.0 1.0 1.0 1.0 1.0 1.0 1.0 1.0 1.0 1.0 1.0 1.0 1.0 1.0 1.0 1.0 1.0 1.0 1.0 1.0 1.0 1.0 1.0 1.0 1.0 1.0 1.0 1.0 1.0 1.0 1.0 1.0 1.0 1.0 1.0 1.0 1.0 1.0 1.0 1.0 1.0 1.0 1.0 1.0 1.0 1.0 1.0 1.0 1.0 1.0 1.0 1.0 1.0 1.0 1.0 1.0 1.0 1.0 1.0 1.0 1.0 1.0 1.0 1.0 1.0 1.0 1.0 1.0 1.0 1.0 1.0 1.0 1.0 1.0 1.0 1.0 1.0 1.0 1.0 1.0 1.0 1.0 1.0 1.0 1.0 1.0 1.0 1.0 1.0 1.0 1.0 1.0 1.0 1.0 1.0 1.0 1.0 1.0 1.0 1.0 1.0 1.0 1.0 1.0 1.0 1.0,2.3473341,1.3473341,0.4866336,0.3,0.6424950957298279,0.0003,5,5.2367554
66,0.22907139360904694,0.9939862,1.006 1.031 0.898 1.003 0.894 1.015 1.279 1.224 0.777 0.775 1.011 1.309 0.966 1.223 0.95 1.325 0.733 0.701 0.952 0.788 0.933 1.085 0.937 1.273 1.048 0.926 0.724 1.294 0.989 1.054 1.018 0.727 1.032 0.799 1.121 0.927 0.933 1.285 1.239 1.158 1.076 1.088 0.904 0.585 0.683 0.869 0.719 1.117 1.248 1.069 1.215 0.717 1.137 1.266 0.83 0.953 0.936 1.144 1.2 1.137 0.887 0.989 0.777 1.241 1.0 1.184 1.121 0.697 0.66 1.0 1.133 1.112 1.114 1.215 1.0 1.336 1.478 1.053 1.144 1.0 1.29 0.945 1.388 0.995 1.0 1.192 0.911 1.099 0.656 1.0 1.041 0.675 1.01 1.102 1.0 0.977 0.893 0.802 0.73 1.0 1.313 0.672 0.732 1.166 1.0 0.91 0.933 1.0 0.727 1.0 0.736 0.805 1.0 0.788 1.0 0.721 1.115 1.0 0.816 1.0 0.729 1.048 1.0 0.844 1.0 1.007 1.059 1.0 0.693 1.0 0.728 1.123 1.0 0.673 1.0 0.959 0.776 1.0 1.173 1.0 1.18 1.026 1.0 1.048 1.0 0.691 0.672 1.0 0.9 1.0 0.698 1.004 1.0 0.761 1.0 1.07 0.975 1.0 1.087 1.0 1.765 0.886 1.0 0.865 1.0 1.0 0.932 1.0 1.026 1.0 1.0 0.929 1.0 0.799 1.0 1.0 0.93 1.0 1.002 1.0 1.0 0.663 1.0 0.831 1.0 1.0 0.709 1.0 0.736 1.0 1.0 0.834 1.0 1.0 1.0 1.0 2.158 1.0 1.0 1.0 1.0 0.747 1.0 1.0 1.0 1.0 0.686 1.0 1.0 1.0 1.0 0.684 1.0 1.0 1.0 1.0 0.687 1.0 1.0 1.0 1.0 0.663 1.0 1.0 1.0 1.0 0.812 1.0 1.0 1.0 1.0 1.0 1.0 1.0 1.0 1.0 1.0 1.0 1.0 1.0 1.0 1.0 1.0 1.0 1.0 1.0 1.0 1.0 1.0 1.0 1.0 1.0 1.0 1.0 1.0 1.0 1.0 1.0 1.0 1.0 1.0 1.0 1.0 1.0 1.0 1.0 1.0 1.0 1.0 1.0 1.0 1.0 1.0 1.0 1.0 1.0 1.0 1.0 1.0 1.0 1.0 1.0 1.0 1.0 1.0 1.0 1.0 1.0 1.0 1.0 1.0 1.0 1.0 1.0 1.0 1.0 1.0 1.0 1.0 1.0 1.0 1.0 1.0 1.0 1.0 1.0 1.0 1.0 1.0 1.0 1.0 1.0 1.0 1.0 1.0 1.0 1.0 1.0 1.0 1.0 1.0 1.0 1.0 1.0 1.0 1.0 1.0 1.0 1.0 1.0 1.0 1.0 1.0 1.0 1.0 1.0 1.0 1.0 1.0 1.0 1.0 1.0 1.0 1.0 1.0 1.0 1.0 1.0 1.0 1.0 1.0 1.0 1.0 1.0 1.0 1.0 1.0 1.0 1.0 1.0 1.0 1.0 1.0 1.0 1.0 1.0 1.0 1.0 1.0 1.0 1.0 1.0 1.0 1.0 1.0 1.0 1.0 1.0 1.0 1.0 0.921 1.013 1.149 1.003 0.894 1.281 1.009 0.971 0.789 0.866 0.904 1.014 0.887 0.77 1.156 1.014 0.759 0.947 0.764 1.018 0.933 0.966 0.885 0.88 0.73 1.177 0.88 1.201 1.046 0.622 0.768 1.348 0.9 1.178 0.727 1.183 1.198 1.031 1.338 0.762 0.781 0.772 1.228 0.484 1.171 0.79 0.915 1.176 0.676 1.192 0.799 0.778 0.711 0.763 0.685 1.212 0.787 0.681 1.298 0.685 0.923 1.053 1.115 0.54 1.053 0.951 1.087 1.089 0.702 1.082 0.852 0.979 1.02 1.216 0.677 1.105 1.101 1.023 0.581 1.119 0.893 1.059 0.708 0.607 0.706 1.0 1.122 1.203 0.866 0.781 1.0 0.949 0.707 0.694 1.096 1.0 0.957 1.464 0.897 0.807 1.0 0.742 0.62 0.704 0.737 1.0 0.765 0.728 0.829 1.0 1.0 1.179 0.793 0.807 1.0 1.0 0.777 0.786 0.792 1.0 1.0 1.106 0.716 0.807 1.0 1.0 1.092 0.646 0.647 1.0 1.0 1.195 0.69 1.028 1.0 1.0 0.822 0.701 0.789 1.0 1.0 0.734 1.02 0.74 1.0 1.0 0.777 0.709 1.0 1.0 1.0 1.237 0.655 1.0 1.0 1.0 0.773 0.649 1.0 1.0 1.0 0.73 0.635 1.0 1.0 1.0 1.072 1.799 1.0 1.0 1.0 0.7 1.0 1.0 1.0 1.0 0.696 1.0 1.0 1.0 1.0 1.04 1.0 1.0 1.0 1.0 0.817 1.0 1.0 1.0 1.0 0.777 1.0 1.0 1.0 1.0 0.798 1.0 1.0 1.0 1.0 0.963 1.0 1.0 1.0 1.0 0.697 1.0 1.0 1.0 1.0 0.832 1.0 1.0 1.0 1.0 0.805 1.0 1.0 1.0 1.0 1.024 1.0 1.0 1.0 1.0 0.676 1.0 1.0 1.0 1.0 2.116 1.0 1.0 1.0 1.0 1.655 1.0 1.0 1.0 1.0 0.761 1.0 1.0 1.0 1.0 1.0 1.0 1.0 1.0 1.0 1.0 1.0 1.0 1.0 1.0 1.0 1.0 1.0 1.0 1.0 1.0 1.0 1.0 1.0 1.0 1.0 1.0 1.0 1.0 1.0 1.0 1.0 1.0 1.0 1.0 1.0 1.0 1.0 1.0 1.0 1.0 1.0 1.0 1.0 1.0 1.0 1.0 1.0 1.0 1.0 1.0 1.0 1.0 1.0 1.0 1.0 1.0 1.0 1.0 1.0 1.0 1.0 1.0 1.0 1.0 1.0 1.0 1.0 1.0 1.0 1.0 1.0 1.0 1.0 1.0 1.0 1.0 1.0 1.0 1.0 1.0 1.0 1.0 1.0 1.0 1.0 1.0 1.0 1.0 1.0 1.0 1.0 1.0 1.0 1.0 1.0 1.0 1.0 1.0 1.0 1.0 1.0 1.0 1.0 1.0 1.0 1.0 1.0 1.0 1.0 1.0 1.0 1.0 1.0 1.0 1.0 1.0 1.0 1.0 1.0 1.0 1.0 1.0 1.0 1.0 1.0 1.0 1.0 1.0 1.0 1.0 1.0 1.0 1.0 1.0 1.0 1.0 1.0 1.0 1.2 1.031 0.824 1.141 0.837 1.034 1.003 1.223 0.989 0.774 1.318 1.336 0.966 1.22 1.226 1.035 0.955 1.278 1.239 0.889 1.315 1.051 1.273 0.952 0.861 1.14 1.069 0.945 1.261 1.225 1.249 0.97 0.979 0.706 0.665 1.09 0.895 0.989 0.915 1.269 0.958 0.991 1.072 1.293 0.537 0.972 1.074 1.048 0.895 1.124 0.955 1.193 1.252 1.104 1.146 0.844 0.632 1.043 1.112 0.555 0.98 1.244 1.115 0.695 0.717 0.974 1.153 0.686 1.212 0.887 1.356 1.332 0.812 1.318 0.793 0.77 0.939 0.76 1.105 0.799 1.124 0.959 0.857 1.327 0.991 0.621 0.949 0.764 1.259 0.917 0.763 0.582 0.87 0.649 1.025 1.045 0.609 0.764 0.867 1.381 0.725 0.708 1.43 1.206 0.69 0.915 0.894 1.0 0.945 0.962 0.741 0.684 1.0 0.674 0.641 0.817 0.713 1.0 1.271 1.0 0.689 1.413 1.0 1.559 1.0 0.686 0.713 1.0 0.729 1.0 0.689 1.322 1.0 1.068 1.0 0.754 1.009 1.0 0.694 1.0 0.967 0.804 1.0 0.975 1.0 1.085 1.259 1.0 0.806 1.0 0.82 0.807 1.0 0.654 1.0 1.127 0.735 1.0 1.0 1.0 0.748 0.757 1.0 1.0 1.0 0.859 0.742 1.0 1.0 1.0 1.035 0.674 1.0 1.0 1.0 1.037 0.692 1.0 1.0 1.0 0.873 0.707 1.0 1.0 1.0 1.038 1.01 1.0 1.0 1.0 0.977 1.0 1.0 1.0 1.0 0.845 1.0 1.0 1.0 1.0 0.797 1.0 1.0 1.0 1.0 0.76 1.0 1.0 1.0 1.0 0.772 1.0 1.0 1.0 1.0 0.709 1.0 1.0 1.0 1.0 1.1 1.0 1.0 1.0 1.0 1.149 1.0 1.0 1.0 1.0 1.336 1.0 1.0 1.0 1.0 0.981 1.0 1.0 1.0 1.0 0.741 1.0 1.0 1.0 1.0 0.774 1.0 1.0 1.0 1.0 1.692 1.0 1.0 1.0 1.0 0.584 1.0 1.0 1.0 1.0 1.0 1.0 1.0 1.0 1.0 1.0 1.0 1.0 1.0 1.0 1.0 1.0 1.0 1.0 1.0 1.0 1.0 1.0 1.0 1.0 1.0 1.0 1.0 1.0 1.0 1.0 1.0 1.0 1.0 1.0 1.0 1.0 1.0 1.0 1.0 1.0 1.0 1.0 1.0 1.0 1.0 1.0 1.0 1.0 1.0 1.0 1.0 1.0 1.0 1.0 1.0 1.0 1.0 1.0 1.0 1.0 1.0 1.0 1.0 1.0 1.0 1.0 1.0 1.0 1.0 1.0 1.0 1.0 1.0 1.0 1.0 1.0 1.0 1.0 1.0 1.0 1.0 1.0 1.0 1.0 1.0 1.0 1.0 1.0 1.0 1.0 1.0 1.0 1.0 1.0 1.0 1.0 1.0 1.0 1.0 1.0 1.0 1.0 1.0 1.0 1.0 1.0 1.0 1.0 1.0 1.0 1.0 1.0 1.0 1.0 1.0 1.0 1.0 1.0 1.0 1.0 1.0 1.0 1.0 1.0 1.2 0.953 0.824 1.141 1.126 0.833 1.005 1.231 0.891 0.772 1.032 0.937 0.969 0.89 0.997 0.813 0.936 1.277 0.886 1.302 0.92 1.184 0.874 1.232 0.866 1.035 1.063 1.234 0.709 1.305 1.198 1.257 1.216 1.327 0.724 0.602 1.244 1.298 1.328 1.413 1.289 0.956 1.3 1.157 1.326 1.013 0.922 0.72 1.278 1.293 1.285 1.224 0.924 1.239 1.306 1.256 1.302 1.127 1.308 1.392 1.22 1.165 0.84 1.095 1.285 1.318 1.303 1.302 1.312 0.912 1.289 1.323 1.197 1.301 1.305 0.882 1.299 1.193 1.282 0.744 1.372 0.639 1.298 0.846 1.296 1.25 1.294 0.781 1.322 0.825 0.659 1.263 1.273 0.817 1.221 1.15 1.209 1.116 0.75 1.3 1.387 0.733 1.338 1.204 1.305 0.837 1.09 1.185 0.775 0.779 1.304 1.375 1.17 0.857 1.268 1.198 0.894 1.091 1.297 0.831 1.199 0.914 0.878 1.341 0.786 1.044 1.338 0.981 0.884 0.833 1.487 0.885 0.961 1.178 1.423 1.139 0.919 1.054 1.058 1.276 0.759 1.423 0.929 0.639 0.729 0.664 1.0 0.907 0.646 1.0 0.696 1.0 0.828 1.0 1.0 0.738 1.0 0.81 1.0 1.0 0.772 1.0 1.167 1.0 1.0 1.051 1.0 1.191 1.0 1.0 2.086 1.0 1.397 1.0 1.0 0.724 1.0 0.919 1.0 1.0 2.07 1.0 0.769 1.0 1.0 0.75 1.0 0.757 1.0 1.0 0.809 1.0 0.752 1.0 1.0 0.772 1.0 0.747 1.0 1.0 1.0 1.0 0.674 1.0 1.0 1.0 1.0 1.476 1.0 1.0 1.0 1.0 1.314 1.0 1.0 1.0 1.0 1.129 1.0 1.0 1.0 1.0 1.01 1.0 1.0 1.0 1.0 0.991 1.0 1.0 1.0 1.0 0.932 1.0 1.0 1.0 1.0 1.057 1.0 1.0 1.0 1.0 1.281 1.0 1.0 1.0 1.0 1.28 1.0 1.0 1.0 1.0 0.863 1.0 1.0 1.0 1.0 0.76 1.0 1.0 1.0 1.0 0.706 1.0 1.0 1.0 1.0 1.071 1.0 1.0 1.0 1.0 0.927 1.0 1.0 1.0 1.0 0.959 1.0 1.0 1.0 1.0 1.071 1.0 1.0 1.0 1.0 1.077 1.0 1.0 1.0 1.0 0.616 1.0 1.0 1.0 1.0 0.888 1.0 1.0 1.0 1.0 1.075 1.0 1.0 1.0 1.0 1.305 1.0 1.0 1.0 1.0 0.629 1.0 1.0 1.0 1.0 0.684 1.0 1.0 1.0 1.0 0.698 1.0 1.0 1.0 1.0 0.702 1.0 1.0 1.0 1.0 0.981 1.0 1.0 1.0 1.0 0.655 1.0 1.0 1.0 1.0 1.106 1.0 1.0 1.0 1.0 0.738 1.0 1.0 1.0 1.0 1.272 1.0 1.0 1.0 1.0 0.628 1.0 1.0 1.0 1.0 0.806 1.0 1.0 1.0 1.0 0.692 1.0 1.0 1.0 1.0 0.71 1.0 1.0 1.0 1.0 0.699 1.0 1.0 1.025 1.203 0.898 1.14 1.011 1.293 1.003 1.232 0.775 1.174 0.825 0.952 0.982 0.754 1.298 1.025 1.163 1.264 0.82 0.862 0.883 1.065 0.72 0.899 0.956 1.166 1.209 0.839 1.208 0.823 0.979 0.763 0.837 1.341 0.947 0.878 1.16 1.079 1.215 1.298 0.913 1.201 1.322 1.303 0.759 1.304 1.319 1.152 1.237 1.389 1.326 0.769 1.21 0.639 1.143 1.007 1.051 1.283 1.192 1.415 1.293 1.147 0.657 1.506 0.711 0.945 1.206 1.385 1.444 1.016 0.916 1.399 0.962 0.983 1.452 0.966 1.214 0.935 1.531 1.141 1.201 1.357 1.266 0.623 0.916 1.077 1.0 1.474 1.394 1.279 0.804 1.0 0.915 1.282 0.741 0.897 1.0 0.849 0.821 0.748 0.761 1.0 0.789 0.687 1.242 1.182 1.0 0.687 1.069 0.789 1.154 1.0 0.801 1.643 1.07 1.109 1.0 1.004 0.733 1.072 1.035 1.0 0.846 0.737 1.206 0.77 1.0 0.874 0.716 0.69 1.147 1.0 0.886 1.184 0.716 0.989 1.0 0.851 1.013 0.722 1.032 1.0 0.706 1.004 0.924 1.019 1.0 0.801 0.736 0.954 1.107 1.0 0.866 0.977 0.657 0.869 1.0 0.902 1.058 1.0 1.072 1.0 0.69 1.015 1.0 1.001 1.0 0.762 0.929 1.0 0.774 1.0 0.807 0.819 1.0 0.837 1.0 1.0 1.155 1.0 0.803 1.0 1.0 0.887 1.0 0.724 1.0 1.0 0.962 1.0 0.725 1.0 1.0 1.422 1.0 0.903 1.0 1.0 1.381 1.0 0.672 1.0 1.0 0.753 1.0 0.682 1.0 1.0 0.694 1.0 0.654 1.0 1.0 0.674 1.0 0.708 1.0 1.0 0.893 1.0 1.0 1.0 1.0 0.871 1.0 1.0 1.0 1.0 0.863 1.0 1.0 1.0 1.0 0.627 1.0 1.0 1.0 1.0 1.0 1.0 1.0 1.0 1.0 1.0 1.0 1.0 1.0 1.0 1.0 1.0 1.0 1.0 1.0 1.0 1.0 1.0 1.0 1.0 1.0 1.0 1.0 1.0 1.0 1.0 1.0 1.0 1.0 1.0 1.0 1.0 1.0 1.0 1.0 1.0 1.0 1.0 1.0 1.0 1.0 1.0 1.0 1.0 1.0 1.0 1.0 1.0 1.0 1.0 1.0 1.0 1.0 1.0 1.0 1.0 1.0 1.0 1.0 1.0 1.0 1.0 1.0 1.0 1.0 1.0 1.0 1.0 1.0 1.0 1.0 1.0 1.0 1.0 1.0 1.0 1.0 1.0 1.0 1.0 1.0 1.0 1.0 1.0 1.0 1.0 1.0 1.0 1.0 1.0 1.0 1.0 1.0 1.0 1.0 1.0 1.0 1.0 1.0 1.0 1.0 1.0 1.0 1.0 1.0 1.0 1.0 1.0 1.0 1.0 1.0 1.0 1.0 1.0 1.0 1.0 1.0 1.0 1.0 1.0 1.0 1.0 1.0 1.0 1.0 1.0 1.0 1.0 1.0 1.0 1.0 1.0 1.0 1.0 1.0 1.0 1.0 1.0 1.0 1.0 1.0 1.0 0.871 1.031 1.168 0.911 1.011 1.01 1.291 1.213 0.899 1.153 1.007 1.32 0.868 1.036 1.315 0.803 0.932 0.732 0.688 0.879 1.345 1.328 1.29 1.21 1.165 0.799 0.797 0.732 0.521 0.797 0.888 1.009 1.29 0.952 0.804 1.018 0.837 0.892 0.716 1.012 0.771 0.741 0.959 1.318 0.733 1.099 1.057 1.278 0.747 1.192 0.796 1.063 0.985 0.887 1.283 0.706 0.911 0.95 0.742 0.753 1.176 0.7 1.101 1.0 1.209 0.773 1.21 1.058 1.0 1.273 0.971 0.75 1.17 1.0 0.691 0.628 1.055 1.137 1.0 1.154 0.842 0.986 0.97 1.0 1.032 1.086 0.72 0.989 1.0 0.797 0.729 1.074 0.838 1.0 0.71 1.107 1.026 0.843 1.0 0.753 1.116 1.011 1.116 1.0 0.749 1.128 1.075 1.073 1.0 0.735 0.702 1.005 0.809 1.0 0.772 0.859 1.161 0.805 1.0 1.529 0.917 0.662 1.074 1.0 0.984 0.973 1.15 0.809 1.0 0.718 0.691 0.942 1.313 1.0 0.696 0.73 0.659 0.81 1.0 1.0 0.684 0.87 1.064 1.0 1.0 0.838 1.209 1.146 1.0 1.0 1.094 1.078 1.148 1.0 1.0 1.026 0.774 0.728 1.0 1.0 0.705 0.942 0.807 1.0 1.0 0.654 0.927 1.352 1.0 1.0 1.0 0.714 1.364 1.0 1.0 1.0 1.289 1.294 1.0 1.0 1.0 0.71 0.772 1.0 1.0 1.0 0.763 1.118 1.0 1.0 1.0 0.753 0.871 1.0 1.0 1.0 0.746 0.913 1.0 1.0 1.0 0.799 1.031 1.0 1.0 1.0 0.765 0.736 1.0 1.0 1.0 0.753 0.68 1.0 1.0 1.0 1.044 0.703 1.0 1.0 1.0 0.927 0.681 1.0 1.0 1.0 0.691 0.706 1.0 1.0 1.0 1.032 0.668 1.0 1.0 1.0 0.908 0.625 1.0 1.0 1.0 1.008 0.614 1.0 1.0 1.0 0.81 1.0 1.0 1.0 1.0 0.662 1.0 1.0 1.0 1.0 0.68 1.0 1.0 1.0 1.0 0.882 1.0 1.0 1.0 1.0 0.666 1.0 1.0 1.0 1.0 0.681 1.0 1.0 1.0 1.0 0.709 1.0 1.0 1.0 1.0 0.708 1.0 1.0 1.0 1.0 0.699 1.0 1.0 1.0 1.0 0.673 1.0 1.0 1.0 1.0 0.66 1.0 1.0 1.0 1.0 1.0 1.0 1.0 1.0 1.0 1.0 1.0 1.0 1.0 1.0 1.0 1.0 1.0 1.0 1.0 1.0 1.0 1.0 1.0 1.0 1.0 1.0 1.0 1.0 1.0 1.0 1.0 1.0 1.0 1.0 1.0 1.0 1.0 1.0 1.0 1.0 1.0 1.0 1.0 1.0 1.0 1.0 1.0 1.0 1.0 1.0 1.0 1.0 1.0 1.0 1.0 1.0 1.0 1.0 1.0 1.0 1.0 1.0 1.0 1.0 1.0 1.0 1.0 1.0 1.0 1.0 1.0 1.0 1.0 1.0 1.0 1.0 1.0 1.0 1.0 1.0 1.0 1.0 1.0 1.2 1.203 1.002 1.141 0.837 1.028 1.287 1.255 1.212 1.227 1.321 0.957 0.866 1.256 1.233 0.817 0.877 0.978 0.726 0.825 0.988 1.175 1.181 0.916 1.075 0.834 1.186 0.911 1.249 0.793 1.215 0.492 1.087 0.734 1.215 0.93 1.149 0.72 0.989 1.058 1.149 1.286 1.331 1.098 1.15 1.026 1.263 1.329 1.313 0.746 0.762 1.15 1.171 1.166 1.317 1.135 0.648 1.119 0.999 1.241 1.232 1.321 1.334 1.384 1.032 1.232 0.517 1.381 1.093 1.314 1.158 1.492 0.68 0.821 0.778 1.244 1.247 0.686 1.392 0.766 1.095 0.996 1.263 1.29 1.0 1.325 0.634 1.29 1.451 1.0 1.349 1.26 1.227 0.654 1.0 1.009 1.065 1.277 1.359 1.0 1.062 0.69 1.322 0.664 1.0 0.998 1.244 1.052 1.183 1.0 0.884 1.044 0.89 1.003 1.0 1.055 1.433 1.468 0.705 1.0 1.068 1.437 0.82 1.112 1.0 1.272 0.962 0.745 1.023 1.0 1.229 1.457 1.206 1.042 1.0 1.162 0.793 0.768 0.712 1.0 0.959 1.503 1.245 0.872 1.0 1.288 0.571 1.187 0.678 1.0 1.244 0.768 1.211 0.852 1.0 0.695 1.155 0.877 1.015 1.0 0.707 1.271 1.185 0.756 1.0 0.715 1.173 0.759 1.0 1.0 0.731 0.619 0.85 1.0 1.0 0.69 0.682 1.0 1.0 1.0 0.661 0.674 1.0 1.0 1.0 0.637 0.706 1.0 1.0 1.0 1.08 0.705 1.0 1.0 1.0 0.738 0.718 1.0 1.0 1.0 1.187 0.7 1.0 1.0 1.0 1.205 1.0 1.0 1.0 1.0 0.936 1.0 1.0 1.0 1.0 1.514 1.0 1.0 1.0 1.0 0.755 1.0 1.0 1.0 1.0 0.863 1.0 1.0 1.0 1.0 1.171 1.0 1.0 1.0 1.0 0.743 1.0 1.0 1.0 1.0 0.789 1.0 1.0 1.0 1.0 1.0 1.0 1.0 1.0 1.0 1.0 1.0 1.0 1.0 1.0 1.0 1.0 1.0 1.0 1.0 1.0 1.0 1.0 1.0 1.0 1.0 1.0 1.0 1.0 1.0 1.0 1.0 1.0 1.0 1.0 1.0 1.0 1.0 1.0 1.0 1.0 1.0 1.0 1.0 1.0 1.0 1.0 1.0 1.0 1.0 1.0 1.0 1.0 1.0 1.0 1.0 1.0 1.0 1.0 1.0 1.0 1.0 1.0 1.0 1.0 1.0 1.0 1.0 1.0 1.0 1.0 1.0 1.0 1.0 1.0 1.0 1.0 1.0 1.0 1.0 1.0 1.0 1.0 1.0 1.0 1.0 1.0 1.0 1.0 1.0 1.0 1.0 1.0 1.0 1.0 1.0 1.0 1.0 1.0 1.0 1.0 1.0 1.0 1.0 1.0 1.0 1.0 1.0 1.0 1.0 1.0 1.0 1.0 1.0 1.0 1.0 1.0 1.0 1.0 1.0 1.0 1.0 1.0 1.0 1.0 1.0 1.0 1.0 1.0 1.0 1.0 1.0 1.0 1.0 1.0 1.0 1.0 1.0 1.0 1.0 0.871 0.953 1.168 1.141 0.837 1.283 1.01 1.219 0.779 1.237 0.888 0.759 0.973 1.199 1.221 0.94 0.75 1.254 0.759 0.985 1.017 1.32 1.252 0.938 0.877 1.021 0.959 0.715 1.052 1.165 1.023 0.863 1.259 1.083 0.943 1.168 0.901 0.706 1.194 1.232 0.813 1.021 0.913 1.35 1.089 0.69 0.806 0.961 1.258 1.205 1.355 1.062 0.994 1.313 1.063 1.075 0.943 0.908 1.267 0.576 0.609 1.16 0.949 1.391 1.208 1.334 0.828 0.84 0.85 1.426 0.774 1.299 0.973 0.935 0.627 1.316 1.336 0.958 1.0 1.25 0.811 1.271 1.301 1.0 1.262 0.83 1.158 0.816 1.0 1.298 1.13 1.192 1.167 1.0 1.467 0.852 0.855 0.944 1.0 0.725 1.078 0.617 1.284 1.0 0.844 1.007 0.634 1.081 1.0 0.947 1.15 0.88 0.695 1.0 0.938 1.349 0.853 1.143 1.0 1.8 0.942 0.853 1.017 1.0 1.076 0.901 1.193 1.186 1.0 0.737 1.369 0.857 1.022 1.0 1.879 0.86 0.904 1.188 1.0 0.979 1.078 1.097 0.83 1.0 0.683 0.859 1.018 0.75 1.0 0.9 1.137 0.827 0.768 1.0 0.8 0.986 1.389 0.944 1.0 0.661 1.0 1.162 1.259 1.0 0.876 1.0 1.243 0.823 1.0 0.697 1.0 0.787 0.834 1.0 0.693 1.0 0.908 0.733 1.0 0.745 1.0 0.847 0.796 1.0 0.73 1.0 0.815 0.699 1.0 0.742 1.0 0.74 1.482 1.0 2.356 1.0 1.0 0.7 1.0 0.652 1.0 1.0 0.718 1.0 0.681 1.0 1.0 1.078 1.0 1.0 1.0 1.0 0.658 1.0 1.0 1.0 1.0 0.831 1.0 1.0 1.0 1.0 2.007 1.0 1.0 1.0 1.0 1.0 1.0 1.0 1.0 1.0 1.0 1.0 1.0 1.0 1.0 1.0 1.0 1.0 1.0 1.0 1.0 1.0 1.0 1.0 1.0 1.0 1.0 1.0 1.0 1.0 1.0 1.0 1.0 1.0 1.0 1.0 1.0 1.0 1.0 1.0 1.0 1.0 1.0 1.0 1.0 1.0 1.0 1.0 1.0 1.0 1.0 1.0 1.0 1.0 1.0 1.0 1.0 1.0 1.0 1.0 1.0 1.0 1.0 1.0 1.0 1.0 1.0 1.0 1.0 1.0 1.0 1.0 1.0 1.0 1.0 1.0 1.0 1.0 1.0 1.0 1.0 1.0 1.0 1.0 1.0 1.0 1.0 1.0 1.0 1.0 1.0 1.0 1.0 1.0 1.0 1.0 1.0 1.0 1.0 1.0 1.0 1.0 1.0 1.0 1.0 1.0 1.0 1.0 1.0 1.0 1.0 1.0 1.0 1.0 1.0 1.0 1.0 1.0 1.0 1.0 1.0 1.0 1.0 1.0 1.0 1.0 1.0 1.0 1.0 1.0 1.0 1.0 1.0 1.0 1.0 1.0 1.0 1.0 1.0 1.0 1.0 1.0 1.0 1.0 1.0 1.0 1.0 1.0 1.0 1.0 1.0 1.0 1.0 1.0 1.0 1.0 1.0 1.0,2.3561735,1.3561735,0.4844636,0.3,0.647253692150116,0.0003,5,5.2505126
67,0.22971513867378235,0.9939139,1.005 1.03 0.896 1.005 0.892 1.022 1.275 1.227 0.778 0.776 1.008 1.304 0.97 1.225 0.948 1.32 0.734 0.703 0.956 0.786 0.929 1.082 0.941 1.266 1.049 0.922 0.725 1.291 0.988 1.051 1.012 0.727 1.03 0.8 1.118 0.929 0.94 1.282 1.243 1.157 1.076 1.085 0.902 0.585 0.683 0.869 0.721 1.12 1.243 1.075 1.217 0.719 1.14 1.26 0.836 0.958 0.932 1.147 1.204 1.137 0.892 0.997 0.781 1.246 1.0 1.184 1.117 0.699 0.658 1.0 1.134 1.108 1.112 1.217 1.0 1.339 1.475 1.049 1.14 1.0 1.285 0.949 1.386 0.994 1.0 1.186 0.915 1.097 0.656 1.0 1.036 0.676 1.006 1.1 1.0 0.976 0.896 0.803 0.729 1.0 1.314 0.674 0.734 1.166 1.0 0.909 0.929 1.0 0.726 1.0 0.739 0.806 1.0 0.789 1.0 0.724 1.115 1.0 0.816 1.0 0.731 1.052 1.0 0.844 1.0 1.005 1.064 1.0 0.692 1.0 0.73 1.119 1.0 0.672 1.0 0.956 0.769 1.0 1.175 1.0 1.182 1.03 1.0 1.042 1.0 0.693 0.672 1.0 0.902 1.0 0.7 0.994 1.0 0.759 1.0 1.071 0.972 1.0 1.088 1.0 1.76 0.877 1.0 0.867 1.0 1.0 0.934 1.0 1.028 1.0 1.0 0.927 1.0 0.797 1.0 1.0 0.933 1.0 0.994 1.0 1.0 0.659 1.0 0.828 1.0 1.0 0.709 1.0 0.735 1.0 1.0 0.825 1.0 1.0 1.0 1.0 2.162 1.0 1.0 1.0 1.0 0.747 1.0 1.0 1.0 1.0 0.687 1.0 1.0 1.0 1.0 0.685 1.0 1.0 1.0 1.0 0.688 1.0 1.0 1.0 1.0 0.665 1.0 1.0 1.0 1.0 0.81 1.0 1.0 1.0 1.0 1.0 1.0 1.0 1.0 1.0 1.0 1.0 1.0 1.0 1.0 1.0 1.0 1.0 1.0 1.0 1.0 1.0 1.0 1.0 1.0 1.0 1.0 1.0 1.0 1.0 1.0 1.0 1.0 1.0 1.0 1.0 1.0 1.0 1.0 1.0 1.0 1.0 1.0 1.0 1.0 1.0 1.0 1.0 1.0 1.0 1.0 1.0 1.0 1.0 1.0 1.0 1.0 1.0 1.0 1.0 1.0 1.0 1.0 1.0 1.0 1.0 1.0 1.0 1.0 1.0 1.0 1.0 1.0 1.0 1.0 1.0 1.0 1.0 1.0 1.0 1.0 1.0 1.0 1.0 1.0 1.0 1.0 1.0 1.0 1.0 1.0 1.0 1.0 1.0 1.0 1.0 1.0 1.0 1.0 1.0 1.0 1.0 1.0 1.0 1.0 1.0 1.0 1.0 1.0 1.0 1.0 1.0 1.0 1.0 1.0 1.0 1.0 1.0 1.0 1.0 1.0 1.0 1.0 1.0 1.0 1.0 1.0 1.0 1.0 1.0 1.0 1.0 1.0 1.0 1.0 1.0 1.0 1.0 1.0 1.0 1.0 1.0 1.0 1.0 1.0 1.0 1.0 1.0 1.0 1.0 1.0 1.0 1.0 1.0 0.919 1.017 1.152 1.005 0.892 1.278 1.016 0.975 0.79 0.864 0.9 1.011 0.884 0.772 1.154 1.012 0.76 0.951 0.766 1.019 0.932 0.963 0.882 0.882 0.73 1.177 0.885 1.198 1.046 0.622 0.77 1.35 0.901 1.182 0.727 1.183 1.198 1.03 1.334 0.766 0.785 0.775 1.224 0.482 1.168 0.793 0.915 1.18 0.677 1.19 0.803 0.781 0.711 0.766 0.688 1.212 0.791 0.677 1.301 0.688 0.915 1.056 1.116 0.539 1.056 0.948 1.087 1.085 0.704 1.078 0.848 0.971 1.018 1.214 0.676 1.104 1.103 1.023 0.58 1.116 0.89 1.06 0.709 0.607 0.706 1.0 1.121 1.203 0.859 0.782 1.0 0.941 0.708 0.695 1.095 1.0 0.949 1.466 0.896 0.797 1.0 0.741 0.62 0.705 0.739 1.0 0.764 0.717 0.828 1.0 1.0 1.182 0.792 0.806 1.0 1.0 0.777 0.785 0.79 1.0 1.0 1.097 0.716 0.806 1.0 1.0 1.096 0.646 0.647 1.0 1.0 1.187 0.69 1.02 1.0 1.0 0.817 0.699 0.789 1.0 1.0 0.728 1.011 0.737 1.0 1.0 0.769 0.698 1.0 1.0 1.0 1.231 0.657 1.0 1.0 1.0 0.776 0.648 1.0 1.0 1.0 0.733 0.638 1.0 1.0 1.0 1.076 1.796 1.0 1.0 1.0 0.704 1.0 1.0 1.0 1.0 0.7 1.0 1.0 1.0 1.0 1.042 1.0 1.0 1.0 1.0 0.814 1.0 1.0 1.0 1.0 0.773 1.0 1.0 1.0 1.0 0.797 1.0 1.0 1.0 1.0 0.966 1.0 1.0 1.0 1.0 0.696 1.0 1.0 1.0 1.0 0.832 1.0 1.0 1.0 1.0 0.806 1.0 1.0 1.0 1.0 1.016 1.0 1.0 1.0 1.0 0.679 1.0 1.0 1.0 1.0 2.122 1.0 1.0 1.0 1.0 1.652 1.0 1.0 1.0 1.0 0.761 1.0 1.0 1.0 1.0 1.0 1.0 1.0 1.0 1.0 1.0 1.0 1.0 1.0 1.0 1.0 1.0 1.0 1.0 1.0 1.0 1.0 1.0 1.0 1.0 1.0 1.0 1.0 1.0 1.0 1.0 1.0 1.0 1.0 1.0 1.0 1.0 1.0 1.0 1.0 1.0 1.0 1.0 1.0 1.0 1.0 1.0 1.0 1.0 1.0 1.0 1.0 1.0 1.0 1.0 1.0 1.0 1.0 1.0 1.0 1.0 1.0 1.0 1.0 1.0 1.0 1.0 1.0 1.0 1.0 1.0 1.0 1.0 1.0 1.0 1.0 1.0 1.0 1.0 1.0 1.0 1.0 1.0 1.0 1.0 1.0 1.0 1.0 1.0 1.0 1.0 1.0 1.0 1.0 1.0 1.0 1.0 1.0 1.0 1.0 1.0 1.0 1.0 1.0 1.0 1.0 1.0 1.0 1.0 1.0 1.0 1.0 1.0 1.0 1.0 1.0 1.0 1.0 1.0 1.0 1.0 1.0 1.0 1.0 1.0 1.0 1.0 1.0 1.0 1.0 1.0 1.0 1.0 1.0 1.0 1.0 1.0 1.0 1.0 1.198 1.03 0.825 1.144 0.838 1.041 1.01 1.227 0.993 0.776 1.313 1.332 0.97 1.223 1.219 1.044 0.951 1.271 1.242 0.892 1.312 1.047 1.265 0.956 0.863 1.151 1.078 0.95 1.265 1.22 1.248 0.977 0.977 0.707 0.664 1.099 0.895 0.989 0.92 1.263 0.951 0.99 1.072 1.29 0.536 0.969 1.065 1.048 0.898 1.124 0.958 1.198 1.258 1.106 1.147 0.849 0.633 1.042 1.116 0.553 0.981 1.243 1.111 0.695 0.721 0.965 1.152 0.688 1.214 0.887 1.363 1.338 0.81 1.313 0.797 0.759 0.93 0.76 1.104 0.803 1.121 0.95 0.858 1.325 0.983 0.621 0.948 0.756 1.259 0.915 0.765 0.582 0.871 0.649 1.019 1.044 0.609 0.765 0.869 1.381 0.726 0.711 1.426 1.207 0.689 0.904 0.893 1.0 0.946 0.964 0.741 0.686 1.0 0.673 0.641 0.806 0.716 1.0 1.275 1.0 0.69 1.416 1.0 1.557 1.0 0.686 0.715 1.0 0.728 1.0 0.691 1.315 1.0 1.071 1.0 0.756 1.004 1.0 0.693 1.0 0.972 0.804 1.0 0.967 1.0 1.084 1.263 1.0 0.805 1.0 0.811 0.807 1.0 0.653 1.0 1.135 0.737 1.0 1.0 1.0 0.746 0.757 1.0 1.0 1.0 0.85 0.743 1.0 1.0 1.0 1.029 0.672 1.0 1.0 1.0 1.044 0.693 1.0 1.0 1.0 0.872 0.704 1.0 1.0 1.0 1.039 1.011 1.0 1.0 1.0 0.976 1.0 1.0 1.0 1.0 0.836 1.0 1.0 1.0 1.0 0.797 1.0 1.0 1.0 1.0 0.76 1.0 1.0 1.0 1.0 0.775 1.0 1.0 1.0 1.0 0.708 1.0 1.0 1.0 1.0 1.082 1.0 1.0 1.0 1.0 1.133 1.0 1.0 1.0 1.0 1.32 1.0 1.0 1.0 1.0 0.976 1.0 1.0 1.0 1.0 0.739 1.0 1.0 1.0 1.0 0.776 1.0 1.0 1.0 1.0 1.683 1.0 1.0 1.0 1.0 0.588 1.0 1.0 1.0 1.0 1.0 1.0 1.0 1.0 1.0 1.0 1.0 1.0 1.0 1.0 1.0 1.0 1.0 1.0 1.0 1.0 1.0 1.0 1.0 1.0 1.0 1.0 1.0 1.0 1.0 1.0 1.0 1.0 1.0 1.0 1.0 1.0 1.0 1.0 1.0 1.0 1.0 1.0 1.0 1.0 1.0 1.0 1.0 1.0 1.0 1.0 1.0 1.0 1.0 1.0 1.0 1.0 1.0 1.0 1.0 1.0 1.0 1.0 1.0 1.0 1.0 1.0 1.0 1.0 1.0 1.0 1.0 1.0 1.0 1.0 1.0 1.0 1.0 1.0 1.0 1.0 1.0 1.0 1.0 1.0 1.0 1.0 1.0 1.0 1.0 1.0 1.0 1.0 1.0 1.0 1.0 1.0 1.0 1.0 1.0 1.0 1.0 1.0 1.0 1.0 1.0 1.0 1.0 1.0 1.0 1.0 1.0 1.0 1.0 1.0 1.0 1.0 1.0 1.0 1.0 1.0 1.0 1.0 1.0 1.0 1.198 0.951 0.825 1.144 1.128 0.834 1.011 1.225 0.889 0.773 1.04 0.934 0.973 0.887 1.001 0.815 0.932 1.282 0.887 1.295 0.923 1.185 0.871 1.237 0.863 1.032 1.055 1.236 0.709 1.311 1.203 1.261 1.216 1.32 0.723 0.602 1.245 1.298 1.321 1.417 1.292 0.965 1.3 1.162 1.32 1.023 0.931 0.721 1.281 1.296 1.285 1.22 0.924 1.244 1.305 1.254 1.305 1.131 1.308 1.393 1.219 1.165 0.839 1.097 1.291 1.317 1.302 1.297 1.313 0.911 1.29 1.32 1.203 1.299 1.305 0.881 1.3 1.196 1.28 0.744 1.374 0.64 1.299 0.846 1.301 1.246 1.29 0.78 1.321 0.827 0.661 1.265 1.27 0.819 1.222 1.153 1.208 1.12 0.753 1.299 1.388 0.734 1.336 1.205 1.304 0.834 1.093 1.181 0.778 0.78 1.3 1.374 1.173 0.859 1.272 1.197 0.899 1.097 1.292 0.833 1.197 0.92 0.87 1.337 0.788 1.047 1.332 0.982 0.886 0.834 1.486 0.887 0.962 1.175 1.422 1.14 0.926 1.06 1.066 1.272 0.758 1.417 0.925 0.641 0.728 0.662 1.0 0.905 0.646 1.0 0.695 1.0 0.828 1.0 1.0 0.737 1.0 0.815 1.0 1.0 0.771 1.0 1.171 1.0 1.0 1.043 1.0 1.194 1.0 1.0 2.085 1.0 1.391 1.0 1.0 0.725 1.0 0.919 1.0 1.0 2.065 1.0 0.773 1.0 1.0 0.752 1.0 0.761 1.0 1.0 0.814 1.0 0.756 1.0 1.0 0.77 1.0 0.751 1.0 1.0 1.0 1.0 0.673 1.0 1.0 1.0 1.0 1.469 1.0 1.0 1.0 1.0 1.307 1.0 1.0 1.0 1.0 1.124 1.0 1.0 1.0 1.0 1.012 1.0 1.0 1.0 1.0 0.992 1.0 1.0 1.0 1.0 0.932 1.0 1.0 1.0 1.0 1.051 1.0 1.0 1.0 1.0 1.286 1.0 1.0 1.0 1.0 1.282 1.0 1.0 1.0 1.0 0.858 1.0 1.0 1.0 1.0 0.762 1.0 1.0 1.0 1.0 0.706 1.0 1.0 1.0 1.0 1.066 1.0 1.0 1.0 1.0 0.928 1.0 1.0 1.0 1.0 0.96 1.0 1.0 1.0 1.0 1.065 1.0 1.0 1.0 1.0 1.07 1.0 1.0 1.0 1.0 0.617 1.0 1.0 1.0 1.0 0.889 1.0 1.0 1.0 1.0 1.068 1.0 1.0 1.0 1.0 1.31 1.0 1.0 1.0 1.0 0.63 1.0 1.0 1.0 1.0 0.684 1.0 1.0 1.0 1.0 0.699 1.0 1.0 1.0 1.0 0.703 1.0 1.0 1.0 1.0 0.983 1.0 1.0 1.0 1.0 0.657 1.0 1.0 1.0 1.0 1.1 1.0 1.0 1.0 1.0 0.741 1.0 1.0 1.0 1.0 1.273 1.0 1.0 1.0 1.0 0.629 1.0 1.0 1.0 1.0 0.805 1.0 1.0 1.0 1.0 0.695 1.0 1.0 1.0 1.0 0.707 1.0 1.0 1.0 1.0 0.702 1.0 1.0 1.03 1.2 0.896 1.136 1.014 1.29 1.009 1.227 0.777 1.176 0.827 0.949 0.986 0.755 1.292 1.034 1.164 1.268 0.822 0.859 0.884 1.065 0.721 0.901 0.954 1.168 1.212 0.841 1.211 0.823 0.977 0.764 0.838 1.336 0.949 0.881 1.16 1.08 1.219 1.293 0.917 1.201 1.319 1.308 0.762 1.304 1.324 1.156 1.233 1.385 1.326 0.771 1.214 0.638 1.141 0.997 1.052 1.281 1.188 1.412 1.294 1.145 0.657 1.513 0.713 0.95 1.205 1.383 1.442 1.016 0.917 1.406 0.966 0.984 1.451 0.969 1.213 0.939 1.536 1.138 1.199 1.363 1.27 0.622 0.915 1.08 1.0 1.477 1.398 1.28 0.801 1.0 0.915 1.286 0.742 0.892 1.0 0.848 0.822 0.748 0.76 1.0 0.79 0.685 1.243 1.186 1.0 0.686 1.073 0.789 1.161 1.0 0.799 1.643 1.072 1.11 1.0 1.003 0.732 1.071 1.041 1.0 0.846 0.736 1.206 0.771 1.0 0.875 0.715 0.689 1.14 1.0 0.887 1.179 0.714 0.992 1.0 0.841 1.01 0.719 1.036 1.0 0.706 1.002 0.923 1.022 1.0 0.799 0.736 0.95 1.105 1.0 0.861 0.974 0.656 0.867 1.0 0.897 1.065 1.0 1.069 1.0 0.69 1.02 1.0 1.006 1.0 0.761 0.933 1.0 0.774 1.0 0.804 0.818 1.0 0.838 1.0 1.0 1.152 1.0 0.803 1.0 1.0 0.893 1.0 0.724 1.0 1.0 0.964 1.0 0.726 1.0 1.0 1.413 1.0 0.895 1.0 1.0 1.373 1.0 0.673 1.0 1.0 0.753 1.0 0.682 1.0 1.0 0.699 1.0 0.655 1.0 1.0 0.679 1.0 0.708 1.0 1.0 0.888 1.0 1.0 1.0 1.0 0.864 1.0 1.0 1.0 1.0 0.856 1.0 1.0 1.0 1.0 0.631 1.0 1.0 1.0 1.0 1.0 1.0 1.0 1.0 1.0 1.0 1.0 1.0 1.0 1.0 1.0 1.0 1.0 1.0 1.0 1.0 1.0 1.0 1.0 1.0 1.0 1.0 1.0 1.0 1.0 1.0 1.0 1.0 1.0 1.0 1.0 1.0 1.0 1.0 1.0 1.0 1.0 1.0 1.0 1.0 1.0 1.0 1.0 1.0 1.0 1.0 1.0 1.0 1.0 1.0 1.0 1.0 1.0 1.0 1.0 1.0 1.0 1.0 1.0 1.0 1.0 1.0 1.0 1.0 1.0 1.0 1.0 1.0 1.0 1.0 1.0 1.0 1.0 1.0 1.0 1.0 1.0 1.0 1.0 1.0 1.0 1.0 1.0 1.0 1.0 1.0 1.0 1.0 1.0 1.0 1.0 1.0 1.0 1.0 1.0 1.0 1.0 1.0 1.0 1.0 1.0 1.0 1.0 1.0 1.0 1.0 1.0 1.0 1.0 1.0 1.0 1.0 1.0 1.0 1.0 1.0 1.0 1.0 1.0 1.0 1.0 1.0 1.0 1.0 1.0 1.0 1.0 1.0 1.0 1.0 1.0 1.0 1.0 1.0 1.0 1.0 1.0 1.0 1.0 1.0 1.0 1.0 0.872 1.03 1.165 0.91 1.014 1.008 1.287 1.217 0.897 1.155 1.015 1.316 0.865 1.036 1.309 0.805 0.929 0.734 0.687 0.875 1.34 1.324 1.294 1.213 1.164 0.802 0.799 0.734 0.519 0.798 0.894 1.003 1.293 0.946 0.805 1.016 0.839 0.896 0.72 1.012 0.775 0.744 0.957 1.319 0.734 1.097 1.051 1.272 0.752 1.196 0.795 1.058 0.984 0.886 1.288 0.709 0.918 0.954 0.745 0.753 1.176 0.701 1.106 1.0 1.2 0.774 1.202 1.061 1.0 1.275 0.972 0.751 1.169 1.0 0.694 0.626 1.053 1.137 1.0 1.155 0.844 0.994 0.972 1.0 1.034 1.081 0.717 0.988 1.0 0.797 0.73 1.074 0.841 1.0 0.709 1.107 1.025 0.841 1.0 0.753 1.111 1.012 1.121 1.0 0.75 1.128 1.075 1.075 1.0 0.736 0.702 1.011 0.808 1.0 0.771 0.86 1.161 0.803 1.0 1.531 0.919 0.658 1.075 1.0 0.979 0.974 1.148 0.808 1.0 0.719 0.688 0.94 1.305 1.0 0.699 0.73 0.656 0.809 1.0 1.0 0.681 0.867 1.066 1.0 1.0 0.836 1.218 1.151 1.0 1.0 1.087 1.073 1.153 1.0 1.0 1.028 0.772 0.73 1.0 1.0 0.701 0.941 0.806 1.0 1.0 0.654 0.926 1.344 1.0 1.0 1.0 0.714 1.356 1.0 1.0 1.0 1.281 1.287 1.0 1.0 1.0 0.71 0.772 1.0 1.0 1.0 0.762 1.119 1.0 1.0 1.0 0.752 0.871 1.0 1.0 1.0 0.744 0.912 1.0 1.0 1.0 0.799 1.032 1.0 1.0 1.0 0.762 0.736 1.0 1.0 1.0 0.749 0.681 1.0 1.0 1.0 1.04 0.703 1.0 1.0 1.0 0.923 0.682 1.0 1.0 1.0 0.689 0.704 1.0 1.0 1.0 1.037 0.67 1.0 1.0 1.0 0.908 0.623 1.0 1.0 1.0 1.01 0.615 1.0 1.0 1.0 0.801 1.0 1.0 1.0 1.0 0.66 1.0 1.0 1.0 1.0 0.679 1.0 1.0 1.0 1.0 0.871 1.0 1.0 1.0 1.0 0.666 1.0 1.0 1.0 1.0 0.681 1.0 1.0 1.0 1.0 0.708 1.0 1.0 1.0 1.0 0.711 1.0 1.0 1.0 1.0 0.703 1.0 1.0 1.0 1.0 0.677 1.0 1.0 1.0 1.0 0.664 1.0 1.0 1.0 1.0 1.0 1.0 1.0 1.0 1.0 1.0 1.0 1.0 1.0 1.0 1.0 1.0 1.0 1.0 1.0 1.0 1.0 1.0 1.0 1.0 1.0 1.0 1.0 1.0 1.0 1.0 1.0 1.0 1.0 1.0 1.0 1.0 1.0 1.0 1.0 1.0 1.0 1.0 1.0 1.0 1.0 1.0 1.0 1.0 1.0 1.0 1.0 1.0 1.0 1.0 1.0 1.0 1.0 1.0 1.0 1.0 1.0 1.0 1.0 1.0 1.0 1.0 1.0 1.0 1.0 1.0 1.0 1.0 1.0 1.0 1.0 1.0 1.0 1.0 1.0 1.0 1.0 1.0 1.0 1.198 1.2 1.004 1.144 0.838 1.035 1.284 1.249 1.215 1.221 1.317 0.953 0.863 1.26 1.226 0.819 0.878 0.983 0.728 0.827 0.983 1.178 1.18 0.92 1.075 0.835 1.179 0.913 1.241 0.794 1.215 0.49 1.088 0.736 1.219 0.934 1.15 0.72 0.987 1.06 1.151 1.28 1.335 1.103 1.149 1.017 1.266 1.332 1.307 0.751 0.763 1.15 1.175 1.17 1.315 1.127 0.649 1.121 0.997 1.24 1.236 1.319 1.339 1.378 1.029 1.236 0.515 1.384 1.095 1.314 1.15 1.495 0.68 0.825 0.783 1.246 1.244 0.686 1.395 0.77 1.087 0.996 1.263 1.293 1.0 1.329 0.635 1.29 1.454 1.0 1.355 1.261 1.23 0.654 1.0 1.001 1.073 1.281 1.361 1.0 1.066 0.687 1.327 0.664 1.0 1.004 1.245 1.055 1.185 1.0 0.878 1.05 0.893 0.998 1.0 1.059 1.436 1.467 0.705 1.0 1.072 1.44 0.824 1.112 1.0 1.274 0.963 0.745 1.018 1.0 1.231 1.46 1.203 1.044 1.0 1.163 0.797 0.768 0.714 1.0 0.96 1.508 1.24 0.872 1.0 1.283 0.57 1.181 0.677 1.0 1.238 0.771 1.205 0.852 1.0 0.698 1.158 0.869 1.015 1.0 0.709 1.268 1.178 0.757 1.0 0.716 1.162 0.759 1.0 1.0 0.732 0.617 0.853 1.0 1.0 0.689 0.682 1.0 1.0 1.0 0.659 0.672 1.0 1.0 1.0 0.634 0.706 1.0 1.0 1.0 1.082 0.706 1.0 1.0 1.0 0.735 0.715 1.0 1.0 1.0 1.191 0.7 1.0 1.0 1.0 1.209 1.0 1.0 1.0 1.0 0.938 1.0 1.0 1.0 1.0 1.499 1.0 1.0 1.0 1.0 0.753 1.0 1.0 1.0 1.0 0.866 1.0 1.0 1.0 1.0 1.165 1.0 1.0 1.0 1.0 0.745 1.0 1.0 1.0 1.0 0.792 1.0 1.0 1.0 1.0 1.0 1.0 1.0 1.0 1.0 1.0 1.0 1.0 1.0 1.0 1.0 1.0 1.0 1.0 1.0 1.0 1.0 1.0 1.0 1.0 1.0 1.0 1.0 1.0 1.0 1.0 1.0 1.0 1.0 1.0 1.0 1.0 1.0 1.0 1.0 1.0 1.0 1.0 1.0 1.0 1.0 1.0 1.0 1.0 1.0 1.0 1.0 1.0 1.0 1.0 1.0 1.0 1.0 1.0 1.0 1.0 1.0 1.0 1.0 1.0 1.0 1.0 1.0 1.0 1.0 1.0 1.0 1.0 1.0 1.0 1.0 1.0 1.0 1.0 1.0 1.0 1.0 1.0 1.0 1.0 1.0 1.0 1.0 1.0 1.0 1.0 1.0 1.0 1.0 1.0 1.0 1.0 1.0 1.0 1.0 1.0 1.0 1.0 1.0 1.0 1.0 1.0 1.0 1.0 1.0 1.0 1.0 1.0 1.0 1.0 1.0 1.0 1.0 1.0 1.0 1.0 1.0 1.0 1.0 1.0 1.0 1.0 1.0 1.0 1.0 1.0 1.0 1.0 1.0 1.0 1.0 1.0 1.0 1.0 1.0 0.872 0.951 1.165 1.144 0.838 1.28 1.017 1.223 0.78 1.231 0.883 0.76 0.977 1.192 1.224 0.941 0.751 1.258 0.761 0.99 1.009 1.317 1.256 0.935 0.878 1.014 0.953 0.717 1.052 1.161 1.016 0.869 1.262 1.082 0.944 1.167 0.902 0.707 1.199 1.228 0.815 1.022 0.911 1.349 1.092 0.69 0.807 0.967 1.264 1.208 1.358 1.053 1.0 1.311 1.066 1.068 0.944 0.906 1.276 0.574 0.608 1.161 0.947 1.397 1.211 1.337 0.832 0.842 0.85 1.423 0.777 1.301 0.977 0.936 0.627 1.319 1.338 0.959 1.0 1.249 0.814 1.273 1.307 1.0 1.265 0.833 1.16 0.817 1.0 1.296 1.132 1.192 1.164 1.0 1.469 0.856 0.859 0.946 1.0 0.725 1.077 0.616 1.289 1.0 0.842 1.006 0.633 1.086 1.0 0.94 1.152 0.877 0.695 1.0 0.931 1.351 0.856 1.136 1.0 1.808 0.946 0.856 1.014 1.0 1.074 0.9 1.197 1.179 1.0 0.737 1.371 0.86 1.028 1.0 1.888 0.859 0.907 1.181 1.0 0.977 1.08 1.098 0.83 1.0 0.681 0.862 1.005 0.749 1.0 0.89 1.125 0.825 0.765 1.0 0.799 0.988 1.391 0.937 1.0 0.659 1.0 1.149 1.25 1.0 0.865 1.0 1.23 0.822 1.0 0.696 1.0 0.787 0.839 1.0 0.692 1.0 0.91 0.73 1.0 0.745 1.0 0.849 0.796 1.0 0.73 1.0 0.817 0.699 1.0 0.739 1.0 0.738 1.473 1.0 2.363 1.0 1.0 0.7 1.0 0.653 1.0 1.0 0.715 1.0 0.679 1.0 1.0 1.075 1.0 1.0 1.0 1.0 0.664 1.0 1.0 1.0 1.0 0.825 1.0 1.0 1.0 1.0 2.002 1.0 1.0 1.0 1.0 1.0 1.0 1.0 1.0 1.0 1.0 1.0 1.0 1.0 1.0 1.0 1.0 1.0 1.0 1.0 1.0 1.0 1.0 1.0 1.0 1.0 1.0 1.0 1.0 1.0 1.0 1.0 1.0 1.0 1.0 1.0 1.0 1.0 1.0 1.0 1.0 1.0 1.0 1.0 1.0 1.0 1.0 1.0 1.0 1.0 1.0 1.0 1.0 1.0 1.0 1.0 1.0 1.0 1.0 1.0 1.0 1.0 1.0 1.0 1.0 1.0 1.0 1.0 1.0 1.0 1.0 1.0 1.0 1.0 1.0 1.0 1.0 1.0 1.0 1.0 1.0 1.0 1.0 1.0 1.0 1.0 1.0 1.0 1.0 1.0 1.0 1.0 1.0 1.0 1.0 1.0 1.0 1.0 1.0 1.0 1.0 1.0 1.0 1.0 1.0 1.0 1.0 1.0 1.0 1.0 1.0 1.0 1.0 1.0 1.0 1.0 1.0 1.0 1.0 1.0 1.0 1.0 1.0 1.0 1.0 1.0 1.0 1.0 1.0 1.0 1.0 1.0 1.0 1.0 1.0 1.0 1.0 1.0 1.0 1.0 1.0 1.0 1.0 1.0 1.0 1.0 1.0 1.0 1.0 1.0 1.0 1.0 1.0 1.0 1.0 1.0 1.0 1.0,2.3628213,1.3628213,0.48238862,0.3,0.651701807975769,0.0003,5,5.2549076
68,0.23018556833267212,0.9938459,1.003 1.029 0.894 1.007 0.89 1.028 1.272 1.231 0.779 0.777 1.005 1.301 0.974 1.227 0.945 1.317 0.734 0.703 0.961 0.785 0.925 1.078 0.945 1.26 1.049 0.918 0.725 1.289 0.986 1.047 1.005 0.727 1.029 0.8 1.115 0.931 0.948 1.278 1.248 1.156 1.075 1.081 0.9 0.584 0.684 0.869 0.722 1.123 1.237 1.08 1.219 0.72 1.143 1.254 0.843 0.964 0.928 1.15 1.209 1.136 0.898 1.006 0.784 1.251 1.0 1.185 1.113 0.701 0.657 1.0 1.135 1.104 1.11 1.22 1.0 1.341 1.472 1.044 1.135 1.0 1.279 0.954 1.383 0.995 1.0 1.18 0.919 1.095 0.655 1.0 1.031 0.678 1.002 1.097 1.0 0.976 0.9 0.804 0.728 1.0 1.316 0.676 0.736 1.167 1.0 0.909 0.924 1.0 0.725 1.0 0.743 0.807 1.0 0.789 1.0 0.727 1.115 1.0 0.816 1.0 0.733 1.056 1.0 0.844 1.0 1.001 1.069 1.0 0.692 1.0 0.734 1.115 1.0 0.672 1.0 0.952 0.761 1.0 1.175 1.0 1.184 1.033 1.0 1.036 1.0 0.695 0.671 1.0 0.904 1.0 0.702 0.985 1.0 0.758 1.0 1.072 0.969 1.0 1.089 1.0 1.754 0.868 1.0 0.869 1.0 1.0 0.936 1.0 1.03 1.0 1.0 0.926 1.0 0.795 1.0 1.0 0.936 1.0 0.987 1.0 1.0 0.655 1.0 0.825 1.0 1.0 0.709 1.0 0.734 1.0 1.0 0.816 1.0 1.0 1.0 1.0 2.164 1.0 1.0 1.0 1.0 0.747 1.0 1.0 1.0 1.0 0.689 1.0 1.0 1.0 1.0 0.687 1.0 1.0 1.0 1.0 0.69 1.0 1.0 1.0 1.0 0.667 1.0 1.0 1.0 1.0 0.807 1.0 1.0 1.0 1.0 1.0 1.0 1.0 1.0 1.0 1.0 1.0 1.0 1.0 1.0 1.0 1.0 1.0 1.0 1.0 1.0 1.0 1.0 1.0 1.0 1.0 1.0 1.0 1.0 1.0 1.0 1.0 1.0 1.0 1.0 1.0 1.0 1.0 1.0 1.0 1.0 1.0 1.0 1.0 1.0 1.0 1.0 1.0 1.0 1.0 1.0 1.0 1.0 1.0 1.0 1.0 1.0 1.0 1.0 1.0 1.0 1.0 1.0 1.0 1.0 1.0 1.0 1.0 1.0 1.0 1.0 1.0 1.0 1.0 1.0 1.0 1.0 1.0 1.0 1.0 1.0 1.0 1.0 1.0 1.0 1.0 1.0 1.0 1.0 1.0 1.0 1.0 1.0 1.0 1.0 1.0 1.0 1.0 1.0 1.0 1.0 1.0 1.0 1.0 1.0 1.0 1.0 1.0 1.0 1.0 1.0 1.0 1.0 1.0 1.0 1.0 1.0 1.0 1.0 1.0 1.0 1.0 1.0 1.0 1.0 1.0 1.0 1.0 1.0 1.0 1.0 1.0 1.0 1.0 1.0 1.0 1.0 1.0 1.0 1.0 1.0 1.0 1.0 1.0 1.0 1.0 1.0 1.0 1.0 1.0 1.0 1.0 1.0 1.0 0.916 1.022 1.155 1.007 0.89 1.275 1.023 0.978 0.791 0.861 0.895 1.007 0.881 0.773 1.152 1.009 0.761 0.955 0.767 1.021 0.931 0.959 0.878 0.885 0.73 1.178 0.891 1.195 1.046 0.621 0.772 1.354 0.902 1.186 0.727 1.182 1.2 1.03 1.329 0.77 0.79 0.778 1.219 0.48 1.165 0.796 0.915 1.184 0.677 1.187 0.808 0.784 0.71 0.769 0.69 1.213 0.795 0.674 1.304 0.69 0.906 1.058 1.118 0.538 1.06 0.945 1.086 1.081 0.706 1.073 0.845 0.963 1.016 1.21 0.675 1.103 1.104 1.023 0.58 1.112 0.887 1.061 0.71 0.607 0.705 1.0 1.119 1.202 0.852 0.782 1.0 0.933 0.709 0.696 1.093 1.0 0.941 1.468 0.896 0.789 1.0 0.74 0.621 0.705 0.742 1.0 0.763 0.707 0.827 1.0 1.0 1.185 0.792 0.806 1.0 1.0 0.777 0.784 0.79 1.0 1.0 1.088 0.716 0.805 1.0 1.0 1.099 0.645 0.647 1.0 1.0 1.178 0.689 1.012 1.0 1.0 0.812 0.698 0.79 1.0 1.0 0.721 1.003 0.734 1.0 1.0 0.762 0.689 1.0 1.0 1.0 1.226 0.659 1.0 1.0 1.0 0.778 0.647 1.0 1.0 1.0 0.736 0.64 1.0 1.0 1.0 1.08 1.792 1.0 1.0 1.0 0.707 1.0 1.0 1.0 1.0 0.703 1.0 1.0 1.0 1.0 1.045 1.0 1.0 1.0 1.0 0.811 1.0 1.0 1.0 1.0 0.767 1.0 1.0 1.0 1.0 0.795 1.0 1.0 1.0 1.0 0.971 1.0 1.0 1.0 1.0 0.694 1.0 1.0 1.0 1.0 0.833 1.0 1.0 1.0 1.0 0.808 1.0 1.0 1.0 1.0 1.009 1.0 1.0 1.0 1.0 0.681 1.0 1.0 1.0 1.0 2.127 1.0 1.0 1.0 1.0 1.648 1.0 1.0 1.0 1.0 0.76 1.0 1.0 1.0 1.0 1.0 1.0 1.0 1.0 1.0 1.0 1.0 1.0 1.0 1.0 1.0 1.0 1.0 1.0 1.0 1.0 1.0 1.0 1.0 1.0 1.0 1.0 1.0 1.0 1.0 1.0 1.0 1.0 1.0 1.0 1.0 1.0 1.0 1.0 1.0 1.0 1.0 1.0 1.0 1.0 1.0 1.0 1.0 1.0 1.0 1.0 1.0 1.0 1.0 1.0 1.0 1.0 1.0 1.0 1.0 1.0 1.0 1.0 1.0 1.0 1.0 1.0 1.0 1.0 1.0 1.0 1.0 1.0 1.0 1.0 1.0 1.0 1.0 1.0 1.0 1.0 1.0 1.0 1.0 1.0 1.0 1.0 1.0 1.0 1.0 1.0 1.0 1.0 1.0 1.0 1.0 1.0 1.0 1.0 1.0 1.0 1.0 1.0 1.0 1.0 1.0 1.0 1.0 1.0 1.0 1.0 1.0 1.0 1.0 1.0 1.0 1.0 1.0 1.0 1.0 1.0 1.0 1.0 1.0 1.0 1.0 1.0 1.0 1.0 1.0 1.0 1.0 1.0 1.0 1.0 1.0 1.0 1.0 1.0 1.197 1.029 0.825 1.146 0.838 1.047 1.016 1.231 0.997 0.776 1.31 1.329 0.974 1.226 1.213 1.052 0.947 1.265 1.245 0.895 1.311 1.042 1.259 0.961 0.864 1.161 1.088 0.954 1.267 1.214 1.248 0.984 0.975 0.708 0.664 1.108 0.895 0.989 0.925 1.257 0.944 0.989 1.072 1.289 0.535 0.965 1.057 1.048 0.9 1.125 0.962 1.203 1.263 1.108 1.149 0.853 0.634 1.041 1.12 0.552 0.984 1.243 1.107 0.695 0.724 0.956 1.152 0.69 1.216 0.887 1.371 1.344 0.81 1.309 0.801 0.748 0.919 0.761 1.104 0.806 1.118 0.939 0.859 1.322 0.976 0.62 0.947 0.749 1.26 0.913 0.767 0.582 0.872 0.65 1.015 1.041 0.61 0.766 0.871 1.38 0.726 0.713 1.422 1.209 0.69 0.893 0.893 1.0 0.948 0.967 0.742 0.688 1.0 0.672 0.642 0.795 0.719 1.0 1.28 1.0 0.691 1.419 1.0 1.554 1.0 0.686 0.718 1.0 0.728 1.0 0.693 1.307 1.0 1.074 1.0 0.758 1.0 1.0 0.692 1.0 0.978 0.805 1.0 0.959 1.0 1.083 1.266 1.0 0.805 1.0 0.802 0.808 1.0 0.654 1.0 1.142 0.74 1.0 1.0 1.0 0.744 0.757 1.0 1.0 1.0 0.84 0.744 1.0 1.0 1.0 1.025 0.67 1.0 1.0 1.0 1.051 0.695 1.0 1.0 1.0 0.871 0.702 1.0 1.0 1.0 1.041 1.01 1.0 1.0 1.0 0.975 1.0 1.0 1.0 1.0 0.827 1.0 1.0 1.0 1.0 0.796 1.0 1.0 1.0 1.0 0.759 1.0 1.0 1.0 1.0 0.778 1.0 1.0 1.0 1.0 0.707 1.0 1.0 1.0 1.0 1.064 1.0 1.0 1.0 1.0 1.117 1.0 1.0 1.0 1.0 1.303 1.0 1.0 1.0 1.0 0.972 1.0 1.0 1.0 1.0 0.737 1.0 1.0 1.0 1.0 0.779 1.0 1.0 1.0 1.0 1.673 1.0 1.0 1.0 1.0 0.592 1.0 1.0 1.0 1.0 1.0 1.0 1.0 1.0 1.0 1.0 1.0 1.0 1.0 1.0 1.0 1.0 1.0 1.0 1.0 1.0 1.0 1.0 1.0 1.0 1.0 1.0 1.0 1.0 1.0 1.0 1.0 1.0 1.0 1.0 1.0 1.0 1.0 1.0 1.0 1.0 1.0 1.0 1.0 1.0 1.0 1.0 1.0 1.0 1.0 1.0 1.0 1.0 1.0 1.0 1.0 1.0 1.0 1.0 1.0 1.0 1.0 1.0 1.0 1.0 1.0 1.0 1.0 1.0 1.0 1.0 1.0 1.0 1.0 1.0 1.0 1.0 1.0 1.0 1.0 1.0 1.0 1.0 1.0 1.0 1.0 1.0 1.0 1.0 1.0 1.0 1.0 1.0 1.0 1.0 1.0 1.0 1.0 1.0 1.0 1.0 1.0 1.0 1.0 1.0 1.0 1.0 1.0 1.0 1.0 1.0 1.0 1.0 1.0 1.0 1.0 1.0 1.0 1.0 1.0 1.0 1.0 1.0 1.0 1.0 1.197 0.949 0.825 1.146 1.13 0.836 1.018 1.221 0.887 0.774 1.048 0.93 0.977 0.885 1.006 0.816 0.928 1.286 0.889 1.289 0.925 1.186 0.867 1.242 0.861 1.029 1.046 1.236 0.708 1.317 1.208 1.266 1.216 1.311 0.723 0.601 1.248 1.299 1.312 1.422 1.296 0.975 1.302 1.166 1.314 1.034 0.941 0.721 1.285 1.3 1.284 1.216 0.924 1.248 1.303 1.252 1.307 1.136 1.307 1.393 1.216 1.164 0.839 1.099 1.295 1.316 1.301 1.292 1.313 0.912 1.29 1.318 1.209 1.297 1.303 0.882 1.3 1.2 1.278 0.744 1.374 0.641 1.301 0.847 1.305 1.243 1.287 0.779 1.319 0.83 0.663 1.266 1.268 0.821 1.223 1.156 1.207 1.123 0.755 1.298 1.389 0.736 1.333 1.206 1.303 0.833 1.096 1.177 0.781 0.781 1.297 1.374 1.177 0.86 1.275 1.196 0.905 1.104 1.287 0.836 1.196 0.926 0.863 1.332 0.791 1.048 1.326 0.983 0.887 0.836 1.483 0.89 0.962 1.173 1.42 1.141 0.932 1.065 1.072 1.268 0.757 1.41 0.922 0.644 0.728 0.66 1.0 0.903 0.645 1.0 0.694 1.0 0.827 1.0 1.0 0.736 1.0 0.818 1.0 1.0 0.77 1.0 1.176 1.0 1.0 1.036 1.0 1.198 1.0 1.0 2.082 1.0 1.385 1.0 1.0 0.725 1.0 0.918 1.0 1.0 2.058 1.0 0.776 1.0 1.0 0.755 1.0 0.764 1.0 1.0 0.819 1.0 0.759 1.0 1.0 0.767 1.0 0.754 1.0 1.0 1.0 1.0 0.672 1.0 1.0 1.0 1.0 1.463 1.0 1.0 1.0 1.0 1.3 1.0 1.0 1.0 1.0 1.119 1.0 1.0 1.0 1.0 1.014 1.0 1.0 1.0 1.0 0.994 1.0 1.0 1.0 1.0 0.932 1.0 1.0 1.0 1.0 1.045 1.0 1.0 1.0 1.0 1.29 1.0 1.0 1.0 1.0 1.284 1.0 1.0 1.0 1.0 0.854 1.0 1.0 1.0 1.0 0.765 1.0 1.0 1.0 1.0 0.706 1.0 1.0 1.0 1.0 1.061 1.0 1.0 1.0 1.0 0.928 1.0 1.0 1.0 1.0 0.961 1.0 1.0 1.0 1.0 1.06 1.0 1.0 1.0 1.0 1.064 1.0 1.0 1.0 1.0 0.619 1.0 1.0 1.0 1.0 0.889 1.0 1.0 1.0 1.0 1.062 1.0 1.0 1.0 1.0 1.315 1.0 1.0 1.0 1.0 0.63 1.0 1.0 1.0 1.0 0.684 1.0 1.0 1.0 1.0 0.7 1.0 1.0 1.0 1.0 0.703 1.0 1.0 1.0 1.0 0.985 1.0 1.0 1.0 1.0 0.658 1.0 1.0 1.0 1.0 1.095 1.0 1.0 1.0 1.0 0.744 1.0 1.0 1.0 1.0 1.274 1.0 1.0 1.0 1.0 0.632 1.0 1.0 1.0 1.0 0.805 1.0 1.0 1.0 1.0 0.697 1.0 1.0 1.0 1.0 0.703 1.0 1.0 1.0 1.0 0.705 1.0 1.0 1.034 1.199 0.894 1.133 1.016 1.287 1.016 1.222 0.778 1.178 0.829 0.946 0.99 0.756 1.287 1.042 1.166 1.271 0.824 0.856 0.884 1.065 0.722 0.903 0.953 1.172 1.216 0.842 1.215 0.822 0.975 0.765 0.839 1.329 0.951 0.884 1.161 1.081 1.224 1.288 0.921 1.203 1.316 1.312 0.766 1.304 1.327 1.161 1.228 1.381 1.325 0.774 1.218 0.637 1.138 0.987 1.054 1.279 1.183 1.409 1.296 1.142 0.656 1.521 0.715 0.956 1.206 1.381 1.44 1.016 0.918 1.412 0.97 0.985 1.45 0.972 1.213 0.942 1.541 1.135 1.196 1.368 1.273 0.621 0.914 1.083 1.0 1.479 1.402 1.279 0.799 1.0 0.916 1.291 0.742 0.887 1.0 0.848 0.824 0.748 0.759 1.0 0.79 0.684 1.245 1.19 1.0 0.685 1.078 0.789 1.167 1.0 0.798 1.642 1.073 1.111 1.0 1.001 0.731 1.069 1.048 1.0 0.846 0.735 1.207 0.771 1.0 0.877 0.714 0.688 1.133 1.0 0.888 1.173 0.712 0.995 1.0 0.831 1.006 0.717 1.039 1.0 0.705 0.998 0.922 1.026 1.0 0.796 0.735 0.946 1.103 1.0 0.857 0.972 0.655 0.865 1.0 0.892 1.072 1.0 1.066 1.0 0.69 1.026 1.0 1.011 1.0 0.761 0.938 1.0 0.775 1.0 0.803 0.818 1.0 0.839 1.0 1.0 1.149 1.0 0.803 1.0 1.0 0.9 1.0 0.724 1.0 1.0 0.966 1.0 0.728 1.0 1.0 1.403 1.0 0.888 1.0 1.0 1.364 1.0 0.675 1.0 1.0 0.753 1.0 0.682 1.0 1.0 0.705 1.0 0.657 1.0 1.0 0.685 1.0 0.707 1.0 1.0 0.882 1.0 1.0 1.0 1.0 0.857 1.0 1.0 1.0 1.0 0.849 1.0 1.0 1.0 1.0 0.636 1.0 1.0 1.0 1.0 1.0 1.0 1.0 1.0 1.0 1.0 1.0 1.0 1.0 1.0 1.0 1.0 1.0 1.0 1.0 1.0 1.0 1.0 1.0 1.0 1.0 1.0 1.0 1.0 1.0 1.0 1.0 1.0 1.0 1.0 1.0 1.0 1.0 1.0 1.0 1.0 1.0 1.0 1.0 1.0 1.0 1.0 1.0 1.0 1.0 1.0 1.0 1.0 1.0 1.0 1.0 1.0 1.0 1.0 1.0 1.0 1.0 1.0 1.0 1.0 1.0 1.0 1.0 1.0 1.0 1.0 1.0 1.0 1.0 1.0 1.0 1.0 1.0 1.0 1.0 1.0 1.0 1.0 1.0 1.0 1.0 1.0 1.0 1.0 1.0 1.0 1.0 1.0 1.0 1.0 1.0 1.0 1.0 1.0 1.0 1.0 1.0 1.0 1.0 1.0 1.0 1.0 1.0 1.0 1.0 1.0 1.0 1.0 1.0 1.0 1.0 1.0 1.0 1.0 1.0 1.0 1.0 1.0 1.0 1.0 1.0 1.0 1.0 1.0 1.0 1.0 1.0 1.0 1.0 1.0 1.0 1.0 1.0 1.0 1.0 1.0 1.0 1.0 1.0 1.0 1.0 1.0 0.872 1.029 1.162 0.908 1.016 1.006 1.285 1.22 0.894 1.156 1.023 1.314 0.862 1.035 1.306 0.806 0.925 0.735 0.686 0.872 1.337 1.32 1.297 1.217 1.163 0.804 0.8 0.736 0.516 0.798 0.9 0.997 1.296 0.94 0.807 1.013 0.84 0.9 0.724 1.012 0.778 0.747 0.955 1.319 0.735 1.096 1.043 1.267 0.756 1.201 0.794 1.052 0.982 0.887 1.293 0.712 0.925 0.957 0.749 0.752 1.175 0.701 1.111 1.0 1.19 0.776 1.196 1.064 1.0 1.278 0.971 0.751 1.168 1.0 0.696 0.625 1.051 1.136 1.0 1.157 0.846 1.002 0.974 1.0 1.036 1.076 0.714 0.986 1.0 0.798 0.732 1.074 0.843 1.0 0.708 1.106 1.024 0.839 1.0 0.753 1.107 1.012 1.127 1.0 0.751 1.128 1.076 1.077 1.0 0.737 0.701 1.018 0.806 1.0 0.77 0.861 1.16 0.801 1.0 1.532 0.922 0.655 1.077 1.0 0.974 0.975 1.147 0.806 1.0 0.72 0.686 0.938 1.298 1.0 0.703 0.73 0.652 0.807 1.0 1.0 0.678 0.864 1.067 1.0 1.0 0.834 1.228 1.157 1.0 1.0 1.081 1.07 1.159 1.0 1.0 1.03 0.77 0.731 1.0 1.0 0.696 0.94 0.805 1.0 1.0 0.655 0.924 1.337 1.0 1.0 1.0 0.714 1.349 1.0 1.0 1.0 1.274 1.281 1.0 1.0 1.0 0.71 0.772 1.0 1.0 1.0 0.76 1.121 1.0 1.0 1.0 0.75 0.872 1.0 1.0 1.0 0.743 0.911 1.0 1.0 1.0 0.798 1.032 1.0 1.0 1.0 0.759 0.736 1.0 1.0 1.0 0.745 0.681 1.0 1.0 1.0 1.038 0.704 1.0 1.0 1.0 0.92 0.683 1.0 1.0 1.0 0.687 0.702 1.0 1.0 1.0 1.041 0.671 1.0 1.0 1.0 0.909 0.62 1.0 1.0 1.0 1.011 0.617 1.0 1.0 1.0 0.793 1.0 1.0 1.0 1.0 0.657 1.0 1.0 1.0 1.0 0.678 1.0 1.0 1.0 1.0 0.861 1.0 1.0 1.0 1.0 0.665 1.0 1.0 1.0 1.0 0.68 1.0 1.0 1.0 1.0 0.707 1.0 1.0 1.0 1.0 0.714 1.0 1.0 1.0 1.0 0.707 1.0 1.0 1.0 1.0 0.681 1.0 1.0 1.0 1.0 0.668 1.0 1.0 1.0 1.0 1.0 1.0 1.0 1.0 1.0 1.0 1.0 1.0 1.0 1.0 1.0 1.0 1.0 1.0 1.0 1.0 1.0 1.0 1.0 1.0 1.0 1.0 1.0 1.0 1.0 1.0 1.0 1.0 1.0 1.0 1.0 1.0 1.0 1.0 1.0 1.0 1.0 1.0 1.0 1.0 1.0 1.0 1.0 1.0 1.0 1.0 1.0 1.0 1.0 1.0 1.0 1.0 1.0 1.0 1.0 1.0 1.0 1.0 1.0 1.0 1.0 1.0 1.0 1.0 1.0 1.0 1.0 1.0 1.0 1.0 1.0 1.0 1.0 1.0 1.0 1.0 1.0 1.0 1.0 1.197 1.199 1.006 1.146 0.838 1.042 1.281 1.245 1.218 1.217 1.314 0.95 0.86 1.263 1.22 0.82 0.878 0.987 0.729 0.829 0.979 1.181 1.181 0.925 1.077 0.836 1.171 0.915 1.235 0.794 1.217 0.489 1.089 0.738 1.224 0.939 1.151 0.72 0.986 1.062 1.153 1.273 1.339 1.108 1.148 1.008 1.269 1.337 1.299 0.756 0.765 1.151 1.18 1.173 1.312 1.118 0.65 1.124 0.995 1.237 1.24 1.316 1.343 1.371 1.027 1.241 0.512 1.388 1.098 1.313 1.141 1.497 0.68 0.828 0.789 1.248 1.241 0.686 1.398 0.775 1.08 0.997 1.262 1.294 1.0 1.333 0.635 1.289 1.457 1.0 1.361 1.263 1.233 0.654 1.0 0.992 1.082 1.285 1.363 1.0 1.069 0.684 1.332 0.663 1.0 1.009 1.246 1.058 1.187 1.0 0.871 1.057 0.897 0.993 1.0 1.063 1.44 1.465 0.705 1.0 1.076 1.443 0.828 1.112 1.0 1.276 0.965 0.745 1.014 1.0 1.233 1.463 1.199 1.045 1.0 1.164 0.8 0.768 0.716 1.0 0.963 1.513 1.234 0.872 1.0 1.278 0.569 1.175 0.676 1.0 1.231 0.773 1.199 0.852 1.0 0.7 1.159 0.863 1.014 1.0 0.711 1.267 1.17 0.758 1.0 0.717 1.15 0.759 1.0 1.0 0.733 0.616 0.856 1.0 1.0 0.687 0.683 1.0 1.0 1.0 0.657 0.671 1.0 1.0 1.0 0.632 0.706 1.0 1.0 1.0 1.084 0.706 1.0 1.0 1.0 0.732 0.713 1.0 1.0 1.0 1.195 0.701 1.0 1.0 1.0 1.213 1.0 1.0 1.0 1.0 0.939 1.0 1.0 1.0 1.0 1.483 1.0 1.0 1.0 1.0 0.752 1.0 1.0 1.0 1.0 0.87 1.0 1.0 1.0 1.0 1.16 1.0 1.0 1.0 1.0 0.748 1.0 1.0 1.0 1.0 0.794 1.0 1.0 1.0 1.0 1.0 1.0 1.0 1.0 1.0 1.0 1.0 1.0 1.0 1.0 1.0 1.0 1.0 1.0 1.0 1.0 1.0 1.0 1.0 1.0 1.0 1.0 1.0 1.0 1.0 1.0 1.0 1.0 1.0 1.0 1.0 1.0 1.0 1.0 1.0 1.0 1.0 1.0 1.0 1.0 1.0 1.0 1.0 1.0 1.0 1.0 1.0 1.0 1.0 1.0 1.0 1.0 1.0 1.0 1.0 1.0 1.0 1.0 1.0 1.0 1.0 1.0 1.0 1.0 1.0 1.0 1.0 1.0 1.0 1.0 1.0 1.0 1.0 1.0 1.0 1.0 1.0 1.0 1.0 1.0 1.0 1.0 1.0 1.0 1.0 1.0 1.0 1.0 1.0 1.0 1.0 1.0 1.0 1.0 1.0 1.0 1.0 1.0 1.0 1.0 1.0 1.0 1.0 1.0 1.0 1.0 1.0 1.0 1.0 1.0 1.0 1.0 1.0 1.0 1.0 1.0 1.0 1.0 1.0 1.0 1.0 1.0 1.0 1.0 1.0 1.0 1.0 1.0 1.0 1.0 1.0 1.0 1.0 1.0 1.0 0.872 0.949 1.162 1.146 0.838 1.278 1.024 1.227 0.781 1.227 0.879 0.76 0.981 1.186 1.227 0.941 0.752 1.261 0.763 0.995 1.0 1.316 1.259 0.932 0.88 1.007 0.946 0.718 1.053 1.156 1.009 0.874 1.265 1.082 0.944 1.167 0.903 0.708 1.203 1.222 0.817 1.024 0.908 1.348 1.094 0.691 0.809 0.972 1.271 1.212 1.362 1.044 1.006 1.311 1.068 1.06 0.946 0.903 1.285 0.572 0.608 1.161 0.945 1.403 1.215 1.34 0.836 0.844 0.851 1.42 0.78 1.303 0.98 0.938 0.627 1.322 1.341 0.959 1.0 1.247 0.818 1.275 1.312 1.0 1.268 0.836 1.161 0.818 1.0 1.293 1.134 1.192 1.162 1.0 1.47 0.86 0.863 0.948 1.0 0.725 1.078 0.615 1.295 1.0 0.842 1.006 0.632 1.091 1.0 0.934 1.154 0.875 0.694 1.0 0.924 1.353 0.859 1.129 1.0 1.816 0.95 0.859 1.011 1.0 1.073 0.899 1.2 1.172 1.0 0.738 1.374 0.862 1.034 1.0 1.895 0.859 0.911 1.174 1.0 0.975 1.082 1.099 0.83 1.0 0.68 0.865 0.993 0.748 1.0 0.882 1.112 0.824 0.763 1.0 0.798 0.99 1.394 0.931 1.0 0.659 1.0 1.135 1.241 1.0 0.856 1.0 1.216 0.822 1.0 0.696 1.0 0.786 0.844 1.0 0.692 1.0 0.911 0.726 1.0 0.744 1.0 0.851 0.795 1.0 0.731 1.0 0.818 0.701 1.0 0.737 1.0 0.735 1.465 1.0 2.368 1.0 1.0 0.702 1.0 0.652 1.0 1.0 0.712 1.0 0.677 1.0 1.0 1.072 1.0 1.0 1.0 1.0 0.671 1.0 1.0 1.0 1.0 0.819 1.0 1.0 1.0 1.0 1.997 1.0 1.0 1.0 1.0 1.0 1.0 1.0 1.0 1.0 1.0 1.0 1.0 1.0 1.0 1.0 1.0 1.0 1.0 1.0 1.0 1.0 1.0 1.0 1.0 1.0 1.0 1.0 1.0 1.0 1.0 1.0 1.0 1.0 1.0 1.0 1.0 1.0 1.0 1.0 1.0 1.0 1.0 1.0 1.0 1.0 1.0 1.0 1.0 1.0 1.0 1.0 1.0 1.0 1.0 1.0 1.0 1.0 1.0 1.0 1.0 1.0 1.0 1.0 1.0 1.0 1.0 1.0 1.0 1.0 1.0 1.0 1.0 1.0 1.0 1.0 1.0 1.0 1.0 1.0 1.0 1.0 1.0 1.0 1.0 1.0 1.0 1.0 1.0 1.0 1.0 1.0 1.0 1.0 1.0 1.0 1.0 1.0 1.0 1.0 1.0 1.0 1.0 1.0 1.0 1.0 1.0 1.0 1.0 1.0 1.0 1.0 1.0 1.0 1.0 1.0 1.0 1.0 1.0 1.0 1.0 1.0 1.0 1.0 1.0 1.0 1.0 1.0 1.0 1.0 1.0 1.0 1.0 1.0 1.0 1.0 1.0 1.0 1.0 1.0 1.0 1.0 1.0 1.0 1.0 1.0 1.0 1.0 1.0 1.0 1.0 1.0 1.0 1.0 1.0 1.0 1.0 1.0,2.3675618,1.3675618,0.48023322,0.3,0.6559111475944519,0.0003,5,5.2518673
69,0.23060020804405212,0.9937826,1.002 1.027 0.892 1.01 0.888 1.035 1.271 1.234 0.78 0.778 1.002 1.3 0.978 1.229 0.943 1.316 0.733 0.703 0.965 0.784 0.92 1.075 0.949 1.256 1.05 0.913 0.724 1.289 0.984 1.042 0.999 0.727 1.027 0.802 1.111 0.931 0.956 1.274 1.252 1.157 1.074 1.078 0.899 0.583 0.684 0.87 0.722 1.125 1.231 1.086 1.221 0.72 1.146 1.248 0.849 0.97 0.923 1.153 1.213 1.134 0.903 1.014 0.787 1.256 1.0 1.187 1.109 0.703 0.656 1.0 1.137 1.1 1.108 1.223 1.0 1.344 1.471 1.041 1.13 1.0 1.272 0.959 1.38 0.996 1.0 1.173 0.923 1.092 0.655 1.0 1.025 0.678 1.0 1.093 1.0 0.976 0.903 0.805 0.726 1.0 1.318 0.676 0.739 1.168 1.0 0.909 0.92 1.0 0.724 1.0 0.746 0.808 1.0 0.789 1.0 0.73 1.116 1.0 0.816 1.0 0.735 1.061 1.0 0.845 1.0 0.998 1.073 1.0 0.691 1.0 0.737 1.111 1.0 0.671 1.0 0.949 0.754 1.0 1.176 1.0 1.186 1.037 1.0 1.031 1.0 0.696 0.671 1.0 0.906 1.0 0.704 0.976 1.0 0.757 1.0 1.073 0.967 1.0 1.09 1.0 1.746 0.861 1.0 0.871 1.0 1.0 0.938 1.0 1.03 1.0 1.0 0.924 1.0 0.793 1.0 1.0 0.939 1.0 0.98 1.0 1.0 0.651 1.0 0.822 1.0 1.0 0.709 1.0 0.734 1.0 1.0 0.809 1.0 1.0 1.0 1.0 2.164 1.0 1.0 1.0 1.0 0.747 1.0 1.0 1.0 1.0 0.691 1.0 1.0 1.0 1.0 0.689 1.0 1.0 1.0 1.0 0.692 1.0 1.0 1.0 1.0 0.669 1.0 1.0 1.0 1.0 0.805 1.0 1.0 1.0 1.0 1.0 1.0 1.0 1.0 1.0 1.0 1.0 1.0 1.0 1.0 1.0 1.0 1.0 1.0 1.0 1.0 1.0 1.0 1.0 1.0 1.0 1.0 1.0 1.0 1.0 1.0 1.0 1.0 1.0 1.0 1.0 1.0 1.0 1.0 1.0 1.0 1.0 1.0 1.0 1.0 1.0 1.0 1.0 1.0 1.0 1.0 1.0 1.0 1.0 1.0 1.0 1.0 1.0 1.0 1.0 1.0 1.0 1.0 1.0 1.0 1.0 1.0 1.0 1.0 1.0 1.0 1.0 1.0 1.0 1.0 1.0 1.0 1.0 1.0 1.0 1.0 1.0 1.0 1.0 1.0 1.0 1.0 1.0 1.0 1.0 1.0 1.0 1.0 1.0 1.0 1.0 1.0 1.0 1.0 1.0 1.0 1.0 1.0 1.0 1.0 1.0 1.0 1.0 1.0 1.0 1.0 1.0 1.0 1.0 1.0 1.0 1.0 1.0 1.0 1.0 1.0 1.0 1.0 1.0 1.0 1.0 1.0 1.0 1.0 1.0 1.0 1.0 1.0 1.0 1.0 1.0 1.0 1.0 1.0 1.0 1.0 1.0 1.0 1.0 1.0 1.0 1.0 1.0 1.0 1.0 1.0 1.0 1.0 1.0 0.913 1.026 1.157 1.01 0.888 1.274 1.03 0.981 0.792 0.857 0.89 1.004 0.877 0.773 1.15 1.006 0.761 0.96 0.767 1.023 0.93 0.955 0.875 0.888 0.73 1.18 0.896 1.192 1.046 0.621 0.775 1.358 0.902 1.19 0.727 1.183 1.203 1.03 1.323 0.773 0.795 0.781 1.214 0.478 1.161 0.799 0.916 1.187 0.677 1.184 0.813 0.787 0.71 0.772 0.693 1.215 0.798 0.671 1.307 0.693 0.897 1.059 1.119 0.537 1.064 0.942 1.086 1.075 0.707 1.067 0.842 0.956 1.015 1.205 0.674 1.102 1.105 1.024 0.58 1.108 0.885 1.061 0.711 0.606 0.704 1.0 1.117 1.202 0.846 0.782 1.0 0.926 0.71 0.697 1.09 1.0 0.932 1.47 0.896 0.781 1.0 0.739 0.621 0.706 0.745 1.0 0.762 0.698 0.826 1.0 1.0 1.187 0.793 0.805 1.0 1.0 0.777 0.782 0.789 1.0 1.0 1.078 0.716 0.804 1.0 1.0 1.103 0.644 0.647 1.0 1.0 1.168 0.688 1.004 1.0 1.0 0.807 0.697 0.789 1.0 1.0 0.715 0.994 0.731 1.0 1.0 0.754 0.68 1.0 1.0 1.0 1.222 0.66 1.0 1.0 1.0 0.779 0.645 1.0 1.0 1.0 0.737 0.642 1.0 1.0 1.0 1.084 1.789 1.0 1.0 1.0 0.708 1.0 1.0 1.0 1.0 0.704 1.0 1.0 1.0 1.0 1.047 1.0 1.0 1.0 1.0 0.809 1.0 1.0 1.0 1.0 0.762 1.0 1.0 1.0 1.0 0.794 1.0 1.0 1.0 1.0 0.975 1.0 1.0 1.0 1.0 0.693 1.0 1.0 1.0 1.0 0.834 1.0 1.0 1.0 1.0 0.811 1.0 1.0 1.0 1.0 1.001 1.0 1.0 1.0 1.0 0.682 1.0 1.0 1.0 1.0 2.131 1.0 1.0 1.0 1.0 1.645 1.0 1.0 1.0 1.0 0.76 1.0 1.0 1.0 1.0 1.0 1.0 1.0 1.0 1.0 1.0 1.0 1.0 1.0 1.0 1.0 1.0 1.0 1.0 1.0 1.0 1.0 1.0 1.0 1.0 1.0 1.0 1.0 1.0 1.0 1.0 1.0 1.0 1.0 1.0 1.0 1.0 1.0 1.0 1.0 1.0 1.0 1.0 1.0 1.0 1.0 1.0 1.0 1.0 1.0 1.0 1.0 1.0 1.0 1.0 1.0 1.0 1.0 1.0 1.0 1.0 1.0 1.0 1.0 1.0 1.0 1.0 1.0 1.0 1.0 1.0 1.0 1.0 1.0 1.0 1.0 1.0 1.0 1.0 1.0 1.0 1.0 1.0 1.0 1.0 1.0 1.0 1.0 1.0 1.0 1.0 1.0 1.0 1.0 1.0 1.0 1.0 1.0 1.0 1.0 1.0 1.0 1.0 1.0 1.0 1.0 1.0 1.0 1.0 1.0 1.0 1.0 1.0 1.0 1.0 1.0 1.0 1.0 1.0 1.0 1.0 1.0 1.0 1.0 1.0 1.0 1.0 1.0 1.0 1.0 1.0 1.0 1.0 1.0 1.0 1.0 1.0 1.0 1.0 1.196 1.027 0.824 1.148 0.838 1.054 1.023 1.234 1.0 0.777 1.309 1.327 0.978 1.228 1.209 1.061 0.943 1.26 1.248 0.897 1.31 1.038 1.254 0.965 0.866 1.172 1.098 0.959 1.27 1.208 1.249 0.991 0.972 0.708 0.663 1.117 0.894 0.989 0.93 1.25 0.937 0.988 1.072 1.289 0.534 0.962 1.049 1.049 0.901 1.127 0.966 1.207 1.267 1.109 1.152 0.858 0.636 1.041 1.124 0.551 0.988 1.242 1.102 0.695 0.728 0.946 1.151 0.691 1.218 0.887 1.382 1.351 0.81 1.304 0.805 0.737 0.908 0.762 1.104 0.81 1.114 0.928 0.861 1.32 0.969 0.618 0.947 0.743 1.26 0.911 0.769 0.582 0.874 0.65 1.011 1.039 0.61 0.766 0.872 1.379 0.725 0.716 1.417 1.211 0.69 0.883 0.893 1.0 0.95 0.97 0.742 0.689 1.0 0.671 0.643 0.784 0.721 1.0 1.284 1.0 0.69 1.424 1.0 1.551 1.0 0.686 0.72 1.0 0.728 1.0 0.694 1.298 1.0 1.077 1.0 0.759 0.995 1.0 0.691 1.0 0.982 0.805 1.0 0.953 1.0 1.083 1.27 1.0 0.804 1.0 0.793 0.809 1.0 0.654 1.0 1.149 0.742 1.0 1.0 1.0 0.743 0.757 1.0 1.0 1.0 0.83 0.744 1.0 1.0 1.0 1.022 0.668 1.0 1.0 1.0 1.056 0.697 1.0 1.0 1.0 0.87 0.699 1.0 1.0 1.0 1.043 1.009 1.0 1.0 1.0 0.974 1.0 1.0 1.0 1.0 0.818 1.0 1.0 1.0 1.0 0.796 1.0 1.0 1.0 1.0 0.759 1.0 1.0 1.0 1.0 0.781 1.0 1.0 1.0 1.0 0.706 1.0 1.0 1.0 1.0 1.045 1.0 1.0 1.0 1.0 1.101 1.0 1.0 1.0 1.0 1.285 1.0 1.0 1.0 1.0 0.968 1.0 1.0 1.0 1.0 0.736 1.0 1.0 1.0 1.0 0.781 1.0 1.0 1.0 1.0 1.662 1.0 1.0 1.0 1.0 0.595 1.0 1.0 1.0 1.0 1.0 1.0 1.0 1.0 1.0 1.0 1.0 1.0 1.0 1.0 1.0 1.0 1.0 1.0 1.0 1.0 1.0 1.0 1.0 1.0 1.0 1.0 1.0 1.0 1.0 1.0 1.0 1.0 1.0 1.0 1.0 1.0 1.0 1.0 1.0 1.0 1.0 1.0 1.0 1.0 1.0 1.0 1.0 1.0 1.0 1.0 1.0 1.0 1.0 1.0 1.0 1.0 1.0 1.0 1.0 1.0 1.0 1.0 1.0 1.0 1.0 1.0 1.0 1.0 1.0 1.0 1.0 1.0 1.0 1.0 1.0 1.0 1.0 1.0 1.0 1.0 1.0 1.0 1.0 1.0 1.0 1.0 1.0 1.0 1.0 1.0 1.0 1.0 1.0 1.0 1.0 1.0 1.0 1.0 1.0 1.0 1.0 1.0 1.0 1.0 1.0 1.0 1.0 1.0 1.0 1.0 1.0 1.0 1.0 1.0 1.0 1.0 1.0 1.0 1.0 1.0 1.0 1.0 1.0 1.0 1.196 0.947 0.824 1.148 1.131 0.836 1.025 1.217 0.884 0.774 1.056 0.926 0.981 0.882 1.011 0.817 0.925 1.289 0.89 1.285 0.927 1.189 0.864 1.247 0.86 1.026 1.038 1.237 0.707 1.322 1.212 1.27 1.216 1.303 0.723 0.601 1.25 1.301 1.304 1.426 1.3 0.985 1.304 1.171 1.307 1.044 0.951 0.722 1.29 1.304 1.283 1.212 0.924 1.253 1.299 1.252 1.308 1.14 1.306 1.392 1.212 1.163 0.84 1.102 1.299 1.315 1.301 1.288 1.312 0.912 1.289 1.318 1.214 1.295 1.301 0.883 1.299 1.204 1.275 0.745 1.373 0.642 1.3 0.848 1.308 1.243 1.285 0.778 1.316 0.833 0.665 1.266 1.266 0.823 1.223 1.158 1.205 1.127 0.758 1.296 1.387 0.737 1.331 1.207 1.302 0.832 1.1 1.173 0.784 0.781 1.297 1.375 1.181 0.861 1.277 1.195 0.911 1.109 1.282 0.839 1.195 0.933 0.856 1.327 0.794 1.049 1.318 0.984 0.888 0.838 1.479 0.893 0.963 1.173 1.418 1.142 0.939 1.069 1.078 1.263 0.757 1.403 0.918 0.646 0.727 0.658 1.0 0.901 0.644 1.0 0.692 1.0 0.826 1.0 1.0 0.734 1.0 0.82 1.0 1.0 0.768 1.0 1.181 1.0 1.0 1.029 1.0 1.202 1.0 1.0 2.078 1.0 1.381 1.0 1.0 0.725 1.0 0.917 1.0 1.0 2.05 1.0 0.777 1.0 1.0 0.758 1.0 0.766 1.0 1.0 0.825 1.0 0.761 1.0 1.0 0.765 1.0 0.756 1.0 1.0 1.0 1.0 0.67 1.0 1.0 1.0 1.0 1.459 1.0 1.0 1.0 1.0 1.294 1.0 1.0 1.0 1.0 1.115 1.0 1.0 1.0 1.0 1.016 1.0 1.0 1.0 1.0 0.996 1.0 1.0 1.0 1.0 0.931 1.0 1.0 1.0 1.0 1.039 1.0 1.0 1.0 1.0 1.295 1.0 1.0 1.0 1.0 1.286 1.0 1.0 1.0 1.0 0.85 1.0 1.0 1.0 1.0 0.767 1.0 1.0 1.0 1.0 0.707 1.0 1.0 1.0 1.0 1.056 1.0 1.0 1.0 1.0 0.927 1.0 1.0 1.0 1.0 0.961 1.0 1.0 1.0 1.0 1.054 1.0 1.0 1.0 1.0 1.058 1.0 1.0 1.0 1.0 0.62 1.0 1.0 1.0 1.0 0.888 1.0 1.0 1.0 1.0 1.056 1.0 1.0 1.0 1.0 1.32 1.0 1.0 1.0 1.0 0.631 1.0 1.0 1.0 1.0 0.683 1.0 1.0 1.0 1.0 0.701 1.0 1.0 1.0 1.0 0.702 1.0 1.0 1.0 1.0 0.986 1.0 1.0 1.0 1.0 0.66 1.0 1.0 1.0 1.0 1.09 1.0 1.0 1.0 1.0 0.747 1.0 1.0 1.0 1.0 1.276 1.0 1.0 1.0 1.0 0.634 1.0 1.0 1.0 1.0 0.806 1.0 1.0 1.0 1.0 0.698 1.0 1.0 1.0 1.0 0.699 1.0 1.0 1.0 1.0 0.706 1.0 1.0 1.039 1.198 0.892 1.13 1.019 1.286 1.022 1.218 0.778 1.181 0.83 0.942 0.995 0.757 1.283 1.051 1.169 1.275 0.826 0.852 0.884 1.065 0.723 0.905 0.951 1.176 1.22 0.842 1.218 0.823 0.973 0.767 0.84 1.323 0.954 0.888 1.163 1.082 1.229 1.283 0.925 1.204 1.312 1.316 0.77 1.303 1.33 1.165 1.224 1.376 1.325 0.777 1.222 0.636 1.134 0.976 1.055 1.277 1.177 1.405 1.298 1.138 0.657 1.528 0.717 0.961 1.207 1.38 1.437 1.016 0.919 1.417 0.975 0.988 1.448 0.975 1.215 0.946 1.547 1.131 1.194 1.372 1.278 0.621 0.914 1.085 1.0 1.479 1.406 1.279 0.798 1.0 0.917 1.296 0.742 0.882 1.0 0.847 0.826 0.748 0.758 1.0 0.791 0.682 1.248 1.193 1.0 0.684 1.083 0.789 1.173 1.0 0.797 1.64 1.075 1.111 1.0 1.0 0.73 1.067 1.055 1.0 0.846 0.734 1.208 0.772 1.0 0.878 0.714 0.687 1.126 1.0 0.889 1.168 0.709 0.997 1.0 0.822 1.002 0.715 1.042 1.0 0.704 0.995 0.922 1.029 1.0 0.794 0.735 0.942 1.1 1.0 0.853 0.969 0.655 0.863 1.0 0.888 1.08 1.0 1.062 1.0 0.69 1.033 1.0 1.016 1.0 0.76 0.942 1.0 0.776 1.0 0.801 0.817 1.0 0.84 1.0 1.0 1.146 1.0 0.803 1.0 1.0 0.906 1.0 0.724 1.0 1.0 0.968 1.0 0.729 1.0 1.0 1.393 1.0 0.881 1.0 1.0 1.356 1.0 0.676 1.0 1.0 0.753 1.0 0.681 1.0 1.0 0.71 1.0 0.658 1.0 1.0 0.69 1.0 0.707 1.0 1.0 0.876 1.0 1.0 1.0 1.0 0.85 1.0 1.0 1.0 1.0 0.843 1.0 1.0 1.0 1.0 0.641 1.0 1.0 1.0 1.0 1.0 1.0 1.0 1.0 1.0 1.0 1.0 1.0 1.0 1.0 1.0 1.0 1.0 1.0 1.0 1.0 1.0 1.0 1.0 1.0 1.0 1.0 1.0 1.0 1.0 1.0 1.0 1.0 1.0 1.0 1.0 1.0 1.0 1.0 1.0 1.0 1.0 1.0 1.0 1.0 1.0 1.0 1.0 1.0 1.0 1.0 1.0 1.0 1.0 1.0 1.0 1.0 1.0 1.0 1.0 1.0 1.0 1.0 1.0 1.0 1.0 1.0 1.0 1.0 1.0 1.0 1.0 1.0 1.0 1.0 1.0 1.0 1.0 1.0 1.0 1.0 1.0 1.0 1.0 1.0 1.0 1.0 1.0 1.0 1.0 1.0 1.0 1.0 1.0 1.0 1.0 1.0 1.0 1.0 1.0 1.0 1.0 1.0 1.0 1.0 1.0 1.0 1.0 1.0 1.0 1.0 1.0 1.0 1.0 1.0 1.0 1.0 1.0 1.0 1.0 1.0 1.0 1.0 1.0 1.0 1.0 1.0 1.0 1.0 1.0 1.0 1.0 1.0 1.0 1.0 1.0 1.0 1.0 1.0 1.0 1.0 1.0 1.0 1.0 1.0 1.0 1.0 0.872 1.027 1.16 0.906 1.019 1.003 1.284 1.224 0.892 1.158 1.03 1.312 0.859 1.034 1.303 0.807 0.921 0.735 0.685 0.868 1.335 1.318 1.3 1.221 1.161 0.805 0.8 0.737 0.514 0.798 0.907 0.991 1.299 0.933 0.809 1.01 0.84 0.904 0.728 1.012 0.782 0.749 0.953 1.318 0.736 1.094 1.036 1.262 0.76 1.205 0.794 1.047 0.98 0.887 1.297 0.716 0.932 0.96 0.753 0.752 1.174 0.7 1.116 1.0 1.181 0.777 1.192 1.067 1.0 1.28 0.972 0.75 1.167 1.0 0.699 0.624 1.049 1.135 1.0 1.158 0.849 1.011 0.977 1.0 1.038 1.071 0.711 0.985 1.0 0.799 0.733 1.075 0.845 1.0 0.707 1.104 1.023 0.837 1.0 0.752 1.103 1.012 1.132 1.0 0.752 1.127 1.077 1.079 1.0 0.739 0.702 1.024 0.804 1.0 0.77 0.862 1.16 0.8 1.0 1.533 0.924 0.652 1.079 1.0 0.97 0.977 1.145 0.805 1.0 0.722 0.684 0.935 1.293 1.0 0.707 0.73 0.649 0.806 1.0 1.0 0.676 0.86 1.069 1.0 1.0 0.831 1.238 1.162 1.0 1.0 1.075 1.067 1.164 1.0 1.0 1.032 0.767 0.731 1.0 1.0 0.692 0.938 0.804 1.0 1.0 0.656 0.923 1.331 1.0 1.0 1.0 0.712 1.344 1.0 1.0 1.0 1.268 1.275 1.0 1.0 1.0 0.708 0.772 1.0 1.0 1.0 0.757 1.123 1.0 1.0 1.0 0.748 0.872 1.0 1.0 1.0 0.741 0.91 1.0 1.0 1.0 0.796 1.033 1.0 1.0 1.0 0.755 0.736 1.0 1.0 1.0 0.741 0.682 1.0 1.0 1.0 1.035 0.706 1.0 1.0 1.0 0.917 0.684 1.0 1.0 1.0 0.685 0.7 1.0 1.0 1.0 1.045 0.673 1.0 1.0 1.0 0.91 0.618 1.0 1.0 1.0 1.013 0.619 1.0 1.0 1.0 0.786 1.0 1.0 1.0 1.0 0.655 1.0 1.0 1.0 1.0 0.677 1.0 1.0 1.0 1.0 0.852 1.0 1.0 1.0 1.0 0.664 1.0 1.0 1.0 1.0 0.679 1.0 1.0 1.0 1.0 0.706 1.0 1.0 1.0 1.0 0.717 1.0 1.0 1.0 1.0 0.711 1.0 1.0 1.0 1.0 0.685 1.0 1.0 1.0 1.0 0.672 1.0 1.0 1.0 1.0 1.0 1.0 1.0 1.0 1.0 1.0 1.0 1.0 1.0 1.0 1.0 1.0 1.0 1.0 1.0 1.0 1.0 1.0 1.0 1.0 1.0 1.0 1.0 1.0 1.0 1.0 1.0 1.0 1.0 1.0 1.0 1.0 1.0 1.0 1.0 1.0 1.0 1.0 1.0 1.0 1.0 1.0 1.0 1.0 1.0 1.0 1.0 1.0 1.0 1.0 1.0 1.0 1.0 1.0 1.0 1.0 1.0 1.0 1.0 1.0 1.0 1.0 1.0 1.0 1.0 1.0 1.0 1.0 1.0 1.0 1.0 1.0 1.0 1.0 1.0 1.0 1.0 1.0 1.0 1.196 1.198 1.009 1.148 0.838 1.048 1.28 1.241 1.221 1.214 1.313 0.946 0.857 1.267 1.216 0.82 0.878 0.992 0.729 0.829 0.974 1.183 1.182 0.929 1.079 0.836 1.163 0.917 1.23 0.795 1.219 0.488 1.09 0.739 1.228 0.943 1.152 0.72 0.984 1.065 1.155 1.266 1.342 1.112 1.146 0.999 1.273 1.34 1.292 0.762 0.767 1.153 1.184 1.177 1.309 1.11 0.65 1.127 0.993 1.234 1.244 1.312 1.347 1.364 1.026 1.244 0.509 1.392 1.102 1.313 1.133 1.5 0.68 0.832 0.794 1.25 1.236 0.686 1.402 0.78 1.072 0.998 1.261 1.294 1.0 1.336 0.636 1.287 1.46 1.0 1.367 1.266 1.237 0.653 1.0 0.982 1.09 1.289 1.366 1.0 1.073 0.681 1.336 0.663 1.0 1.015 1.249 1.062 1.19 1.0 0.865 1.063 0.901 0.99 1.0 1.067 1.443 1.462 0.707 1.0 1.079 1.447 0.833 1.112 1.0 1.278 0.968 0.744 1.011 1.0 1.235 1.467 1.196 1.046 1.0 1.166 0.804 0.768 0.718 1.0 0.965 1.518 1.229 0.871 1.0 1.27 0.567 1.169 0.674 1.0 1.223 0.776 1.194 0.851 1.0 0.702 1.161 0.857 1.013 1.0 0.713 1.267 1.162 0.759 1.0 0.718 1.137 0.759 1.0 1.0 0.733 0.614 0.86 1.0 1.0 0.686 0.685 1.0 1.0 1.0 0.655 0.671 1.0 1.0 1.0 0.629 0.706 1.0 1.0 1.0 1.085 0.706 1.0 1.0 1.0 0.73 0.711 1.0 1.0 1.0 1.199 0.701 1.0 1.0 1.0 1.217 1.0 1.0 1.0 1.0 0.941 1.0 1.0 1.0 1.0 1.466 1.0 1.0 1.0 1.0 0.751 1.0 1.0 1.0 1.0 0.874 1.0 1.0 1.0 1.0 1.155 1.0 1.0 1.0 1.0 0.75 1.0 1.0 1.0 1.0 0.796 1.0 1.0 1.0 1.0 1.0 1.0 1.0 1.0 1.0 1.0 1.0 1.0 1.0 1.0 1.0 1.0 1.0 1.0 1.0 1.0 1.0 1.0 1.0 1.0 1.0 1.0 1.0 1.0 1.0 1.0 1.0 1.0 1.0 1.0 1.0 1.0 1.0 1.0 1.0 1.0 1.0 1.0 1.0 1.0 1.0 1.0 1.0 1.0 1.0 1.0 1.0 1.0 1.0 1.0 1.0 1.0 1.0 1.0 1.0 1.0 1.0 1.0 1.0 1.0 1.0 1.0 1.0 1.0 1.0 1.0 1.0 1.0 1.0 1.0 1.0 1.0 1.0 1.0 1.0 1.0 1.0 1.0 1.0 1.0 1.0 1.0 1.0 1.0 1.0 1.0 1.0 1.0 1.0 1.0 1.0 1.0 1.0 1.0 1.0 1.0 1.0 1.0 1.0 1.0 1.0 1.0 1.0 1.0 1.0 1.0 1.0 1.0 1.0 1.0 1.0 1.0 1.0 1.0 1.0 1.0 1.0 1.0 1.0 1.0 1.0 1.0 1.0 1.0 1.0 1.0 1.0 1.0 1.0 1.0 1.0 1.0 1.0 1.0 1.0 0.872 0.947 1.16 1.148 0.838 1.277 1.03 1.23 0.781 1.224 0.874 0.76 0.985 1.182 1.229 0.941 0.751 1.265 0.763 1.0 0.993 1.316 1.262 0.929 0.88 1.0 0.94 0.718 1.053 1.152 1.003 0.88 1.267 1.082 0.944 1.166 0.903 0.708 1.208 1.217 0.82 1.024 0.905 1.349 1.097 0.692 0.812 0.978 1.278 1.215 1.365 1.035 1.012 1.312 1.071 1.052 0.949 0.901 1.294 0.57 0.608 1.161 0.943 1.407 1.22 1.343 0.84 0.846 0.852 1.417 0.783 1.305 0.982 0.941 0.626 1.325 1.343 0.96 1.0 1.244 0.821 1.277 1.317 1.0 1.271 0.839 1.162 0.819 1.0 1.29 1.136 1.192 1.16 1.0 1.47 0.864 0.867 0.95 1.0 0.725 1.078 0.614 1.3 1.0 0.842 1.005 0.63 1.096 1.0 0.929 1.156 0.873 0.694 1.0 0.919 1.355 0.861 1.121 1.0 1.822 0.954 0.862 1.009 1.0 1.073 0.899 1.203 1.165 1.0 0.738 1.377 0.865 1.041 1.0 1.902 0.858 0.914 1.166 1.0 0.973 1.084 1.099 0.83 1.0 0.679 0.868 0.979 0.747 1.0 0.875 1.099 0.823 0.76 1.0 0.796 0.992 1.398 0.926 1.0 0.659 1.0 1.12 1.232 1.0 0.847 1.0 1.201 0.822 1.0 0.697 1.0 0.786 0.849 1.0 0.692 1.0 0.913 0.724 1.0 0.743 1.0 0.852 0.795 1.0 0.732 1.0 0.819 0.702 1.0 0.735 1.0 0.732 1.456 1.0 2.37 1.0 1.0 0.703 1.0 0.651 1.0 1.0 0.71 1.0 0.676 1.0 1.0 1.069 1.0 1.0 1.0 1.0 0.678 1.0 1.0 1.0 1.0 0.814 1.0 1.0 1.0 1.0 1.991 1.0 1.0 1.0 1.0 1.0 1.0 1.0 1.0 1.0 1.0 1.0 1.0 1.0 1.0 1.0 1.0 1.0 1.0 1.0 1.0 1.0 1.0 1.0 1.0 1.0 1.0 1.0 1.0 1.0 1.0 1.0 1.0 1.0 1.0 1.0 1.0 1.0 1.0 1.0 1.0 1.0 1.0 1.0 1.0 1.0 1.0 1.0 1.0 1.0 1.0 1.0 1.0 1.0 1.0 1.0 1.0 1.0 1.0 1.0 1.0 1.0 1.0 1.0 1.0 1.0 1.0 1.0 1.0 1.0 1.0 1.0 1.0 1.0 1.0 1.0 1.0 1.0 1.0 1.0 1.0 1.0 1.0 1.0 1.0 1.0 1.0 1.0 1.0 1.0 1.0 1.0 1.0 1.0 1.0 1.0 1.0 1.0 1.0 1.0 1.0 1.0 1.0 1.0 1.0 1.0 1.0 1.0 1.0 1.0 1.0 1.0 1.0 1.0 1.0 1.0 1.0 1.0 1.0 1.0 1.0 1.0 1.0 1.0 1.0 1.0 1.0 1.0 1.0 1.0 1.0 1.0 1.0 1.0 1.0 1.0 1.0 1.0 1.0 1.0 1.0 1.0 1.0 1.0 1.0 1.0 1.0 1.0 1.0 1.0 1.0 1.0 1.0 1.0 1.0 1.0 1.0 1.0,2.3703299,1.3703299,0.4780813,0.3,0.6602222919464111,0.0003,5,5.2426434
70,0.23109935224056244,0.99371773,1.0 1.026 0.89 1.012 0.886 1.041 1.27 1.237 0.78 0.778 1.0 1.298 0.981 1.232 0.941 1.314 0.732 0.703 0.97 0.783 0.915 1.071 0.953 1.252 1.052 0.909 0.723 1.288 0.982 1.038 0.993 0.725 1.026 0.803 1.107 0.932 0.964 1.271 1.255 1.159 1.073 1.074 0.898 0.583 0.684 0.87 0.722 1.128 1.225 1.093 1.223 0.72 1.149 1.243 0.856 0.976 0.919 1.156 1.217 1.132 0.908 1.023 0.79 1.261 1.0 1.189 1.105 0.705 0.655 1.0 1.138 1.097 1.105 1.225 1.0 1.347 1.471 1.038 1.124 1.0 1.267 0.963 1.377 0.997 1.0 1.166 0.927 1.089 0.654 1.0 1.019 0.677 0.998 1.089 1.0 0.976 0.907 0.807 0.725 1.0 1.321 0.675 0.742 1.169 1.0 0.908 0.915 1.0 0.724 1.0 0.75 0.809 1.0 0.789 1.0 0.733 1.118 1.0 0.816 1.0 0.737 1.066 1.0 0.845 1.0 0.993 1.078 1.0 0.691 1.0 0.74 1.108 1.0 0.671 1.0 0.944 0.747 1.0 1.176 1.0 1.188 1.039 1.0 1.026 1.0 0.698 0.671 1.0 0.908 1.0 0.705 0.967 1.0 0.756 1.0 1.074 0.964 1.0 1.09 1.0 1.74 0.854 1.0 0.873 1.0 1.0 0.941 1.0 1.031 1.0 1.0 0.923 1.0 0.791 1.0 1.0 0.941 1.0 0.974 1.0 1.0 0.646 1.0 0.819 1.0 1.0 0.709 1.0 0.733 1.0 1.0 0.802 1.0 1.0 1.0 1.0 2.164 1.0 1.0 1.0 1.0 0.747 1.0 1.0 1.0 1.0 0.693 1.0 1.0 1.0 1.0 0.691 1.0 1.0 1.0 1.0 0.695 1.0 1.0 1.0 1.0 0.67 1.0 1.0 1.0 1.0 0.803 1.0 1.0 1.0 1.0 1.0 1.0 1.0 1.0 1.0 1.0 1.0 1.0 1.0 1.0 1.0 1.0 1.0 1.0 1.0 1.0 1.0 1.0 1.0 1.0 1.0 1.0 1.0 1.0 1.0 1.0 1.0 1.0 1.0 1.0 1.0 1.0 1.0 1.0 1.0 1.0 1.0 1.0 1.0 1.0 1.0 1.0 1.0 1.0 1.0 1.0 1.0 1.0 1.0 1.0 1.0 1.0 1.0 1.0 1.0 1.0 1.0 1.0 1.0 1.0 1.0 1.0 1.0 1.0 1.0 1.0 1.0 1.0 1.0 1.0 1.0 1.0 1.0 1.0 1.0 1.0 1.0 1.0 1.0 1.0 1.0 1.0 1.0 1.0 1.0 1.0 1.0 1.0 1.0 1.0 1.0 1.0 1.0 1.0 1.0 1.0 1.0 1.0 1.0 1.0 1.0 1.0 1.0 1.0 1.0 1.0 1.0 1.0 1.0 1.0 1.0 1.0 1.0 1.0 1.0 1.0 1.0 1.0 1.0 1.0 1.0 1.0 1.0 1.0 1.0 1.0 1.0 1.0 1.0 1.0 1.0 1.0 1.0 1.0 1.0 1.0 1.0 1.0 1.0 1.0 1.0 1.0 1.0 1.0 1.0 1.0 1.0 1.0 1.0 0.911 1.031 1.16 1.012 0.886 1.274 1.037 0.985 0.792 0.854 0.886 1.001 0.874 0.774 1.148 1.003 0.76 0.964 0.767 1.026 0.929 0.95 0.871 0.891 0.73 1.182 0.902 1.19 1.045 0.62 0.777 1.363 0.902 1.195 0.726 1.184 1.205 1.03 1.318 0.777 0.8 0.784 1.209 0.476 1.157 0.802 0.917 1.19 0.677 1.18 0.818 0.79 0.709 0.775 0.696 1.217 0.802 0.668 1.31 0.695 0.889 1.06 1.119 0.535 1.068 0.939 1.085 1.07 0.708 1.063 0.839 0.948 1.015 1.201 0.674 1.101 1.105 1.025 0.579 1.104 0.882 1.061 0.711 0.606 0.703 1.0 1.115 1.201 0.841 0.782 1.0 0.919 0.711 0.698 1.087 1.0 0.925 1.471 0.896 0.774 1.0 0.739 0.622 0.707 0.748 1.0 0.761 0.689 0.825 1.0 1.0 1.189 0.794 0.805 1.0 1.0 0.777 0.78 0.789 1.0 1.0 1.066 0.716 0.803 1.0 1.0 1.107 0.644 0.647 1.0 1.0 1.157 0.687 0.995 1.0 1.0 0.802 0.695 0.789 1.0 1.0 0.709 0.986 0.728 1.0 1.0 0.747 0.672 1.0 1.0 1.0 1.219 0.662 1.0 1.0 1.0 0.779 0.643 1.0 1.0 1.0 0.737 0.644 1.0 1.0 1.0 1.089 1.786 1.0 1.0 1.0 0.708 1.0 1.0 1.0 1.0 0.704 1.0 1.0 1.0 1.0 1.05 1.0 1.0 1.0 1.0 0.806 1.0 1.0 1.0 1.0 0.757 1.0 1.0 1.0 1.0 0.792 1.0 1.0 1.0 1.0 0.978 1.0 1.0 1.0 1.0 0.692 1.0 1.0 1.0 1.0 0.835 1.0 1.0 1.0 1.0 0.812 1.0 1.0 1.0 1.0 0.993 1.0 1.0 1.0 1.0 0.684 1.0 1.0 1.0 1.0 2.136 1.0 1.0 1.0 1.0 1.641 1.0 1.0 1.0 1.0 0.76 1.0 1.0 1.0 1.0 1.0 1.0 1.0 1.0 1.0 1.0 1.0 1.0 1.0 1.0 1.0 1.0 1.0 1.0 1.0 1.0 1.0 1.0 1.0 1.0 1.0 1.0 1.0 1.0 1.0 1.0 1.0 1.0 1.0 1.0 1.0 1.0 1.0 1.0 1.0 1.0 1.0 1.0 1.0 1.0 1.0 1.0 1.0 1.0 1.0 1.0 1.0 1.0 1.0 1.0 1.0 1.0 1.0 1.0 1.0 1.0 1.0 1.0 1.0 1.0 1.0 1.0 1.0 1.0 1.0 1.0 1.0 1.0 1.0 1.0 1.0 1.0 1.0 1.0 1.0 1.0 1.0 1.0 1.0 1.0 1.0 1.0 1.0 1.0 1.0 1.0 1.0 1.0 1.0 1.0 1.0 1.0 1.0 1.0 1.0 1.0 1.0 1.0 1.0 1.0 1.0 1.0 1.0 1.0 1.0 1.0 1.0 1.0 1.0 1.0 1.0 1.0 1.0 1.0 1.0 1.0 1.0 1.0 1.0 1.0 1.0 1.0 1.0 1.0 1.0 1.0 1.0 1.0 1.0 1.0 1.0 1.0 1.0 1.0 1.196 1.026 0.823 1.15 0.838 1.061 1.03 1.238 1.004 0.776 1.308 1.326 0.982 1.231 1.205 1.069 0.939 1.256 1.251 0.9 1.31 1.034 1.249 0.97 0.868 1.182 1.108 0.964 1.274 1.202 1.25 0.998 0.97 0.708 0.663 1.126 0.893 0.989 0.934 1.244 0.93 0.987 1.072 1.289 0.533 0.958 1.041 1.051 0.902 1.129 0.971 1.212 1.27 1.111 1.155 0.863 0.639 1.041 1.127 0.55 0.993 1.242 1.097 0.694 0.732 0.938 1.151 0.693 1.22 0.888 1.392 1.359 0.81 1.299 0.808 0.726 0.897 0.763 1.104 0.813 1.111 0.917 0.862 1.318 0.963 0.616 0.946 0.737 1.261 0.909 0.771 0.582 0.876 0.65 1.007 1.036 0.611 0.767 0.874 1.378 0.724 0.718 1.412 1.213 0.691 0.872 0.893 1.0 0.951 0.973 0.743 0.69 1.0 0.67 0.644 0.773 0.724 1.0 1.289 1.0 0.69 1.43 1.0 1.548 1.0 0.686 0.723 1.0 0.728 1.0 0.694 1.29 1.0 1.08 1.0 0.76 0.989 1.0 0.69 1.0 0.986 0.805 1.0 0.946 1.0 1.084 1.274 1.0 0.803 1.0 0.784 0.809 1.0 0.655 1.0 1.154 0.745 1.0 1.0 1.0 0.741 0.757 1.0 1.0 1.0 0.82 0.744 1.0 1.0 1.0 1.019 0.667 1.0 1.0 1.0 1.062 0.698 1.0 1.0 1.0 0.869 0.697 1.0 1.0 1.0 1.045 1.007 1.0 1.0 1.0 0.973 1.0 1.0 1.0 1.0 0.809 1.0 1.0 1.0 1.0 0.796 1.0 1.0 1.0 1.0 0.758 1.0 1.0 1.0 1.0 0.785 1.0 1.0 1.0 1.0 0.705 1.0 1.0 1.0 1.0 1.027 1.0 1.0 1.0 1.0 1.085 1.0 1.0 1.0 1.0 1.267 1.0 1.0 1.0 1.0 0.964 1.0 1.0 1.0 1.0 0.735 1.0 1.0 1.0 1.0 0.783 1.0 1.0 1.0 1.0 1.652 1.0 1.0 1.0 1.0 0.599 1.0 1.0 1.0 1.0 1.0 1.0 1.0 1.0 1.0 1.0 1.0 1.0 1.0 1.0 1.0 1.0 1.0 1.0 1.0 1.0 1.0 1.0 1.0 1.0 1.0 1.0 1.0 1.0 1.0 1.0 1.0 1.0 1.0 1.0 1.0 1.0 1.0 1.0 1.0 1.0 1.0 1.0 1.0 1.0 1.0 1.0 1.0 1.0 1.0 1.0 1.0 1.0 1.0 1.0 1.0 1.0 1.0 1.0 1.0 1.0 1.0 1.0 1.0 1.0 1.0 1.0 1.0 1.0 1.0 1.0 1.0 1.0 1.0 1.0 1.0 1.0 1.0 1.0 1.0 1.0 1.0 1.0 1.0 1.0 1.0 1.0 1.0 1.0 1.0 1.0 1.0 1.0 1.0 1.0 1.0 1.0 1.0 1.0 1.0 1.0 1.0 1.0 1.0 1.0 1.0 1.0 1.0 1.0 1.0 1.0 1.0 1.0 1.0 1.0 1.0 1.0 1.0 1.0 1.0 1.0 1.0 1.0 1.0 1.0 1.196 0.944 0.823 1.15 1.133 0.836 1.031 1.214 0.881 0.773 1.065 0.922 0.985 0.879 1.016 0.817 0.92 1.293 0.892 1.282 0.928 1.192 0.86 1.251 0.86 1.023 1.03 1.239 0.707 1.327 1.216 1.273 1.217 1.294 0.722 0.601 1.252 1.302 1.295 1.43 1.304 0.994 1.306 1.175 1.301 1.055 0.961 0.722 1.293 1.308 1.282 1.206 0.924 1.258 1.298 1.253 1.307 1.144 1.307 1.392 1.209 1.161 0.84 1.105 1.302 1.313 1.299 1.284 1.311 0.912 1.29 1.319 1.219 1.295 1.299 0.884 1.3 1.207 1.272 0.745 1.373 0.643 1.299 0.849 1.31 1.243 1.285 0.777 1.316 0.836 0.666 1.266 1.265 0.825 1.223 1.16 1.204 1.13 0.761 1.296 1.387 0.738 1.33 1.207 1.301 0.831 1.103 1.169 0.787 0.782 1.297 1.377 1.185 0.863 1.279 1.195 0.917 1.114 1.279 0.841 1.194 0.94 0.85 1.324 0.797 1.05 1.312 0.986 0.89 0.84 1.475 0.896 0.964 1.172 1.417 1.143 0.946 1.072 1.084 1.258 0.756 1.397 0.915 0.649 0.726 0.657 1.0 0.899 0.643 1.0 0.691 1.0 0.826 1.0 1.0 0.733 1.0 0.821 1.0 1.0 0.767 1.0 1.186 1.0 1.0 1.024 1.0 1.207 1.0 1.0 2.073 1.0 1.378 1.0 1.0 0.725 1.0 0.916 1.0 1.0 2.042 1.0 0.778 1.0 1.0 0.76 1.0 0.767 1.0 1.0 0.83 1.0 0.761 1.0 1.0 0.763 1.0 0.756 1.0 1.0 1.0 1.0 0.669 1.0 1.0 1.0 1.0 1.456 1.0 1.0 1.0 1.0 1.29 1.0 1.0 1.0 1.0 1.112 1.0 1.0 1.0 1.0 1.017 1.0 1.0 1.0 1.0 0.996 1.0 1.0 1.0 1.0 0.93 1.0 1.0 1.0 1.0 1.034 1.0 1.0 1.0 1.0 1.299 1.0 1.0 1.0 1.0 1.288 1.0 1.0 1.0 1.0 0.848 1.0 1.0 1.0 1.0 0.768 1.0 1.0 1.0 1.0 0.707 1.0 1.0 1.0 1.0 1.053 1.0 1.0 1.0 1.0 0.926 1.0 1.0 1.0 1.0 0.962 1.0 1.0 1.0 1.0 1.05 1.0 1.0 1.0 1.0 1.053 1.0 1.0 1.0 1.0 0.621 1.0 1.0 1.0 1.0 0.888 1.0 1.0 1.0 1.0 1.051 1.0 1.0 1.0 1.0 1.324 1.0 1.0 1.0 1.0 0.631 1.0 1.0 1.0 1.0 0.682 1.0 1.0 1.0 1.0 0.701 1.0 1.0 1.0 1.0 0.701 1.0 1.0 1.0 1.0 0.987 1.0 1.0 1.0 1.0 0.66 1.0 1.0 1.0 1.0 1.086 1.0 1.0 1.0 1.0 0.75 1.0 1.0 1.0 1.0 1.277 1.0 1.0 1.0 1.0 0.636 1.0 1.0 1.0 1.0 0.806 1.0 1.0 1.0 1.0 0.698 1.0 1.0 1.0 1.0 0.696 1.0 1.0 1.0 1.0 0.707 1.0 1.0 1.043 1.198 0.89 1.128 1.022 1.285 1.029 1.215 0.778 1.183 0.83 0.938 0.999 0.757 1.28 1.059 1.172 1.278 0.827 0.849 0.883 1.065 0.722 0.907 0.949 1.181 1.224 0.843 1.221 0.824 0.971 0.769 0.84 1.317 0.956 0.891 1.164 1.083 1.235 1.279 0.929 1.207 1.309 1.32 0.773 1.303 1.332 1.17 1.219 1.371 1.324 0.779 1.226 0.635 1.131 0.966 1.057 1.276 1.171 1.401 1.3 1.134 0.657 1.536 0.718 0.966 1.209 1.379 1.433 1.016 0.92 1.421 0.979 0.99 1.446 0.979 1.217 0.95 1.553 1.128 1.191 1.375 1.282 0.62 0.913 1.087 1.0 1.48 1.411 1.278 0.798 1.0 0.917 1.301 0.742 0.877 1.0 0.847 0.828 0.748 0.757 1.0 0.791 0.68 1.251 1.194 1.0 0.683 1.088 0.789 1.177 1.0 0.797 1.639 1.076 1.111 1.0 0.997 0.729 1.064 1.062 1.0 0.846 0.733 1.21 0.773 1.0 0.88 0.714 0.686 1.119 1.0 0.89 1.163 0.707 0.999 1.0 0.813 0.997 0.713 1.045 1.0 0.703 0.991 0.921 1.031 1.0 0.792 0.735 0.939 1.096 1.0 0.849 0.966 0.654 0.86 1.0 0.884 1.087 1.0 1.058 1.0 0.69 1.039 1.0 1.021 1.0 0.76 0.947 1.0 0.776 1.0 0.8 0.816 1.0 0.842 1.0 1.0 1.143 1.0 0.803 1.0 1.0 0.911 1.0 0.724 1.0 1.0 0.97 1.0 0.73 1.0 1.0 1.384 1.0 0.873 1.0 1.0 1.347 1.0 0.678 1.0 1.0 0.752 1.0 0.681 1.0 1.0 0.716 1.0 0.659 1.0 1.0 0.695 1.0 0.706 1.0 1.0 0.87 1.0 1.0 1.0 1.0 0.843 1.0 1.0 1.0 1.0 0.838 1.0 1.0 1.0 1.0 0.645 1.0 1.0 1.0 1.0 1.0 1.0 1.0 1.0 1.0 1.0 1.0 1.0 1.0 1.0 1.0 1.0 1.0 1.0 1.0 1.0 1.0 1.0 1.0 1.0 1.0 1.0 1.0 1.0 1.0 1.0 1.0 1.0 1.0 1.0 1.0 1.0 1.0 1.0 1.0 1.0 1.0 1.0 1.0 1.0 1.0 1.0 1.0 1.0 1.0 1.0 1.0 1.0 1.0 1.0 1.0 1.0 1.0 1.0 1.0 1.0 1.0 1.0 1.0 1.0 1.0 1.0 1.0 1.0 1.0 1.0 1.0 1.0 1.0 1.0 1.0 1.0 1.0 1.0 1.0 1.0 1.0 1.0 1.0 1.0 1.0 1.0 1.0 1.0 1.0 1.0 1.0 1.0 1.0 1.0 1.0 1.0 1.0 1.0 1.0 1.0 1.0 1.0 1.0 1.0 1.0 1.0 1.0 1.0 1.0 1.0 1.0 1.0 1.0 1.0 1.0 1.0 1.0 1.0 1.0 1.0 1.0 1.0 1.0 1.0 1.0 1.0 1.0 1.0 1.0 1.0 1.0 1.0 1.0 1.0 1.0 1.0 1.0 1.0 1.0 1.0 1.0 1.0 1.0 1.0 1.0 1.0 0.872 1.026 1.158 0.904 1.022 1.001 1.283 1.228 0.889 1.159 1.038 1.311 0.856 1.034 1.301 0.807 0.916 0.735 0.684 0.864 1.333 1.317 1.304 1.225 1.16 0.805 0.8 0.737 0.512 0.797 0.913 0.985 1.302 0.927 0.81 1.007 0.84 0.908 0.733 1.013 0.785 0.752 0.95 1.317 0.737 1.093 1.029 1.258 0.765 1.208 0.793 1.042 0.978 0.888 1.301 0.719 0.939 0.963 0.756 0.753 1.173 0.699 1.12 1.0 1.172 0.778 1.187 1.069 1.0 1.282 0.972 0.749 1.166 1.0 0.701 0.624 1.047 1.135 1.0 1.16 0.852 1.02 0.979 1.0 1.041 1.067 0.709 0.984 1.0 0.8 0.735 1.075 0.845 1.0 0.706 1.102 1.021 0.835 1.0 0.752 1.1 1.012 1.138 1.0 0.754 1.125 1.078 1.081 1.0 0.74 0.702 1.031 0.802 1.0 0.768 0.862 1.159 0.798 1.0 1.536 0.927 0.649 1.081 1.0 0.966 0.978 1.144 0.803 1.0 0.723 0.683 0.932 1.288 1.0 0.711 0.73 0.646 0.804 1.0 1.0 0.675 0.856 1.071 1.0 1.0 0.829 1.248 1.168 1.0 1.0 1.069 1.064 1.17 1.0 1.0 1.033 0.763 0.73 1.0 1.0 0.688 0.937 0.802 1.0 1.0 0.658 0.922 1.327 1.0 1.0 1.0 0.709 1.339 1.0 1.0 1.0 1.264 1.271 1.0 1.0 1.0 0.706 0.771 1.0 1.0 1.0 0.754 1.125 1.0 1.0 1.0 0.745 0.872 1.0 1.0 1.0 0.738 0.909 1.0 1.0 1.0 0.794 1.034 1.0 1.0 1.0 0.752 0.737 1.0 1.0 1.0 0.737 0.683 1.0 1.0 1.0 1.033 0.707 1.0 1.0 1.0 0.914 0.685 1.0 1.0 1.0 0.683 0.699 1.0 1.0 1.0 1.05 0.674 1.0 1.0 1.0 0.911 0.616 1.0 1.0 1.0 1.015 0.621 1.0 1.0 1.0 0.779 1.0 1.0 1.0 1.0 0.653 1.0 1.0 1.0 1.0 0.677 1.0 1.0 1.0 1.0 0.844 1.0 1.0 1.0 1.0 0.664 1.0 1.0 1.0 1.0 0.678 1.0 1.0 1.0 1.0 0.705 1.0 1.0 1.0 1.0 0.72 1.0 1.0 1.0 1.0 0.715 1.0 1.0 1.0 1.0 0.689 1.0 1.0 1.0 1.0 0.676 1.0 1.0 1.0 1.0 1.0 1.0 1.0 1.0 1.0 1.0 1.0 1.0 1.0 1.0 1.0 1.0 1.0 1.0 1.0 1.0 1.0 1.0 1.0 1.0 1.0 1.0 1.0 1.0 1.0 1.0 1.0 1.0 1.0 1.0 1.0 1.0 1.0 1.0 1.0 1.0 1.0 1.0 1.0 1.0 1.0 1.0 1.0 1.0 1.0 1.0 1.0 1.0 1.0 1.0 1.0 1.0 1.0 1.0 1.0 1.0 1.0 1.0 1.0 1.0 1.0 1.0 1.0 1.0 1.0 1.0 1.0 1.0 1.0 1.0 1.0 1.0 1.0 1.0 1.0 1.0 1.0 1.0 1.0 1.196 1.198 1.011 1.15 0.838 1.055 1.279 1.238 1.225 1.211 1.312 0.942 0.854 1.27 1.212 0.82 0.877 0.996 0.729 0.83 0.969 1.186 1.183 0.933 1.081 0.835 1.155 0.919 1.225 0.795 1.222 0.488 1.09 0.739 1.232 0.948 1.153 0.721 0.982 1.067 1.156 1.258 1.345 1.116 1.144 0.991 1.277 1.344 1.285 0.768 0.769 1.154 1.188 1.18 1.305 1.102 0.65 1.13 0.992 1.232 1.247 1.308 1.352 1.357 1.026 1.248 0.506 1.395 1.105 1.311 1.126 1.502 0.68 0.835 0.8 1.251 1.232 0.685 1.405 0.785 1.065 0.998 1.259 1.296 1.0 1.34 0.636 1.286 1.463 1.0 1.374 1.27 1.241 0.653 1.0 0.972 1.099 1.291 1.368 1.0 1.077 0.679 1.339 0.662 1.0 1.021 1.252 1.066 1.192 1.0 0.858 1.07 0.905 0.987 1.0 1.07 1.447 1.459 0.708 1.0 1.083 1.45 0.838 1.111 1.0 1.28 0.97 0.744 1.009 1.0 1.238 1.47 1.191 1.045 1.0 1.167 0.808 0.768 0.72 1.0 0.968 1.522 1.223 0.871 1.0 1.263 0.566 1.163 0.673 1.0 1.214 0.779 1.188 0.851 1.0 0.704 1.161 0.851 1.011 1.0 0.714 1.268 1.155 0.76 1.0 0.719 1.125 0.759 1.0 1.0 0.734 0.613 0.863 1.0 1.0 0.685 0.686 1.0 1.0 1.0 0.654 0.67 1.0 1.0 1.0 0.627 0.706 1.0 1.0 1.0 1.086 0.706 1.0 1.0 1.0 0.728 0.709 1.0 1.0 1.0 1.202 0.702 1.0 1.0 1.0 1.22 1.0 1.0 1.0 1.0 0.943 1.0 1.0 1.0 1.0 1.45 1.0 1.0 1.0 1.0 0.75 1.0 1.0 1.0 1.0 0.877 1.0 1.0 1.0 1.0 1.151 1.0 1.0 1.0 1.0 0.752 1.0 1.0 1.0 1.0 0.798 1.0 1.0 1.0 1.0 1.0 1.0 1.0 1.0 1.0 1.0 1.0 1.0 1.0 1.0 1.0 1.0 1.0 1.0 1.0 1.0 1.0 1.0 1.0 1.0 1.0 1.0 1.0 1.0 1.0 1.0 1.0 1.0 1.0 1.0 1.0 1.0 1.0 1.0 1.0 1.0 1.0 1.0 1.0 1.0 1.0 1.0 1.0 1.0 1.0 1.0 1.0 1.0 1.0 1.0 1.0 1.0 1.0 1.0 1.0 1.0 1.0 1.0 1.0 1.0 1.0 1.0 1.0 1.0 1.0 1.0 1.0 1.0 1.0 1.0 1.0 1.0 1.0 1.0 1.0 1.0 1.0 1.0 1.0 1.0 1.0 1.0 1.0 1.0 1.0 1.0 1.0 1.0 1.0 1.0 1.0 1.0 1.0 1.0 1.0 1.0 1.0 1.0 1.0 1.0 1.0 1.0 1.0 1.0 1.0 1.0 1.0 1.0 1.0 1.0 1.0 1.0 1.0 1.0 1.0 1.0 1.0 1.0 1.0 1.0 1.0 1.0 1.0 1.0 1.0 1.0 1.0 1.0 1.0 1.0 1.0 1.0 1.0 1.0 1.0 0.872 0.944 1.158 1.15 0.838 1.277 1.037 1.234 0.781 1.221 0.869 0.759 0.989 1.178 1.231 0.94 0.75 1.269 0.763 1.005 0.985 1.316 1.266 0.925 0.88 0.993 0.934 0.717 1.053 1.148 0.996 0.886 1.27 1.082 0.944 1.166 0.902 0.707 1.213 1.212 0.822 1.025 0.903 1.351 1.099 0.693 0.814 0.984 1.285 1.218 1.368 1.027 1.018 1.313 1.074 1.045 0.951 0.898 1.303 0.568 0.607 1.161 0.941 1.41 1.223 1.347 0.845 0.848 0.854 1.412 0.786 1.306 0.983 0.943 0.626 1.328 1.344 0.961 1.0 1.241 0.825 1.279 1.321 1.0 1.274 0.842 1.163 0.82 1.0 1.286 1.138 1.192 1.158 1.0 1.472 0.868 0.871 0.952 1.0 0.725 1.078 0.613 1.304 1.0 0.843 1.005 0.63 1.101 1.0 0.925 1.157 0.871 0.693 1.0 0.913 1.359 0.864 1.115 1.0 1.83 0.957 0.866 1.007 1.0 1.071 0.898 1.205 1.158 1.0 0.738 1.38 0.867 1.047 1.0 1.91 0.858 0.917 1.159 1.0 0.971 1.086 1.1 0.83 1.0 0.679 0.871 0.966 0.746 1.0 0.868 1.087 0.821 0.759 1.0 0.794 0.993 1.402 0.921 1.0 0.659 1.0 1.106 1.223 1.0 0.839 1.0 1.187 0.822 1.0 0.698 1.0 0.785 0.854 1.0 0.691 1.0 0.914 0.721 1.0 0.742 1.0 0.854 0.794 1.0 0.734 1.0 0.82 0.703 1.0 0.733 1.0 0.73 1.447 1.0 2.373 1.0 1.0 0.705 1.0 0.65 1.0 1.0 0.708 1.0 0.675 1.0 1.0 1.066 1.0 1.0 1.0 1.0 0.685 1.0 1.0 1.0 1.0 0.81 1.0 1.0 1.0 1.0 1.985 1.0 1.0 1.0 1.0 1.0 1.0 1.0 1.0 1.0 1.0 1.0 1.0 1.0 1.0 1.0 1.0 1.0 1.0 1.0 1.0 1.0 1.0 1.0 1.0 1.0 1.0 1.0 1.0 1.0 1.0 1.0 1.0 1.0 1.0 1.0 1.0 1.0 1.0 1.0 1.0 1.0 1.0 1.0 1.0 1.0 1.0 1.0 1.0 1.0 1.0 1.0 1.0 1.0 1.0 1.0 1.0 1.0 1.0 1.0 1.0 1.0 1.0 1.0 1.0 1.0 1.0 1.0 1.0 1.0 1.0 1.0 1.0 1.0 1.0 1.0 1.0 1.0 1.0 1.0 1.0 1.0 1.0 1.0 1.0 1.0 1.0 1.0 1.0 1.0 1.0 1.0 1.0 1.0 1.0 1.0 1.0 1.0 1.0 1.0 1.0 1.0 1.0 1.0 1.0 1.0 1.0 1.0 1.0 1.0 1.0 1.0 1.0 1.0 1.0 1.0 1.0 1.0 1.0 1.0 1.0 1.0 1.0 1.0 1.0 1.0 1.0 1.0 1.0 1.0 1.0 1.0 1.0 1.0 1.0 1.0 1.0 1.0 1.0 1.0 1.0 1.0 1.0 1.0 1.0 1.0 1.0 1.0 1.0 1.0 1.0 1.0 1.0 1.0 1.0 1.0 1.0 1.0,2.3726082,1.3726082,0.4759963,0.3,0.6646641492843628,0.0003,5,5.2337456
71,0.23176324367523193,0.9936533,0.999 1.025 0.888 1.014 0.884 1.047 1.27 1.241 0.779 0.777 0.997 1.298 0.985 1.235 0.938 1.313 0.73 0.702 0.975 0.783 0.911 1.068 0.957 1.248 1.052 0.904 0.721 1.288 0.98 1.034 0.988 0.724 1.024 0.804 1.104 0.931 0.972 1.269 1.257 1.161 1.072 1.071 0.897 0.583 0.684 0.871 0.721 1.13 1.221 1.099 1.225 0.719 1.152 1.239 0.862 0.982 0.915 1.159 1.219 1.131 0.914 1.031 0.793 1.266 1.0 1.19 1.102 0.707 0.654 1.0 1.137 1.094 1.103 1.228 1.0 1.349 1.471 1.036 1.118 1.0 1.262 0.968 1.375 0.996 1.0 1.161 0.932 1.083 0.653 1.0 1.014 0.675 0.995 1.086 1.0 0.974 0.91 0.809 0.724 1.0 1.323 0.673 0.744 1.17 1.0 0.907 0.91 1.0 0.723 1.0 0.753 0.81 1.0 0.789 1.0 0.736 1.12 1.0 0.816 1.0 0.738 1.071 1.0 0.844 1.0 0.989 1.084 1.0 0.691 1.0 0.743 1.105 1.0 0.67 1.0 0.939 0.74 1.0 1.177 1.0 1.189 1.041 1.0 1.02 1.0 0.698 0.67 1.0 0.908 1.0 0.706 0.959 1.0 0.757 1.0 1.074 0.961 1.0 1.091 1.0 1.735 0.847 1.0 0.874 1.0 1.0 0.944 1.0 1.031 1.0 1.0 0.923 1.0 0.79 1.0 1.0 0.943 1.0 0.967 1.0 1.0 0.642 1.0 0.816 1.0 1.0 0.709 1.0 0.733 1.0 1.0 0.796 1.0 1.0 1.0 1.0 2.164 1.0 1.0 1.0 1.0 0.746 1.0 1.0 1.0 1.0 0.696 1.0 1.0 1.0 1.0 0.694 1.0 1.0 1.0 1.0 0.698 1.0 1.0 1.0 1.0 0.671 1.0 1.0 1.0 1.0 0.803 1.0 1.0 1.0 1.0 1.0 1.0 1.0 1.0 1.0 1.0 1.0 1.0 1.0 1.0 1.0 1.0 1.0 1.0 1.0 1.0 1.0 1.0 1.0 1.0 1.0 1.0 1.0 1.0 1.0 1.0 1.0 1.0 1.0 1.0 1.0 1.0 1.0 1.0 1.0 1.0 1.0 1.0 1.0 1.0 1.0 1.0 1.0 1.0 1.0 1.0 1.0 1.0 1.0 1.0 1.0 1.0 1.0 1.0 1.0 1.0 1.0 1.0 1.0 1.0 1.0 1.0 1.0 1.0 1.0 1.0 1.0 1.0 1.0 1.0 1.0 1.0 1.0 1.0 1.0 1.0 1.0 1.0 1.0 1.0 1.0 1.0 1.0 1.0 1.0 1.0 1.0 1.0 1.0 1.0 1.0 1.0 1.0 1.0 1.0 1.0 1.0 1.0 1.0 1.0 1.0 1.0 1.0 1.0 1.0 1.0 1.0 1.0 1.0 1.0 1.0 1.0 1.0 1.0 1.0 1.0 1.0 1.0 1.0 1.0 1.0 1.0 1.0 1.0 1.0 1.0 1.0 1.0 1.0 1.0 1.0 1.0 1.0 1.0 1.0 1.0 1.0 1.0 1.0 1.0 1.0 1.0 1.0 1.0 1.0 1.0 1.0 1.0 1.0 0.908 1.036 1.162 1.014 0.884 1.273 1.044 0.988 0.791 0.851 0.881 0.997 0.87 0.773 1.146 1.0 0.759 0.968 0.767 1.029 0.928 0.946 0.867 0.894 0.731 1.183 0.908 1.189 1.045 0.621 0.78 1.367 0.901 1.198 0.726 1.185 1.208 1.029 1.314 0.78 0.805 0.786 1.206 0.474 1.154 0.806 0.918 1.192 0.676 1.178 0.822 0.793 0.709 0.777 0.698 1.218 0.806 0.665 1.313 0.697 0.881 1.06 1.12 0.534 1.072 0.934 1.085 1.065 0.709 1.06 0.835 0.942 1.014 1.198 0.673 1.1 1.104 1.025 0.579 1.102 0.878 1.06 0.711 0.606 0.702 1.0 1.114 1.201 0.836 0.782 1.0 0.913 0.711 0.699 1.083 1.0 0.918 1.473 0.895 0.767 1.0 0.739 0.622 0.708 0.751 1.0 0.76 0.681 0.824 1.0 1.0 1.19 0.794 0.804 1.0 1.0 0.778 0.778 0.788 1.0 1.0 1.055 0.715 0.801 1.0 1.0 1.11 0.643 0.647 1.0 1.0 1.146 0.687 0.984 1.0 1.0 0.798 0.694 0.787 1.0 1.0 0.704 0.975 0.724 1.0 1.0 0.74 0.664 1.0 1.0 1.0 1.217 0.662 1.0 1.0 1.0 0.778 0.641 1.0 1.0 1.0 0.735 0.645 1.0 1.0 1.0 1.094 1.784 1.0 1.0 1.0 0.707 1.0 1.0 1.0 1.0 0.703 1.0 1.0 1.0 1.0 1.053 1.0 1.0 1.0 1.0 0.803 1.0 1.0 1.0 1.0 0.752 1.0 1.0 1.0 1.0 0.79 1.0 1.0 1.0 1.0 0.981 1.0 1.0 1.0 1.0 0.693 1.0 1.0 1.0 1.0 0.835 1.0 1.0 1.0 1.0 0.814 1.0 1.0 1.0 1.0 0.984 1.0 1.0 1.0 1.0 0.684 1.0 1.0 1.0 1.0 2.143 1.0 1.0 1.0 1.0 1.639 1.0 1.0 1.0 1.0 0.761 1.0 1.0 1.0 1.0 1.0 1.0 1.0 1.0 1.0 1.0 1.0 1.0 1.0 1.0 1.0 1.0 1.0 1.0 1.0 1.0 1.0 1.0 1.0 1.0 1.0 1.0 1.0 1.0 1.0 1.0 1.0 1.0 1.0 1.0 1.0 1.0 1.0 1.0 1.0 1.0 1.0 1.0 1.0 1.0 1.0 1.0 1.0 1.0 1.0 1.0 1.0 1.0 1.0 1.0 1.0 1.0 1.0 1.0 1.0 1.0 1.0 1.0 1.0 1.0 1.0 1.0 1.0 1.0 1.0 1.0 1.0 1.0 1.0 1.0 1.0 1.0 1.0 1.0 1.0 1.0 1.0 1.0 1.0 1.0 1.0 1.0 1.0 1.0 1.0 1.0 1.0 1.0 1.0 1.0 1.0 1.0 1.0 1.0 1.0 1.0 1.0 1.0 1.0 1.0 1.0 1.0 1.0 1.0 1.0 1.0 1.0 1.0 1.0 1.0 1.0 1.0 1.0 1.0 1.0 1.0 1.0 1.0 1.0 1.0 1.0 1.0 1.0 1.0 1.0 1.0 1.0 1.0 1.0 1.0 1.0 1.0 1.0 1.0 1.196 1.025 0.822 1.152 0.837 1.067 1.037 1.243 1.008 0.775 1.307 1.326 0.986 1.235 1.201 1.078 0.935 1.251 1.254 0.903 1.311 1.03 1.245 0.974 0.869 1.193 1.119 0.968 1.278 1.199 1.252 1.005 0.967 0.707 0.663 1.136 0.891 0.989 0.939 1.24 0.924 0.985 1.072 1.289 0.533 0.954 1.034 1.052 0.903 1.13 0.977 1.217 1.271 1.113 1.158 0.868 0.641 1.042 1.13 0.55 0.999 1.239 1.093 0.694 0.735 0.93 1.148 0.694 1.222 0.887 1.405 1.365 0.809 1.296 0.812 0.716 0.888 0.763 1.105 0.816 1.106 0.908 0.863 1.317 0.957 0.613 0.944 0.731 1.261 0.907 0.773 0.583 0.877 0.649 1.004 1.033 0.611 0.767 0.876 1.377 0.722 0.72 1.409 1.214 0.691 0.863 0.892 1.0 0.952 0.976 0.744 0.691 1.0 0.669 0.645 0.763 0.726 1.0 1.293 1.0 0.688 1.435 1.0 1.547 1.0 0.686 0.725 1.0 0.728 1.0 0.693 1.284 1.0 1.082 1.0 0.759 0.984 1.0 0.689 1.0 0.989 0.804 1.0 0.941 1.0 1.086 1.277 1.0 0.801 1.0 0.776 0.809 1.0 0.655 1.0 1.159 0.747 1.0 1.0 1.0 0.74 0.756 1.0 1.0 1.0 0.811 0.744 1.0 1.0 1.0 1.017 0.666 1.0 1.0 1.0 1.066 0.7 1.0 1.0 1.0 0.868 0.696 1.0 1.0 1.0 1.046 1.005 1.0 1.0 1.0 0.973 1.0 1.0 1.0 1.0 0.801 1.0 1.0 1.0 1.0 0.795 1.0 1.0 1.0 1.0 0.758 1.0 1.0 1.0 1.0 0.788 1.0 1.0 1.0 1.0 0.705 1.0 1.0 1.0 1.0 1.01 1.0 1.0 1.0 1.0 1.07 1.0 1.0 1.0 1.0 1.249 1.0 1.0 1.0 1.0 0.96 1.0 1.0 1.0 1.0 0.735 1.0 1.0 1.0 1.0 0.786 1.0 1.0 1.0 1.0 1.641 1.0 1.0 1.0 1.0 0.603 1.0 1.0 1.0 1.0 1.0 1.0 1.0 1.0 1.0 1.0 1.0 1.0 1.0 1.0 1.0 1.0 1.0 1.0 1.0 1.0 1.0 1.0 1.0 1.0 1.0 1.0 1.0 1.0 1.0 1.0 1.0 1.0 1.0 1.0 1.0 1.0 1.0 1.0 1.0 1.0 1.0 1.0 1.0 1.0 1.0 1.0 1.0 1.0 1.0 1.0 1.0 1.0 1.0 1.0 1.0 1.0 1.0 1.0 1.0 1.0 1.0 1.0 1.0 1.0 1.0 1.0 1.0 1.0 1.0 1.0 1.0 1.0 1.0 1.0 1.0 1.0 1.0 1.0 1.0 1.0 1.0 1.0 1.0 1.0 1.0 1.0 1.0 1.0 1.0 1.0 1.0 1.0 1.0 1.0 1.0 1.0 1.0 1.0 1.0 1.0 1.0 1.0 1.0 1.0 1.0 1.0 1.0 1.0 1.0 1.0 1.0 1.0 1.0 1.0 1.0 1.0 1.0 1.0 1.0 1.0 1.0 1.0 1.0 1.0 1.196 0.942 0.822 1.152 1.135 0.835 1.038 1.211 0.879 0.772 1.073 0.918 0.989 0.875 1.02 0.817 0.916 1.298 0.894 1.279 0.928 1.195 0.856 1.253 0.86 1.02 1.023 1.242 0.706 1.329 1.219 1.276 1.218 1.288 0.722 0.602 1.253 1.302 1.289 1.432 1.306 1.004 1.306 1.18 1.297 1.065 0.971 0.723 1.295 1.309 1.282 1.203 0.923 1.262 1.299 1.254 1.304 1.146 1.31 1.395 1.207 1.161 0.839 1.107 1.301 1.311 1.299 1.282 1.312 0.911 1.292 1.32 1.224 1.297 1.299 0.884 1.302 1.211 1.271 0.744 1.373 0.643 1.299 0.849 1.309 1.244 1.285 0.775 1.317 0.84 0.667 1.263 1.265 0.828 1.224 1.162 1.204 1.133 0.764 1.298 1.388 0.739 1.33 1.207 1.303 0.829 1.107 1.166 0.79 0.782 1.299 1.379 1.189 0.865 1.278 1.194 0.923 1.119 1.277 0.843 1.193 0.946 0.846 1.322 0.799 1.05 1.308 0.988 0.892 0.842 1.472 0.9 0.966 1.172 1.418 1.144 0.953 1.075 1.088 1.254 0.755 1.393 0.912 0.651 0.725 0.655 1.0 0.897 0.641 1.0 0.69 1.0 0.825 1.0 1.0 0.733 1.0 0.821 1.0 1.0 0.766 1.0 1.192 1.0 1.0 1.018 1.0 1.211 1.0 1.0 2.07 1.0 1.376 1.0 1.0 0.724 1.0 0.915 1.0 1.0 2.035 1.0 0.777 1.0 1.0 0.762 1.0 0.766 1.0 1.0 0.835 1.0 0.761 1.0 1.0 0.761 1.0 0.756 1.0 1.0 1.0 1.0 0.667 1.0 1.0 1.0 1.0 1.455 1.0 1.0 1.0 1.0 1.288 1.0 1.0 1.0 1.0 1.111 1.0 1.0 1.0 1.0 1.018 1.0 1.0 1.0 1.0 0.996 1.0 1.0 1.0 1.0 0.928 1.0 1.0 1.0 1.0 1.03 1.0 1.0 1.0 1.0 1.303 1.0 1.0 1.0 1.0 1.291 1.0 1.0 1.0 1.0 0.846 1.0 1.0 1.0 1.0 0.769 1.0 1.0 1.0 1.0 0.707 1.0 1.0 1.0 1.0 1.051 1.0 1.0 1.0 1.0 0.924 1.0 1.0 1.0 1.0 0.961 1.0 1.0 1.0 1.0 1.046 1.0 1.0 1.0 1.0 1.049 1.0 1.0 1.0 1.0 0.621 1.0 1.0 1.0 1.0 0.886 1.0 1.0 1.0 1.0 1.047 1.0 1.0 1.0 1.0 1.328 1.0 1.0 1.0 1.0 0.631 1.0 1.0 1.0 1.0 0.68 1.0 1.0 1.0 1.0 0.702 1.0 1.0 1.0 1.0 0.7 1.0 1.0 1.0 1.0 0.987 1.0 1.0 1.0 1.0 0.661 1.0 1.0 1.0 1.0 1.083 1.0 1.0 1.0 1.0 0.752 1.0 1.0 1.0 1.0 1.278 1.0 1.0 1.0 1.0 0.638 1.0 1.0 1.0 1.0 0.806 1.0 1.0 1.0 1.0 0.698 1.0 1.0 1.0 1.0 0.694 1.0 1.0 1.0 1.0 0.707 1.0 1.0 1.047 1.198 0.888 1.126 1.025 1.285 1.036 1.212 0.777 1.185 0.83 0.935 1.003 0.756 1.278 1.068 1.175 1.283 0.827 0.845 0.882 1.065 0.721 0.908 0.948 1.186 1.227 0.842 1.224 0.825 0.969 0.77 0.839 1.312 0.958 0.895 1.164 1.083 1.239 1.276 0.934 1.208 1.308 1.324 0.776 1.302 1.332 1.174 1.216 1.368 1.323 0.782 1.23 0.634 1.13 0.957 1.058 1.276 1.165 1.398 1.301 1.132 0.656 1.543 0.72 0.972 1.21 1.38 1.43 1.015 0.921 1.423 0.983 0.992 1.444 0.982 1.218 0.953 1.558 1.127 1.188 1.377 1.286 0.618 0.912 1.087 1.0 1.482 1.415 1.277 0.798 1.0 0.917 1.306 0.742 0.874 1.0 0.846 0.83 0.749 0.756 1.0 0.792 0.678 1.254 1.194 1.0 0.681 1.093 0.789 1.18 1.0 0.795 1.639 1.077 1.11 1.0 0.995 0.729 1.061 1.07 1.0 0.846 0.732 1.211 0.773 1.0 0.881 0.714 0.685 1.112 1.0 0.891 1.159 0.705 0.999 1.0 0.805 0.993 0.711 1.046 1.0 0.703 0.987 0.92 1.033 1.0 0.79 0.734 0.937 1.091 1.0 0.846 0.963 0.653 0.859 1.0 0.881 1.094 1.0 1.053 1.0 0.69 1.045 1.0 1.025 1.0 0.759 0.95 1.0 0.777 1.0 0.798 0.815 1.0 0.844 1.0 1.0 1.139 1.0 0.803 1.0 1.0 0.916 1.0 0.724 1.0 1.0 0.971 1.0 0.731 1.0 1.0 1.376 1.0 0.865 1.0 1.0 1.34 1.0 0.678 1.0 1.0 0.752 1.0 0.68 1.0 1.0 0.721 1.0 0.66 1.0 1.0 0.7 1.0 0.705 1.0 1.0 0.864 1.0 1.0 1.0 1.0 0.835 1.0 1.0 1.0 1.0 0.833 1.0 1.0 1.0 1.0 0.649 1.0 1.0 1.0 1.0 1.0 1.0 1.0 1.0 1.0 1.0 1.0 1.0 1.0 1.0 1.0 1.0 1.0 1.0 1.0 1.0 1.0 1.0 1.0 1.0 1.0 1.0 1.0 1.0 1.0 1.0 1.0 1.0 1.0 1.0 1.0 1.0 1.0 1.0 1.0 1.0 1.0 1.0 1.0 1.0 1.0 1.0 1.0 1.0 1.0 1.0 1.0 1.0 1.0 1.0 1.0 1.0 1.0 1.0 1.0 1.0 1.0 1.0 1.0 1.0 1.0 1.0 1.0 1.0 1.0 1.0 1.0 1.0 1.0 1.0 1.0 1.0 1.0 1.0 1.0 1.0 1.0 1.0 1.0 1.0 1.0 1.0 1.0 1.0 1.0 1.0 1.0 1.0 1.0 1.0 1.0 1.0 1.0 1.0 1.0 1.0 1.0 1.0 1.0 1.0 1.0 1.0 1.0 1.0 1.0 1.0 1.0 1.0 1.0 1.0 1.0 1.0 1.0 1.0 1.0 1.0 1.0 1.0 1.0 1.0 1.0 1.0 1.0 1.0 1.0 1.0 1.0 1.0 1.0 1.0 1.0 1.0 1.0 1.0 1.0 1.0 1.0 1.0 1.0 1.0 1.0 1.0 0.871 1.025 1.156 0.902 1.025 0.999 1.283 1.232 0.886 1.161 1.046 1.31 0.852 1.033 1.299 0.807 0.912 0.735 0.684 0.86 1.332 1.315 1.308 1.227 1.16 0.805 0.8 0.737 0.51 0.796 0.919 0.98 1.306 0.922 0.811 1.004 0.84 0.911 0.736 1.013 0.789 0.755 0.948 1.316 0.738 1.092 1.023 1.254 0.768 1.21 0.793 1.037 0.975 0.887 1.303 0.722 0.946 0.964 0.759 0.754 1.172 0.697 1.123 1.0 1.165 0.78 1.183 1.071 1.0 1.283 0.972 0.747 1.167 1.0 0.703 0.625 1.045 1.136 1.0 1.162 0.854 1.029 0.981 1.0 1.043 1.063 0.708 0.983 1.0 0.8 0.737 1.075 0.844 1.0 0.705 1.099 1.02 0.832 1.0 0.751 1.096 1.01 1.144 1.0 0.754 1.122 1.078 1.083 1.0 0.741 0.704 1.038 0.8 1.0 0.767 0.864 1.158 0.796 1.0 1.539 0.93 0.647 1.083 1.0 0.963 0.98 1.142 0.801 1.0 0.724 0.683 0.929 1.284 1.0 0.714 0.731 0.644 0.802 1.0 1.0 0.674 0.852 1.073 1.0 1.0 0.828 1.258 1.174 1.0 1.0 1.063 1.063 1.176 1.0 1.0 1.035 0.759 0.728 1.0 1.0 0.684 0.935 0.801 1.0 1.0 0.659 0.92 1.323 1.0 1.0 1.0 0.706 1.336 1.0 1.0 1.0 1.26 1.268 1.0 1.0 1.0 0.702 0.769 1.0 1.0 1.0 0.751 1.127 1.0 1.0 1.0 0.742 0.871 1.0 1.0 1.0 0.735 0.908 1.0 1.0 1.0 0.792 1.035 1.0 1.0 1.0 0.748 0.737 1.0 1.0 1.0 0.732 0.683 1.0 1.0 1.0 1.032 0.708 1.0 1.0 1.0 0.912 0.686 1.0 1.0 1.0 0.681 0.698 1.0 1.0 1.0 1.053 0.675 1.0 1.0 1.0 0.91 0.613 1.0 1.0 1.0 1.016 0.623 1.0 1.0 1.0 0.772 1.0 1.0 1.0 1.0 0.651 1.0 1.0 1.0 1.0 0.676 1.0 1.0 1.0 1.0 0.836 1.0 1.0 1.0 1.0 0.663 1.0 1.0 1.0 1.0 0.677 1.0 1.0 1.0 1.0 0.704 1.0 1.0 1.0 1.0 0.723 1.0 1.0 1.0 1.0 0.719 1.0 1.0 1.0 1.0 0.692 1.0 1.0 1.0 1.0 0.68 1.0 1.0 1.0 1.0 1.0 1.0 1.0 1.0 1.0 1.0 1.0 1.0 1.0 1.0 1.0 1.0 1.0 1.0 1.0 1.0 1.0 1.0 1.0 1.0 1.0 1.0 1.0 1.0 1.0 1.0 1.0 1.0 1.0 1.0 1.0 1.0 1.0 1.0 1.0 1.0 1.0 1.0 1.0 1.0 1.0 1.0 1.0 1.0 1.0 1.0 1.0 1.0 1.0 1.0 1.0 1.0 1.0 1.0 1.0 1.0 1.0 1.0 1.0 1.0 1.0 1.0 1.0 1.0 1.0 1.0 1.0 1.0 1.0 1.0 1.0 1.0 1.0 1.0 1.0 1.0 1.0 1.0 1.0 1.196 1.198 1.014 1.152 0.837 1.062 1.279 1.236 1.228 1.208 1.312 0.938 0.851 1.274 1.209 0.819 0.875 1.001 0.729 0.83 0.965 1.186 1.185 0.937 1.083 0.834 1.149 0.921 1.22 0.795 1.225 0.487 1.089 0.739 1.235 0.953 1.153 0.723 0.98 1.069 1.156 1.252 1.347 1.119 1.143 0.984 1.282 1.345 1.281 0.773 0.771 1.154 1.193 1.182 1.302 1.095 0.65 1.131 0.99 1.23 1.25 1.305 1.355 1.351 1.025 1.251 0.503 1.399 1.107 1.31 1.12 1.505 0.679 0.838 0.805 1.254 1.228 0.685 1.407 0.789 1.06 0.998 1.259 1.299 1.0 1.344 0.636 1.285 1.465 1.0 1.381 1.273 1.244 0.652 1.0 0.963 1.107 1.292 1.369 1.0 1.079 0.676 1.34 0.661 1.0 1.026 1.255 1.07 1.194 1.0 0.853 1.077 0.909 0.984 1.0 1.073 1.45 1.458 0.709 1.0 1.087 1.454 0.843 1.108 1.0 1.283 0.972 0.743 1.006 1.0 1.24 1.473 1.186 1.044 1.0 1.169 0.812 0.768 0.721 1.0 0.969 1.527 1.218 0.87 1.0 1.256 0.565 1.158 0.67 1.0 1.206 0.781 1.184 0.851 1.0 0.705 1.161 0.845 1.008 1.0 0.715 1.269 1.148 0.761 1.0 0.719 1.114 0.759 1.0 1.0 0.733 0.611 0.867 1.0 1.0 0.686 0.686 1.0 1.0 1.0 0.654 0.669 1.0 1.0 1.0 0.626 0.705 1.0 1.0 1.0 1.086 0.706 1.0 1.0 1.0 0.728 0.708 1.0 1.0 1.0 1.204 0.702 1.0 1.0 1.0 1.223 1.0 1.0 1.0 1.0 0.944 1.0 1.0 1.0 1.0 1.434 1.0 1.0 1.0 1.0 0.751 1.0 1.0 1.0 1.0 0.88 1.0 1.0 1.0 1.0 1.147 1.0 1.0 1.0 1.0 0.753 1.0 1.0 1.0 1.0 0.799 1.0 1.0 1.0 1.0 1.0 1.0 1.0 1.0 1.0 1.0 1.0 1.0 1.0 1.0 1.0 1.0 1.0 1.0 1.0 1.0 1.0 1.0 1.0 1.0 1.0 1.0 1.0 1.0 1.0 1.0 1.0 1.0 1.0 1.0 1.0 1.0 1.0 1.0 1.0 1.0 1.0 1.0 1.0 1.0 1.0 1.0 1.0 1.0 1.0 1.0 1.0 1.0 1.0 1.0 1.0 1.0 1.0 1.0 1.0 1.0 1.0 1.0 1.0 1.0 1.0 1.0 1.0 1.0 1.0 1.0 1.0 1.0 1.0 1.0 1.0 1.0 1.0 1.0 1.0 1.0 1.0 1.0 1.0 1.0 1.0 1.0 1.0 1.0 1.0 1.0 1.0 1.0 1.0 1.0 1.0 1.0 1.0 1.0 1.0 1.0 1.0 1.0 1.0 1.0 1.0 1.0 1.0 1.0 1.0 1.0 1.0 1.0 1.0 1.0 1.0 1.0 1.0 1.0 1.0 1.0 1.0 1.0 1.0 1.0 1.0 1.0 1.0 1.0 1.0 1.0 1.0 1.0 1.0 1.0 1.0 1.0 1.0 1.0 1.0 0.871 0.942 1.156 1.152 0.837 1.276 1.044 1.238 0.781 1.219 0.864 0.757 0.993 1.174 1.234 0.939 0.749 1.273 0.763 1.01 0.979 1.317 1.27 0.922 0.879 0.987 0.928 0.717 1.052 1.145 0.991 0.891 1.274 1.082 0.943 1.165 0.901 0.706 1.217 1.208 0.826 1.024 0.9 1.353 1.101 0.695 0.817 0.99 1.292 1.219 1.369 1.02 1.024 1.315 1.076 1.039 0.953 0.895 1.312 0.567 0.608 1.161 0.939 1.414 1.226 1.348 0.849 0.851 0.855 1.41 0.788 1.305 0.984 0.945 0.625 1.329 1.344 0.962 1.0 1.24 0.828 1.279 1.324 1.0 1.277 0.845 1.164 0.821 1.0 1.282 1.141 1.193 1.157 1.0 1.474 0.872 0.875 0.954 1.0 0.725 1.077 0.613 1.307 1.0 0.842 1.003 0.629 1.105 1.0 0.92 1.159 0.868 0.693 1.0 0.908 1.361 0.866 1.109 1.0 1.839 0.961 0.869 1.005 1.0 1.07 0.897 1.208 1.152 1.0 0.737 1.384 0.869 1.053 1.0 1.919 0.856 0.92 1.153 1.0 0.969 1.088 1.1 0.829 1.0 0.678 0.874 0.952 0.745 1.0 0.861 1.075 0.819 0.758 1.0 0.793 0.994 1.406 0.916 1.0 0.659 1.0 1.092 1.215 1.0 0.832 1.0 1.174 0.821 1.0 0.698 1.0 0.784 0.859 1.0 0.69 1.0 0.915 0.719 1.0 0.739 1.0 0.855 0.793 1.0 0.735 1.0 0.821 0.704 1.0 0.731 1.0 0.728 1.439 1.0 2.375 1.0 1.0 0.706 1.0 0.649 1.0 1.0 0.707 1.0 0.674 1.0 1.0 1.062 1.0 1.0 1.0 1.0 0.691 1.0 1.0 1.0 1.0 0.805 1.0 1.0 1.0 1.0 1.98 1.0 1.0 1.0 1.0 1.0 1.0 1.0 1.0 1.0 1.0 1.0 1.0 1.0 1.0 1.0 1.0 1.0 1.0 1.0 1.0 1.0 1.0 1.0 1.0 1.0 1.0 1.0 1.0 1.0 1.0 1.0 1.0 1.0 1.0 1.0 1.0 1.0 1.0 1.0 1.0 1.0 1.0 1.0 1.0 1.0 1.0 1.0 1.0 1.0 1.0 1.0 1.0 1.0 1.0 1.0 1.0 1.0 1.0 1.0 1.0 1.0 1.0 1.0 1.0 1.0 1.0 1.0 1.0 1.0 1.0 1.0 1.0 1.0 1.0 1.0 1.0 1.0 1.0 1.0 1.0 1.0 1.0 1.0 1.0 1.0 1.0 1.0 1.0 1.0 1.0 1.0 1.0 1.0 1.0 1.0 1.0 1.0 1.0 1.0 1.0 1.0 1.0 1.0 1.0 1.0 1.0 1.0 1.0 1.0 1.0 1.0 1.0 1.0 1.0 1.0 1.0 1.0 1.0 1.0 1.0 1.0 1.0 1.0 1.0 1.0 1.0 1.0 1.0 1.0 1.0 1.0 1.0 1.0 1.0 1.0 1.0 1.0 1.0 1.0 1.0 1.0 1.0 1.0 1.0 1.0 1.0 1.0 1.0 1.0 1.0 1.0 1.0 1.0 1.0 1.0 1.0 1.0,2.3749614,1.3749614,0.4741175,0.3,0.6696783304214478,0.0003,5,5.2278185
72,0.23250851035118103,0.99359524,0.998 1.024 0.885 1.017 0.881 1.053 1.269 1.245 0.778 0.776 0.995 1.297 0.99 1.238 0.935 1.312 0.728 0.7 0.979 0.783 0.906 1.065 0.961 1.245 1.053 0.899 0.718 1.287 0.978 1.032 0.984 0.721 1.022 0.805 1.102 0.93 0.98 1.269 1.257 1.162 1.072 1.068 0.895 0.584 0.684 0.872 0.719 1.132 1.221 1.105 1.227 0.718 1.154 1.238 0.868 0.987 0.911 1.162 1.22 1.132 0.919 1.04 0.795 1.27 1.0 1.19 1.1 0.708 0.654 1.0 1.136 1.091 1.102 1.231 1.0 1.352 1.472 1.033 1.115 1.0 1.258 0.973 1.374 0.994 1.0 1.156 0.936 1.077 0.652 1.0 1.01 0.672 0.993 1.084 1.0 0.972 0.914 0.812 0.724 1.0 1.326 0.671 0.745 1.171 1.0 0.905 0.906 1.0 0.723 1.0 0.755 0.811 1.0 0.788 1.0 0.738 1.123 1.0 0.815 1.0 0.739 1.076 1.0 0.844 1.0 0.985 1.089 1.0 0.692 1.0 0.745 1.102 1.0 0.669 1.0 0.936 0.734 1.0 1.178 1.0 1.191 1.042 1.0 1.015 1.0 0.699 0.67 1.0 0.908 1.0 0.707 0.952 1.0 0.757 1.0 1.075 0.959 1.0 1.092 1.0 1.729 0.84 1.0 0.875 1.0 1.0 0.947 1.0 1.032 1.0 1.0 0.924 1.0 0.79 1.0 1.0 0.944 1.0 0.961 1.0 1.0 0.638 1.0 0.812 1.0 1.0 0.709 1.0 0.732 1.0 1.0 0.79 1.0 1.0 1.0 1.0 2.163 1.0 1.0 1.0 1.0 0.745 1.0 1.0 1.0 1.0 0.699 1.0 1.0 1.0 1.0 0.697 1.0 1.0 1.0 1.0 0.701 1.0 1.0 1.0 1.0 0.671 1.0 1.0 1.0 1.0 0.803 1.0 1.0 1.0 1.0 1.0 1.0 1.0 1.0 1.0 1.0 1.0 1.0 1.0 1.0 1.0 1.0 1.0 1.0 1.0 1.0 1.0 1.0 1.0 1.0 1.0 1.0 1.0 1.0 1.0 1.0 1.0 1.0 1.0 1.0 1.0 1.0 1.0 1.0 1.0 1.0 1.0 1.0 1.0 1.0 1.0 1.0 1.0 1.0 1.0 1.0 1.0 1.0 1.0 1.0 1.0 1.0 1.0 1.0 1.0 1.0 1.0 1.0 1.0 1.0 1.0 1.0 1.0 1.0 1.0 1.0 1.0 1.0 1.0 1.0 1.0 1.0 1.0 1.0 1.0 1.0 1.0 1.0 1.0 1.0 1.0 1.0 1.0 1.0 1.0 1.0 1.0 1.0 1.0 1.0 1.0 1.0 1.0 1.0 1.0 1.0 1.0 1.0 1.0 1.0 1.0 1.0 1.0 1.0 1.0 1.0 1.0 1.0 1.0 1.0 1.0 1.0 1.0 1.0 1.0 1.0 1.0 1.0 1.0 1.0 1.0 1.0 1.0 1.0 1.0 1.0 1.0 1.0 1.0 1.0 1.0 1.0 1.0 1.0 1.0 1.0 1.0 1.0 1.0 1.0 1.0 1.0 1.0 1.0 1.0 1.0 1.0 1.0 1.0 0.905 1.04 1.165 1.017 0.881 1.274 1.052 0.992 0.79 0.847 0.876 0.994 0.866 0.772 1.146 0.997 0.756 0.973 0.766 1.032 0.928 0.942 0.863 0.896 0.733 1.184 0.914 1.189 1.045 0.621 0.782 1.372 0.899 1.199 0.726 1.186 1.211 1.029 1.313 0.782 0.809 0.789 1.206 0.472 1.152 0.809 0.919 1.193 0.675 1.177 0.825 0.796 0.708 0.779 0.7 1.219 0.809 0.662 1.315 0.699 0.874 1.059 1.121 0.533 1.077 0.929 1.084 1.06 0.71 1.056 0.83 0.937 1.014 1.195 0.673 1.101 1.103 1.024 0.579 1.099 0.874 1.058 0.711 0.606 0.702 1.0 1.112 1.202 0.831 0.782 1.0 0.908 0.711 0.701 1.077 1.0 0.912 1.475 0.895 0.761 1.0 0.739 0.622 0.71 0.753 1.0 0.76 0.674 0.823 1.0 1.0 1.19 0.793 0.802 1.0 1.0 0.779 0.776 0.786 1.0 1.0 1.043 0.714 0.8 1.0 1.0 1.112 0.641 0.646 1.0 1.0 1.135 0.687 0.973 1.0 1.0 0.795 0.693 0.786 1.0 1.0 0.699 0.964 0.72 1.0 1.0 0.733 0.657 1.0 1.0 1.0 1.217 0.663 1.0 1.0 1.0 0.775 0.639 1.0 1.0 1.0 0.733 0.646 1.0 1.0 1.0 1.099 1.782 1.0 1.0 1.0 0.704 1.0 1.0 1.0 1.0 0.7 1.0 1.0 1.0 1.0 1.057 1.0 1.0 1.0 1.0 0.8 1.0 1.0 1.0 1.0 0.747 1.0 1.0 1.0 1.0 0.789 1.0 1.0 1.0 1.0 0.982 1.0 1.0 1.0 1.0 0.693 1.0 1.0 1.0 1.0 0.836 1.0 1.0 1.0 1.0 0.815 1.0 1.0 1.0 1.0 0.974 1.0 1.0 1.0 1.0 0.686 1.0 1.0 1.0 1.0 2.148 1.0 1.0 1.0 1.0 1.636 1.0 1.0 1.0 1.0 0.763 1.0 1.0 1.0 1.0 1.0 1.0 1.0 1.0 1.0 1.0 1.0 1.0 1.0 1.0 1.0 1.0 1.0 1.0 1.0 1.0 1.0 1.0 1.0 1.0 1.0 1.0 1.0 1.0 1.0 1.0 1.0 1.0 1.0 1.0 1.0 1.0 1.0 1.0 1.0 1.0 1.0 1.0 1.0 1.0 1.0 1.0 1.0 1.0 1.0 1.0 1.0 1.0 1.0 1.0 1.0 1.0 1.0 1.0 1.0 1.0 1.0 1.0 1.0 1.0 1.0 1.0 1.0 1.0 1.0 1.0 1.0 1.0 1.0 1.0 1.0 1.0 1.0 1.0 1.0 1.0 1.0 1.0 1.0 1.0 1.0 1.0 1.0 1.0 1.0 1.0 1.0 1.0 1.0 1.0 1.0 1.0 1.0 1.0 1.0 1.0 1.0 1.0 1.0 1.0 1.0 1.0 1.0 1.0 1.0 1.0 1.0 1.0 1.0 1.0 1.0 1.0 1.0 1.0 1.0 1.0 1.0 1.0 1.0 1.0 1.0 1.0 1.0 1.0 1.0 1.0 1.0 1.0 1.0 1.0 1.0 1.0 1.0 1.0 1.197 1.024 0.821 1.155 0.836 1.074 1.044 1.247 1.011 0.774 1.307 1.326 0.991 1.238 1.198 1.087 0.93 1.248 1.258 0.905 1.312 1.027 1.241 0.979 0.871 1.205 1.129 0.973 1.282 1.198 1.255 1.013 0.965 0.706 0.663 1.146 0.888 0.989 0.944 1.239 0.919 0.984 1.071 1.289 0.532 0.95 1.031 1.053 0.902 1.131 0.983 1.22 1.27 1.114 1.16 0.874 0.644 1.042 1.131 0.55 1.006 1.235 1.09 0.693 0.737 0.923 1.145 0.695 1.224 0.886 1.418 1.372 0.808 1.295 0.815 0.706 0.878 0.764 1.105 0.819 1.102 0.898 0.863 1.318 0.951 0.61 0.942 0.726 1.262 0.905 0.775 0.583 0.879 0.649 1.001 1.031 0.612 0.768 0.876 1.377 0.719 0.722 1.406 1.216 0.69 0.854 0.89 1.0 0.952 0.978 0.745 0.691 1.0 0.669 0.645 0.754 0.728 1.0 1.297 1.0 0.686 1.441 1.0 1.546 1.0 0.686 0.726 1.0 0.726 1.0 0.692 1.277 1.0 1.084 1.0 0.758 0.98 1.0 0.688 1.0 0.99 0.803 1.0 0.935 1.0 1.089 1.281 1.0 0.799 1.0 0.768 0.808 1.0 0.655 1.0 1.163 0.749 1.0 1.0 1.0 0.739 0.755 1.0 1.0 1.0 0.803 0.743 1.0 1.0 1.0 1.017 0.666 1.0 1.0 1.0 1.069 0.701 1.0 1.0 1.0 0.867 0.695 1.0 1.0 1.0 1.048 1.003 1.0 1.0 1.0 0.973 1.0 1.0 1.0 1.0 0.795 1.0 1.0 1.0 1.0 0.795 1.0 1.0 1.0 1.0 0.758 1.0 1.0 1.0 1.0 0.79 1.0 1.0 1.0 1.0 0.704 1.0 1.0 1.0 1.0 0.994 1.0 1.0 1.0 1.0 1.055 1.0 1.0 1.0 1.0 1.232 1.0 1.0 1.0 1.0 0.956 1.0 1.0 1.0 1.0 0.736 1.0 1.0 1.0 1.0 0.789 1.0 1.0 1.0 1.0 1.631 1.0 1.0 1.0 1.0 0.606 1.0 1.0 1.0 1.0 1.0 1.0 1.0 1.0 1.0 1.0 1.0 1.0 1.0 1.0 1.0 1.0 1.0 1.0 1.0 1.0 1.0 1.0 1.0 1.0 1.0 1.0 1.0 1.0 1.0 1.0 1.0 1.0 1.0 1.0 1.0 1.0 1.0 1.0 1.0 1.0 1.0 1.0 1.0 1.0 1.0 1.0 1.0 1.0 1.0 1.0 1.0 1.0 1.0 1.0 1.0 1.0 1.0 1.0 1.0 1.0 1.0 1.0 1.0 1.0 1.0 1.0 1.0 1.0 1.0 1.0 1.0 1.0 1.0 1.0 1.0 1.0 1.0 1.0 1.0 1.0 1.0 1.0 1.0 1.0 1.0 1.0 1.0 1.0 1.0 1.0 1.0 1.0 1.0 1.0 1.0 1.0 1.0 1.0 1.0 1.0 1.0 1.0 1.0 1.0 1.0 1.0 1.0 1.0 1.0 1.0 1.0 1.0 1.0 1.0 1.0 1.0 1.0 1.0 1.0 1.0 1.0 1.0 1.0 1.0 1.197 0.939 0.821 1.155 1.137 0.834 1.045 1.208 0.876 0.771 1.081 0.914 0.994 0.872 1.025 0.815 0.912 1.303 0.895 1.276 0.928 1.199 0.852 1.254 0.86 1.017 1.019 1.245 0.706 1.33 1.221 1.276 1.221 1.286 0.722 0.602 1.252 1.302 1.287 1.432 1.306 1.012 1.307 1.184 1.297 1.075 0.98 0.723 1.295 1.308 1.282 1.202 0.923 1.266 1.301 1.255 1.298 1.148 1.314 1.399 1.204 1.162 0.839 1.109 1.298 1.31 1.299 1.283 1.314 0.909 1.293 1.323 1.227 1.3 1.3 0.884 1.304 1.215 1.27 0.744 1.373 0.643 1.298 0.849 1.306 1.245 1.286 0.774 1.318 0.844 0.668 1.258 1.267 0.831 1.227 1.166 1.204 1.135 0.766 1.301 1.387 0.74 1.331 1.209 1.305 0.827 1.111 1.165 0.792 0.782 1.301 1.382 1.193 0.868 1.276 1.194 0.929 1.122 1.276 0.844 1.193 0.952 0.842 1.321 0.8 1.051 1.303 0.99 0.894 0.845 1.468 0.905 0.967 1.172 1.42 1.145 0.96 1.076 1.093 1.251 0.754 1.388 0.909 0.652 0.724 0.654 1.0 0.895 0.639 1.0 0.69 1.0 0.824 1.0 1.0 0.733 1.0 0.819 1.0 1.0 0.766 1.0 1.198 1.0 1.0 1.014 1.0 1.217 1.0 1.0 2.066 1.0 1.376 1.0 1.0 0.723 1.0 0.914 1.0 1.0 2.027 1.0 0.776 1.0 1.0 0.763 1.0 0.765 1.0 1.0 0.84 1.0 0.759 1.0 1.0 0.761 1.0 0.755 1.0 1.0 1.0 1.0 0.665 1.0 1.0 1.0 1.0 1.455 1.0 1.0 1.0 1.0 1.287 1.0 1.0 1.0 1.0 1.111 1.0 1.0 1.0 1.0 1.018 1.0 1.0 1.0 1.0 0.996 1.0 1.0 1.0 1.0 0.926 1.0 1.0 1.0 1.0 1.027 1.0 1.0 1.0 1.0 1.306 1.0 1.0 1.0 1.0 1.294 1.0 1.0 1.0 1.0 0.845 1.0 1.0 1.0 1.0 0.769 1.0 1.0 1.0 1.0 0.707 1.0 1.0 1.0 1.0 1.05 1.0 1.0 1.0 1.0 0.922 1.0 1.0 1.0 1.0 0.959 1.0 1.0 1.0 1.0 1.043 1.0 1.0 1.0 1.0 1.046 1.0 1.0 1.0 1.0 0.621 1.0 1.0 1.0 1.0 0.885 1.0 1.0 1.0 1.0 1.044 1.0 1.0 1.0 1.0 1.331 1.0 1.0 1.0 1.0 0.631 1.0 1.0 1.0 1.0 0.678 1.0 1.0 1.0 1.0 0.702 1.0 1.0 1.0 1.0 0.699 1.0 1.0 1.0 1.0 0.986 1.0 1.0 1.0 1.0 0.66 1.0 1.0 1.0 1.0 1.081 1.0 1.0 1.0 1.0 0.754 1.0 1.0 1.0 1.0 1.279 1.0 1.0 1.0 1.0 0.64 1.0 1.0 1.0 1.0 0.806 1.0 1.0 1.0 1.0 0.698 1.0 1.0 1.0 1.0 0.693 1.0 1.0 1.0 1.0 0.708 1.0 1.0 1.052 1.198 0.885 1.124 1.028 1.285 1.043 1.209 0.776 1.188 0.829 0.931 1.008 0.755 1.276 1.077 1.179 1.288 0.827 0.841 0.879 1.065 0.72 0.908 0.946 1.192 1.231 0.841 1.226 0.826 0.967 0.773 0.839 1.31 0.96 0.899 1.162 1.084 1.241 1.277 0.938 1.21 1.308 1.327 0.779 1.3 1.33 1.176 1.216 1.368 1.321 0.785 1.233 0.632 1.129 0.948 1.06 1.278 1.16 1.397 1.301 1.13 0.656 1.55 0.72 0.977 1.212 1.382 1.429 1.012 0.922 1.422 0.987 0.992 1.444 0.987 1.221 0.956 1.563 1.125 1.185 1.376 1.29 0.617 0.91 1.086 1.0 1.484 1.419 1.277 0.799 1.0 0.917 1.311 0.743 0.871 1.0 0.844 0.831 0.749 0.755 1.0 0.793 0.676 1.257 1.193 1.0 0.68 1.097 0.79 1.182 1.0 0.794 1.64 1.078 1.107 1.0 0.993 0.729 1.058 1.078 1.0 0.846 0.732 1.213 0.773 1.0 0.881 0.715 0.684 1.107 1.0 0.891 1.155 0.703 0.999 1.0 0.797 0.99 0.708 1.046 1.0 0.701 0.984 0.919 1.033 1.0 0.788 0.733 0.935 1.086 1.0 0.843 0.961 0.651 0.858 1.0 0.878 1.101 1.0 1.047 1.0 0.689 1.051 1.0 1.028 1.0 0.759 0.953 1.0 0.777 1.0 0.796 0.814 1.0 0.847 1.0 1.0 1.134 1.0 0.803 1.0 1.0 0.921 1.0 0.724 1.0 1.0 0.973 1.0 0.731 1.0 1.0 1.368 1.0 0.855 1.0 1.0 1.332 1.0 0.679 1.0 1.0 0.751 1.0 0.679 1.0 1.0 0.725 1.0 0.661 1.0 1.0 0.704 1.0 0.704 1.0 1.0 0.856 1.0 1.0 1.0 1.0 0.826 1.0 1.0 1.0 1.0 0.828 1.0 1.0 1.0 1.0 0.653 1.0 1.0 1.0 1.0 1.0 1.0 1.0 1.0 1.0 1.0 1.0 1.0 1.0 1.0 1.0 1.0 1.0 1.0 1.0 1.0 1.0 1.0 1.0 1.0 1.0 1.0 1.0 1.0 1.0 1.0 1.0 1.0 1.0 1.0 1.0 1.0 1.0 1.0 1.0 1.0 1.0 1.0 1.0 1.0 1.0 1.0 1.0 1.0 1.0 1.0 1.0 1.0 1.0 1.0 1.0 1.0 1.0 1.0 1.0 1.0 1.0 1.0 1.0 1.0 1.0 1.0 1.0 1.0 1.0 1.0 1.0 1.0 1.0 1.0 1.0 1.0 1.0 1.0 1.0 1.0 1.0 1.0 1.0 1.0 1.0 1.0 1.0 1.0 1.0 1.0 1.0 1.0 1.0 1.0 1.0 1.0 1.0 1.0 1.0 1.0 1.0 1.0 1.0 1.0 1.0 1.0 1.0 1.0 1.0 1.0 1.0 1.0 1.0 1.0 1.0 1.0 1.0 1.0 1.0 1.0 1.0 1.0 1.0 1.0 1.0 1.0 1.0 1.0 1.0 1.0 1.0 1.0 1.0 1.0 1.0 1.0 1.0 1.0 1.0 1.0 1.0 1.0 1.0 1.0 1.0 1.0 0.87 1.024 1.155 0.9 1.028 0.997 1.283 1.236 0.882 1.163 1.054 1.31 0.848 1.032 1.298 0.806 0.908 0.733 0.684 0.856 1.331 1.314 1.314 1.227 1.16 0.804 0.798 0.736 0.509 0.794 0.925 0.975 1.311 0.917 0.813 1.001 0.839 0.915 0.74 1.012 0.792 0.757 0.945 1.319 0.739 1.09 1.018 1.25 0.771 1.21 0.794 1.034 0.973 0.885 1.303 0.725 0.953 0.965 0.762 0.755 1.171 0.694 1.125 1.0 1.16 0.782 1.18 1.071 1.0 1.281 0.972 0.745 1.168 1.0 0.704 0.626 1.043 1.138 1.0 1.163 0.857 1.039 0.984 1.0 1.046 1.058 0.706 0.983 1.0 0.799 0.738 1.075 0.843 1.0 0.706 1.094 1.019 0.83 1.0 0.75 1.092 1.008 1.15 1.0 0.754 1.118 1.077 1.086 1.0 0.741 0.706 1.045 0.797 1.0 0.765 0.866 1.155 0.793 1.0 1.543 0.932 0.645 1.085 1.0 0.959 0.981 1.141 0.799 1.0 0.725 0.683 0.927 1.28 1.0 0.717 0.731 0.642 0.8 1.0 1.0 0.674 0.849 1.075 1.0 1.0 0.827 1.269 1.18 1.0 1.0 1.057 1.062 1.182 1.0 1.0 1.037 0.754 0.726 1.0 1.0 0.681 0.934 0.799 1.0 1.0 0.66 0.919 1.32 1.0 1.0 1.0 0.701 1.333 1.0 1.0 1.0 1.257 1.265 1.0 1.0 1.0 0.698 0.766 1.0 1.0 1.0 0.748 1.13 1.0 1.0 1.0 0.738 0.869 1.0 1.0 1.0 0.731 0.907 1.0 1.0 1.0 0.789 1.036 1.0 1.0 1.0 0.744 0.737 1.0 1.0 1.0 0.728 0.684 1.0 1.0 1.0 1.031 0.708 1.0 1.0 1.0 0.91 0.687 1.0 1.0 1.0 0.68 0.698 1.0 1.0 1.0 1.057 0.677 1.0 1.0 1.0 0.91 0.611 1.0 1.0 1.0 1.017 0.624 1.0 1.0 1.0 0.766 1.0 1.0 1.0 1.0 0.65 1.0 1.0 1.0 1.0 0.674 1.0 1.0 1.0 1.0 0.828 1.0 1.0 1.0 1.0 0.662 1.0 1.0 1.0 1.0 0.676 1.0 1.0 1.0 1.0 0.703 1.0 1.0 1.0 1.0 0.725 1.0 1.0 1.0 1.0 0.723 1.0 1.0 1.0 1.0 0.694 1.0 1.0 1.0 1.0 0.683 1.0 1.0 1.0 1.0 1.0 1.0 1.0 1.0 1.0 1.0 1.0 1.0 1.0 1.0 1.0 1.0 1.0 1.0 1.0 1.0 1.0 1.0 1.0 1.0 1.0 1.0 1.0 1.0 1.0 1.0 1.0 1.0 1.0 1.0 1.0 1.0 1.0 1.0 1.0 1.0 1.0 1.0 1.0 1.0 1.0 1.0 1.0 1.0 1.0 1.0 1.0 1.0 1.0 1.0 1.0 1.0 1.0 1.0 1.0 1.0 1.0 1.0 1.0 1.0 1.0 1.0 1.0 1.0 1.0 1.0 1.0 1.0 1.0 1.0 1.0 1.0 1.0 1.0 1.0 1.0 1.0 1.0 1.0 1.197 1.198 1.016 1.155 0.836 1.068 1.28 1.233 1.232 1.206 1.312 0.934 0.847 1.279 1.207 0.818 0.873 1.005 0.727 0.829 0.961 1.186 1.187 0.941 1.085 0.832 1.146 0.923 1.216 0.795 1.229 0.487 1.087 0.738 1.236 0.957 1.154 0.725 0.978 1.071 1.155 1.249 1.346 1.121 1.143 0.98 1.286 1.344 1.278 0.778 0.772 1.152 1.197 1.185 1.303 1.091 0.65 1.13 0.988 1.23 1.25 1.305 1.359 1.348 1.025 1.251 0.501 1.402 1.108 1.311 1.116 1.507 0.679 0.841 0.809 1.256 1.227 0.684 1.409 0.794 1.056 0.997 1.259 1.303 1.0 1.348 0.635 1.286 1.468 1.0 1.388 1.278 1.248 0.651 1.0 0.953 1.115 1.291 1.371 1.0 1.081 0.674 1.339 0.66 1.0 1.032 1.26 1.075 1.197 1.0 0.848 1.083 0.912 0.981 1.0 1.074 1.454 1.457 0.709 1.0 1.09 1.458 0.847 1.104 1.0 1.286 0.972 0.743 1.005 1.0 1.243 1.477 1.179 1.044 1.0 1.172 0.815 0.768 0.722 1.0 0.971 1.532 1.213 0.871 1.0 1.249 0.564 1.153 0.668 1.0 1.197 0.783 1.18 0.852 1.0 0.706 1.162 0.839 1.006 1.0 0.715 1.271 1.142 0.76 1.0 0.719 1.102 0.759 1.0 1.0 0.733 0.61 0.87 1.0 1.0 0.686 0.687 1.0 1.0 1.0 0.655 0.667 1.0 1.0 1.0 0.626 0.704 1.0 1.0 1.0 1.084 0.705 1.0 1.0 1.0 0.728 0.707 1.0 1.0 1.0 1.205 0.702 1.0 1.0 1.0 1.224 1.0 1.0 1.0 1.0 0.946 1.0 1.0 1.0 1.0 1.419 1.0 1.0 1.0 1.0 0.751 1.0 1.0 1.0 1.0 0.882 1.0 1.0 1.0 1.0 1.143 1.0 1.0 1.0 1.0 0.754 1.0 1.0 1.0 1.0 0.801 1.0 1.0 1.0 1.0 1.0 1.0 1.0 1.0 1.0 1.0 1.0 1.0 1.0 1.0 1.0 1.0 1.0 1.0 1.0 1.0 1.0 1.0 1.0 1.0 1.0 1.0 1.0 1.0 1.0 1.0 1.0 1.0 1.0 1.0 1.0 1.0 1.0 1.0 1.0 1.0 1.0 1.0 1.0 1.0 1.0 1.0 1.0 1.0 1.0 1.0 1.0 1.0 1.0 1.0 1.0 1.0 1.0 1.0 1.0 1.0 1.0 1.0 1.0 1.0 1.0 1.0 1.0 1.0 1.0 1.0 1.0 1.0 1.0 1.0 1.0 1.0 1.0 1.0 1.0 1.0 1.0 1.0 1.0 1.0 1.0 1.0 1.0 1.0 1.0 1.0 1.0 1.0 1.0 1.0 1.0 1.0 1.0 1.0 1.0 1.0 1.0 1.0 1.0 1.0 1.0 1.0 1.0 1.0 1.0 1.0 1.0 1.0 1.0 1.0 1.0 1.0 1.0 1.0 1.0 1.0 1.0 1.0 1.0 1.0 1.0 1.0 1.0 1.0 1.0 1.0 1.0 1.0 1.0 1.0 1.0 1.0 1.0 1.0 1.0 0.87 0.939 1.155 1.155 0.836 1.277 1.052 1.243 0.779 1.217 0.859 0.755 0.997 1.17 1.237 0.936 0.746 1.278 0.762 1.015 0.975 1.318 1.275 0.918 0.877 0.984 0.923 0.715 1.052 1.144 0.988 0.897 1.279 1.082 0.941 1.165 0.899 0.704 1.223 1.207 0.829 1.022 0.896 1.355 1.104 0.697 0.82 0.996 1.3 1.219 1.367 1.016 1.03 1.318 1.078 1.036 0.956 0.892 1.321 0.566 0.608 1.161 0.937 1.419 1.226 1.347 0.854 0.853 0.855 1.41 0.79 1.303 0.984 0.946 0.624 1.329 1.342 0.962 1.0 1.239 0.831 1.277 1.325 1.0 1.28 0.848 1.165 0.822 1.0 1.28 1.143 1.196 1.159 1.0 1.477 0.875 0.878 0.956 1.0 0.726 1.074 0.613 1.309 1.0 0.841 1.0 0.629 1.11 1.0 0.916 1.161 0.864 0.691 1.0 0.903 1.364 0.868 1.105 1.0 1.849 0.964 0.871 1.003 1.0 1.068 0.895 1.211 1.146 1.0 0.736 1.388 0.87 1.059 1.0 1.928 0.854 0.923 1.147 1.0 0.967 1.091 1.101 0.829 1.0 0.677 0.876 0.939 0.743 1.0 0.855 1.063 0.817 0.757 1.0 0.792 0.996 1.411 0.911 1.0 0.658 1.0 1.078 1.208 1.0 0.826 1.0 1.16 0.821 1.0 0.699 1.0 0.783 0.863 1.0 0.689 1.0 0.917 0.718 1.0 0.738 1.0 0.856 0.792 1.0 0.736 1.0 0.822 0.705 1.0 0.729 1.0 0.727 1.431 1.0 2.376 1.0 1.0 0.707 1.0 0.647 1.0 1.0 0.707 1.0 0.673 1.0 1.0 1.056 1.0 1.0 1.0 1.0 0.698 1.0 1.0 1.0 1.0 0.801 1.0 1.0 1.0 1.0 1.975 1.0 1.0 1.0 1.0 1.0 1.0 1.0 1.0 1.0 1.0 1.0 1.0 1.0 1.0 1.0 1.0 1.0 1.0 1.0 1.0 1.0 1.0 1.0 1.0 1.0 1.0 1.0 1.0 1.0 1.0 1.0 1.0 1.0 1.0 1.0 1.0 1.0 1.0 1.0 1.0 1.0 1.0 1.0 1.0 1.0 1.0 1.0 1.0 1.0 1.0 1.0 1.0 1.0 1.0 1.0 1.0 1.0 1.0 1.0 1.0 1.0 1.0 1.0 1.0 1.0 1.0 1.0 1.0 1.0 1.0 1.0 1.0 1.0 1.0 1.0 1.0 1.0 1.0 1.0 1.0 1.0 1.0 1.0 1.0 1.0 1.0 1.0 1.0 1.0 1.0 1.0 1.0 1.0 1.0 1.0 1.0 1.0 1.0 1.0 1.0 1.0 1.0 1.0 1.0 1.0 1.0 1.0 1.0 1.0 1.0 1.0 1.0 1.0 1.0 1.0 1.0 1.0 1.0 1.0 1.0 1.0 1.0 1.0 1.0 1.0 1.0 1.0 1.0 1.0 1.0 1.0 1.0 1.0 1.0 1.0 1.0 1.0 1.0 1.0 1.0 1.0 1.0 1.0 1.0 1.0 1.0 1.0 1.0 1.0 1.0 1.0 1.0 1.0 1.0 1.0 1.0 1.0,2.3764372,1.3764372,0.47229394,0.3,0.6753307580947876,0.0003,5,5.220393
73,0.2331978678703308,0.99354714,0.997 1.023 0.883 1.02 0.879 1.06 1.27 1.249 0.776 0.774 0.992 1.298 0.994 1.241 0.933 1.312 0.725 0.698 0.984 0.783 0.9 1.062 0.966 1.242 1.053 0.895 0.715 1.287 0.975 1.029 0.98 0.719 1.02 0.806 1.099 0.928 0.988 1.271 1.256 1.164 1.071 1.065 0.894 0.584 0.684 0.874 0.718 1.134 1.223 1.112 1.229 0.716 1.157 1.24 0.873 0.992 0.907 1.164 1.219 1.134 0.923 1.049 0.797 1.274 1.0 1.191 1.097 0.709 0.653 1.0 1.133 1.088 1.104 1.234 1.0 1.356 1.474 1.031 1.114 1.0 1.251 0.978 1.372 0.992 1.0 1.149 0.94 1.07 0.651 1.0 1.008 0.669 0.992 1.083 1.0 0.969 0.917 0.815 0.723 1.0 1.329 0.667 0.747 1.173 1.0 0.902 0.901 1.0 0.724 1.0 0.758 0.812 1.0 0.788 1.0 0.74 1.126 1.0 0.814 1.0 0.739 1.08 1.0 0.843 1.0 0.983 1.093 1.0 0.694 1.0 0.747 1.1 1.0 0.667 1.0 0.933 0.728 1.0 1.181 1.0 1.193 1.043 1.0 1.009 1.0 0.699 0.67 1.0 0.907 1.0 0.708 0.944 1.0 0.758 1.0 1.076 0.957 1.0 1.095 1.0 1.721 0.834 1.0 0.874 1.0 1.0 0.95 1.0 1.034 1.0 1.0 0.925 1.0 0.79 1.0 1.0 0.945 1.0 0.955 1.0 1.0 0.635 1.0 0.809 1.0 1.0 0.709 1.0 0.73 1.0 1.0 0.784 1.0 1.0 1.0 1.0 2.162 1.0 1.0 1.0 1.0 0.745 1.0 1.0 1.0 1.0 0.702 1.0 1.0 1.0 1.0 0.699 1.0 1.0 1.0 1.0 0.703 1.0 1.0 1.0 1.0 0.671 1.0 1.0 1.0 1.0 0.804 1.0 1.0 1.0 1.0 1.0 1.0 1.0 1.0 1.0 1.0 1.0 1.0 1.0 1.0 1.0 1.0 1.0 1.0 1.0 1.0 1.0 1.0 1.0 1.0 1.0 1.0 1.0 1.0 1.0 1.0 1.0 1.0 1.0 1.0 1.0 1.0 1.0 1.0 1.0 1.0 1.0 1.0 1.0 1.0 1.0 1.0 1.0 1.0 1.0 1.0 1.0 1.0 1.0 1.0 1.0 1.0 1.0 1.0 1.0 1.0 1.0 1.0 1.0 1.0 1.0 1.0 1.0 1.0 1.0 1.0 1.0 1.0 1.0 1.0 1.0 1.0 1.0 1.0 1.0 1.0 1.0 1.0 1.0 1.0 1.0 1.0 1.0 1.0 1.0 1.0 1.0 1.0 1.0 1.0 1.0 1.0 1.0 1.0 1.0 1.0 1.0 1.0 1.0 1.0 1.0 1.0 1.0 1.0 1.0 1.0 1.0 1.0 1.0 1.0 1.0 1.0 1.0 1.0 1.0 1.0 1.0 1.0 1.0 1.0 1.0 1.0 1.0 1.0 1.0 1.0 1.0 1.0 1.0 1.0 1.0 1.0 1.0 1.0 1.0 1.0 1.0 1.0 1.0 1.0 1.0 1.0 1.0 1.0 1.0 1.0 1.0 1.0 1.0 0.902 1.045 1.168 1.02 0.879 1.275 1.059 0.995 0.789 0.843 0.871 0.991 0.862 0.771 1.147 0.993 0.754 0.977 0.764 1.035 0.927 0.937 0.859 0.898 0.734 1.186 0.92 1.19 1.045 0.622 0.785 1.377 0.897 1.2 0.726 1.187 1.213 1.029 1.314 0.784 0.813 0.792 1.207 0.47 1.149 0.813 0.921 1.192 0.674 1.174 0.828 0.799 0.707 0.78 0.702 1.22 0.813 0.659 1.319 0.7 0.865 1.057 1.122 0.532 1.082 0.923 1.084 1.054 0.71 1.051 0.825 0.933 1.014 1.19 0.672 1.104 1.1 1.022 0.579 1.095 0.869 1.055 0.71 0.606 0.702 1.0 1.11 1.206 0.828 0.782 1.0 0.905 0.71 0.702 1.071 1.0 0.908 1.476 0.895 0.755 1.0 0.738 0.621 0.712 0.755 1.0 0.759 0.667 0.823 1.0 1.0 1.189 0.792 0.8 1.0 1.0 0.779 0.776 0.784 1.0 1.0 1.031 0.713 0.799 1.0 1.0 1.114 0.64 0.646 1.0 1.0 1.123 0.688 0.962 1.0 1.0 0.793 0.692 0.786 1.0 1.0 0.695 0.953 0.716 1.0 1.0 0.727 0.65 1.0 1.0 1.0 1.218 0.665 1.0 1.0 1.0 0.772 0.637 1.0 1.0 1.0 0.729 0.648 1.0 1.0 1.0 1.104 1.781 1.0 1.0 1.0 0.701 1.0 1.0 1.0 1.0 0.697 1.0 1.0 1.0 1.0 1.061 1.0 1.0 1.0 1.0 0.796 1.0 1.0 1.0 1.0 0.743 1.0 1.0 1.0 1.0 0.787 1.0 1.0 1.0 1.0 0.982 1.0 1.0 1.0 1.0 0.695 1.0 1.0 1.0 1.0 0.836 1.0 1.0 1.0 1.0 0.817 1.0 1.0 1.0 1.0 0.964 1.0 1.0 1.0 1.0 0.687 1.0 1.0 1.0 1.0 2.153 1.0 1.0 1.0 1.0 1.634 1.0 1.0 1.0 1.0 0.765 1.0 1.0 1.0 1.0 1.0 1.0 1.0 1.0 1.0 1.0 1.0 1.0 1.0 1.0 1.0 1.0 1.0 1.0 1.0 1.0 1.0 1.0 1.0 1.0 1.0 1.0 1.0 1.0 1.0 1.0 1.0 1.0 1.0 1.0 1.0 1.0 1.0 1.0 1.0 1.0 1.0 1.0 1.0 1.0 1.0 1.0 1.0 1.0 1.0 1.0 1.0 1.0 1.0 1.0 1.0 1.0 1.0 1.0 1.0 1.0 1.0 1.0 1.0 1.0 1.0 1.0 1.0 1.0 1.0 1.0 1.0 1.0 1.0 1.0 1.0 1.0 1.0 1.0 1.0 1.0 1.0 1.0 1.0 1.0 1.0 1.0 1.0 1.0 1.0 1.0 1.0 1.0 1.0 1.0 1.0 1.0 1.0 1.0 1.0 1.0 1.0 1.0 1.0 1.0 1.0 1.0 1.0 1.0 1.0 1.0 1.0 1.0 1.0 1.0 1.0 1.0 1.0 1.0 1.0 1.0 1.0 1.0 1.0 1.0 1.0 1.0 1.0 1.0 1.0 1.0 1.0 1.0 1.0 1.0 1.0 1.0 1.0 1.0 1.197 1.023 0.819 1.157 0.834 1.081 1.051 1.251 1.015 0.773 1.309 1.327 0.995 1.242 1.195 1.096 0.925 1.245 1.261 0.908 1.315 1.024 1.238 0.984 0.872 1.216 1.139 0.978 1.286 1.199 1.259 1.02 0.962 0.704 0.663 1.156 0.884 0.988 0.95 1.241 0.916 0.983 1.071 1.289 0.532 0.946 1.029 1.054 0.902 1.132 0.989 1.224 1.269 1.115 1.162 0.879 0.647 1.043 1.132 0.55 1.013 1.229 1.086 0.692 0.739 0.917 1.14 0.695 1.226 0.885 1.432 1.379 0.806 1.296 0.817 0.696 0.867 0.764 1.105 0.821 1.097 0.887 0.863 1.32 0.945 0.606 0.938 0.721 1.263 0.903 0.777 0.584 0.881 0.648 0.998 1.027 0.613 0.768 0.877 1.376 0.716 0.723 1.403 1.218 0.69 0.847 0.888 1.0 0.952 0.981 0.746 0.692 1.0 0.668 0.645 0.745 0.729 1.0 1.302 1.0 0.683 1.447 1.0 1.543 1.0 0.686 0.727 1.0 0.725 1.0 0.69 1.268 1.0 1.087 1.0 0.756 0.977 1.0 0.686 1.0 0.991 0.801 1.0 0.93 1.0 1.092 1.285 1.0 0.798 1.0 0.761 0.806 1.0 0.655 1.0 1.166 0.751 1.0 1.0 1.0 0.738 0.753 1.0 1.0 1.0 0.796 0.742 1.0 1.0 1.0 1.017 0.666 1.0 1.0 1.0 1.072 0.702 1.0 1.0 1.0 0.867 0.695 1.0 1.0 1.0 1.05 1.002 1.0 1.0 1.0 0.973 1.0 1.0 1.0 1.0 0.79 1.0 1.0 1.0 1.0 0.795 1.0 1.0 1.0 1.0 0.757 1.0 1.0 1.0 1.0 0.793 1.0 1.0 1.0 1.0 0.703 1.0 1.0 1.0 1.0 0.977 1.0 1.0 1.0 1.0 1.04 1.0 1.0 1.0 1.0 1.214 1.0 1.0 1.0 1.0 0.952 1.0 1.0 1.0 1.0 0.737 1.0 1.0 1.0 1.0 0.792 1.0 1.0 1.0 1.0 1.62 1.0 1.0 1.0 1.0 0.609 1.0 1.0 1.0 1.0 1.0 1.0 1.0 1.0 1.0 1.0 1.0 1.0 1.0 1.0 1.0 1.0 1.0 1.0 1.0 1.0 1.0 1.0 1.0 1.0 1.0 1.0 1.0 1.0 1.0 1.0 1.0 1.0 1.0 1.0 1.0 1.0 1.0 1.0 1.0 1.0 1.0 1.0 1.0 1.0 1.0 1.0 1.0 1.0 1.0 1.0 1.0 1.0 1.0 1.0 1.0 1.0 1.0 1.0 1.0 1.0 1.0 1.0 1.0 1.0 1.0 1.0 1.0 1.0 1.0 1.0 1.0 1.0 1.0 1.0 1.0 1.0 1.0 1.0 1.0 1.0 1.0 1.0 1.0 1.0 1.0 1.0 1.0 1.0 1.0 1.0 1.0 1.0 1.0 1.0 1.0 1.0 1.0 1.0 1.0 1.0 1.0 1.0 1.0 1.0 1.0 1.0 1.0 1.0 1.0 1.0 1.0 1.0 1.0 1.0 1.0 1.0 1.0 1.0 1.0 1.0 1.0 1.0 1.0 1.0 1.197 0.937 0.819 1.157 1.139 0.832 1.052 1.206 0.873 0.769 1.089 0.91 0.998 0.868 1.03 0.814 0.907 1.308 0.897 1.275 0.927 1.203 0.848 1.254 0.861 1.014 1.016 1.248 0.705 1.329 1.221 1.275 1.224 1.287 0.722 0.603 1.248 1.301 1.287 1.43 1.304 1.021 1.307 1.188 1.3 1.084 0.988 0.723 1.294 1.306 1.282 1.204 0.922 1.27 1.3 1.256 1.293 1.149 1.316 1.4 1.199 1.166 0.838 1.112 1.295 1.311 1.301 1.285 1.315 0.906 1.292 1.326 1.229 1.301 1.3 0.883 1.303 1.219 1.269 0.744 1.37 0.644 1.297 0.848 1.303 1.248 1.289 0.772 1.318 0.849 0.668 1.255 1.271 0.835 1.232 1.171 1.202 1.136 0.768 1.301 1.384 0.741 1.335 1.213 1.306 0.824 1.115 1.165 0.795 0.782 1.305 1.385 1.198 0.871 1.274 1.194 0.934 1.125 1.273 0.845 1.193 0.958 0.838 1.318 0.802 1.053 1.297 0.992 0.898 0.849 1.462 0.91 0.969 1.172 1.419 1.146 0.966 1.076 1.099 1.247 0.753 1.383 0.906 0.654 0.723 0.654 1.0 0.893 0.638 1.0 0.69 1.0 0.822 1.0 1.0 0.733 1.0 0.817 1.0 1.0 0.767 1.0 1.204 1.0 1.0 1.01 1.0 1.222 1.0 1.0 2.06 1.0 1.377 1.0 1.0 0.723 1.0 0.912 1.0 1.0 2.018 1.0 0.773 1.0 1.0 0.764 1.0 0.762 1.0 1.0 0.845 1.0 0.757 1.0 1.0 0.761 1.0 0.752 1.0 1.0 1.0 1.0 0.663 1.0 1.0 1.0 1.0 1.457 1.0 1.0 1.0 1.0 1.287 1.0 1.0 1.0 1.0 1.112 1.0 1.0 1.0 1.0 1.017 1.0 1.0 1.0 1.0 0.994 1.0 1.0 1.0 1.0 0.925 1.0 1.0 1.0 1.0 1.024 1.0 1.0 1.0 1.0 1.309 1.0 1.0 1.0 1.0 1.297 1.0 1.0 1.0 1.0 0.845 1.0 1.0 1.0 1.0 0.768 1.0 1.0 1.0 1.0 0.706 1.0 1.0 1.0 1.0 1.05 1.0 1.0 1.0 1.0 0.921 1.0 1.0 1.0 1.0 0.957 1.0 1.0 1.0 1.0 1.041 1.0 1.0 1.0 1.0 1.044 1.0 1.0 1.0 1.0 0.62 1.0 1.0 1.0 1.0 0.883 1.0 1.0 1.0 1.0 1.042 1.0 1.0 1.0 1.0 1.334 1.0 1.0 1.0 1.0 0.631 1.0 1.0 1.0 1.0 0.677 1.0 1.0 1.0 1.0 0.702 1.0 1.0 1.0 1.0 0.698 1.0 1.0 1.0 1.0 0.984 1.0 1.0 1.0 1.0 0.66 1.0 1.0 1.0 1.0 1.08 1.0 1.0 1.0 1.0 0.755 1.0 1.0 1.0 1.0 1.279 1.0 1.0 1.0 1.0 0.641 1.0 1.0 1.0 1.0 0.806 1.0 1.0 1.0 1.0 0.698 1.0 1.0 1.0 1.0 0.692 1.0 1.0 1.0 1.0 0.708 1.0 1.0 1.056 1.199 0.883 1.123 1.03 1.285 1.049 1.207 0.774 1.19 0.827 0.927 1.012 0.754 1.275 1.086 1.184 1.292 0.826 0.837 0.876 1.065 0.718 0.908 0.944 1.197 1.234 0.84 1.229 0.828 0.965 0.775 0.838 1.31 0.961 0.903 1.159 1.085 1.242 1.281 0.943 1.212 1.31 1.33 0.781 1.298 1.328 1.177 1.217 1.371 1.319 0.788 1.236 0.631 1.126 0.939 1.063 1.283 1.152 1.399 1.3 1.127 0.656 1.558 0.721 0.983 1.215 1.386 1.43 1.01 0.923 1.422 0.991 0.992 1.446 0.991 1.223 0.959 1.569 1.122 1.181 1.376 1.294 0.615 0.908 1.084 1.0 1.484 1.424 1.28 0.801 1.0 0.916 1.317 0.744 0.87 1.0 0.842 0.831 0.75 0.753 1.0 0.795 0.674 1.261 1.19 1.0 0.678 1.103 0.791 1.182 1.0 0.792 1.64 1.079 1.105 1.0 0.992 0.73 1.057 1.086 1.0 0.846 0.73 1.215 0.774 1.0 0.881 0.716 0.682 1.101 1.0 0.892 1.151 0.7 0.998 1.0 0.789 0.988 0.705 1.046 1.0 0.7 0.983 0.918 1.033 1.0 0.786 0.733 0.934 1.08 1.0 0.84 0.96 0.65 0.858 1.0 0.876 1.108 1.0 1.041 1.0 0.688 1.058 1.0 1.031 1.0 0.758 0.956 1.0 0.777 1.0 0.795 0.813 1.0 0.85 1.0 1.0 1.129 1.0 0.804 1.0 1.0 0.924 1.0 0.724 1.0 1.0 0.976 1.0 0.731 1.0 1.0 1.359 1.0 0.846 1.0 1.0 1.325 1.0 0.679 1.0 1.0 0.75 1.0 0.678 1.0 1.0 0.729 1.0 0.662 1.0 1.0 0.708 1.0 0.703 1.0 1.0 0.849 1.0 1.0 1.0 1.0 0.818 1.0 1.0 1.0 1.0 0.823 1.0 1.0 1.0 1.0 0.657 1.0 1.0 1.0 1.0 1.0 1.0 1.0 1.0 1.0 1.0 1.0 1.0 1.0 1.0 1.0 1.0 1.0 1.0 1.0 1.0 1.0 1.0 1.0 1.0 1.0 1.0 1.0 1.0 1.0 1.0 1.0 1.0 1.0 1.0 1.0 1.0 1.0 1.0 1.0 1.0 1.0 1.0 1.0 1.0 1.0 1.0 1.0 1.0 1.0 1.0 1.0 1.0 1.0 1.0 1.0 1.0 1.0 1.0 1.0 1.0 1.0 1.0 1.0 1.0 1.0 1.0 1.0 1.0 1.0 1.0 1.0 1.0 1.0 1.0 1.0 1.0 1.0 1.0 1.0 1.0 1.0 1.0 1.0 1.0 1.0 1.0 1.0 1.0 1.0 1.0 1.0 1.0 1.0 1.0 1.0 1.0 1.0 1.0 1.0 1.0 1.0 1.0 1.0 1.0 1.0 1.0 1.0 1.0 1.0 1.0 1.0 1.0 1.0 1.0 1.0 1.0 1.0 1.0 1.0 1.0 1.0 1.0 1.0 1.0 1.0 1.0 1.0 1.0 1.0 1.0 1.0 1.0 1.0 1.0 1.0 1.0 1.0 1.0 1.0 1.0 1.0 1.0 1.0 1.0 1.0 1.0 0.869 1.023 1.154 0.898 1.03 0.995 1.283 1.24 0.879 1.165 1.062 1.31 0.845 1.031 1.297 0.805 0.903 0.732 0.684 0.851 1.331 1.314 1.318 1.226 1.161 0.802 0.797 0.735 0.507 0.792 0.932 0.971 1.316 0.91 0.814 0.998 0.838 0.919 0.743 1.012 0.795 0.759 0.942 1.323 0.74 1.089 1.013 1.246 0.774 1.208 0.794 1.03 0.97 0.883 1.301 0.728 0.961 0.965 0.764 0.757 1.17 0.691 1.126 1.0 1.159 0.783 1.177 1.071 1.0 1.279 0.973 0.742 1.171 1.0 0.705 0.627 1.04 1.14 1.0 1.166 0.86 1.049 0.986 1.0 1.049 1.053 0.705 0.983 1.0 0.798 0.739 1.076 0.841 1.0 0.707 1.09 1.018 0.828 1.0 0.749 1.088 1.005 1.156 1.0 0.753 1.114 1.076 1.088 1.0 0.741 0.709 1.052 0.795 1.0 0.764 0.869 1.151 0.791 1.0 1.545 0.935 0.643 1.087 1.0 0.957 0.983 1.14 0.797 1.0 0.725 0.684 0.926 1.278 1.0 0.719 0.73 0.64 0.798 1.0 1.0 0.674 0.846 1.077 1.0 1.0 0.827 1.279 1.186 1.0 1.0 1.051 1.062 1.188 1.0 1.0 1.04 0.749 0.723 1.0 1.0 0.678 0.932 0.797 1.0 1.0 0.66 0.917 1.319 1.0 1.0 1.0 0.697 1.331 1.0 1.0 1.0 1.255 1.264 1.0 1.0 1.0 0.694 0.763 1.0 1.0 1.0 0.744 1.132 1.0 1.0 1.0 0.735 0.867 1.0 1.0 1.0 0.728 0.905 1.0 1.0 1.0 0.786 1.037 1.0 1.0 1.0 0.74 0.737 1.0 1.0 1.0 0.724 0.685 1.0 1.0 1.0 1.031 0.708 1.0 1.0 1.0 0.908 0.687 1.0 1.0 1.0 0.679 0.698 1.0 1.0 1.0 1.06 0.678 1.0 1.0 1.0 0.908 0.609 1.0 1.0 1.0 1.017 0.625 1.0 1.0 1.0 0.76 1.0 1.0 1.0 1.0 0.65 1.0 1.0 1.0 1.0 0.673 1.0 1.0 1.0 1.0 0.82 1.0 1.0 1.0 1.0 0.662 1.0 1.0 1.0 1.0 0.675 1.0 1.0 1.0 1.0 0.702 1.0 1.0 1.0 1.0 0.726 1.0 1.0 1.0 1.0 0.726 1.0 1.0 1.0 1.0 0.697 1.0 1.0 1.0 1.0 0.687 1.0 1.0 1.0 1.0 1.0 1.0 1.0 1.0 1.0 1.0 1.0 1.0 1.0 1.0 1.0 1.0 1.0 1.0 1.0 1.0 1.0 1.0 1.0 1.0 1.0 1.0 1.0 1.0 1.0 1.0 1.0 1.0 1.0 1.0 1.0 1.0 1.0 1.0 1.0 1.0 1.0 1.0 1.0 1.0 1.0 1.0 1.0 1.0 1.0 1.0 1.0 1.0 1.0 1.0 1.0 1.0 1.0 1.0 1.0 1.0 1.0 1.0 1.0 1.0 1.0 1.0 1.0 1.0 1.0 1.0 1.0 1.0 1.0 1.0 1.0 1.0 1.0 1.0 1.0 1.0 1.0 1.0 1.0 1.197 1.199 1.019 1.157 0.834 1.075 1.281 1.232 1.236 1.205 1.313 0.929 0.844 1.284 1.205 0.816 0.869 1.01 0.726 0.828 0.957 1.184 1.19 0.945 1.088 0.829 1.145 0.925 1.212 0.796 1.232 0.487 1.083 0.737 1.236 0.962 1.156 0.727 0.976 1.073 1.152 1.25 1.344 1.122 1.142 0.978 1.291 1.342 1.278 0.782 0.774 1.149 1.201 1.187 1.306 1.089 0.649 1.128 0.986 1.229 1.249 1.307 1.363 1.348 1.025 1.251 0.498 1.405 1.108 1.315 1.114 1.511 0.678 0.843 0.813 1.258 1.228 0.684 1.412 0.798 1.053 0.995 1.258 1.304 1.0 1.352 0.635 1.284 1.471 1.0 1.395 1.283 1.254 0.651 1.0 0.942 1.123 1.29 1.373 1.0 1.082 0.671 1.339 0.659 1.0 1.037 1.264 1.08 1.2 1.0 0.844 1.09 0.915 0.98 1.0 1.075 1.459 1.455 0.709 1.0 1.093 1.463 0.85 1.1 1.0 1.289 0.972 0.742 1.004 1.0 1.246 1.482 1.172 1.044 1.0 1.174 0.817 0.768 0.723 1.0 0.971 1.538 1.208 0.872 1.0 1.241 0.562 1.147 0.666 1.0 1.188 0.785 1.175 0.853 1.0 0.706 1.164 0.834 1.005 1.0 0.715 1.275 1.135 0.76 1.0 0.718 1.088 0.759 1.0 1.0 0.733 0.61 0.874 1.0 1.0 0.687 0.687 1.0 1.0 1.0 0.655 0.665 1.0 1.0 1.0 0.626 0.702 1.0 1.0 1.0 1.082 0.704 1.0 1.0 1.0 0.728 0.707 1.0 1.0 1.0 1.205 0.701 1.0 1.0 1.0 1.224 1.0 1.0 1.0 1.0 0.948 1.0 1.0 1.0 1.0 1.402 1.0 1.0 1.0 1.0 0.753 1.0 1.0 1.0 1.0 0.884 1.0 1.0 1.0 1.0 1.14 1.0 1.0 1.0 1.0 0.754 1.0 1.0 1.0 1.0 0.802 1.0 1.0 1.0 1.0 1.0 1.0 1.0 1.0 1.0 1.0 1.0 1.0 1.0 1.0 1.0 1.0 1.0 1.0 1.0 1.0 1.0 1.0 1.0 1.0 1.0 1.0 1.0 1.0 1.0 1.0 1.0 1.0 1.0 1.0 1.0 1.0 1.0 1.0 1.0 1.0 1.0 1.0 1.0 1.0 1.0 1.0 1.0 1.0 1.0 1.0 1.0 1.0 1.0 1.0 1.0 1.0 1.0 1.0 1.0 1.0 1.0 1.0 1.0 1.0 1.0 1.0 1.0 1.0 1.0 1.0 1.0 1.0 1.0 1.0 1.0 1.0 1.0 1.0 1.0 1.0 1.0 1.0 1.0 1.0 1.0 1.0 1.0 1.0 1.0 1.0 1.0 1.0 1.0 1.0 1.0 1.0 1.0 1.0 1.0 1.0 1.0 1.0 1.0 1.0 1.0 1.0 1.0 1.0 1.0 1.0 1.0 1.0 1.0 1.0 1.0 1.0 1.0 1.0 1.0 1.0 1.0 1.0 1.0 1.0 1.0 1.0 1.0 1.0 1.0 1.0 1.0 1.0 1.0 1.0 1.0 1.0 1.0 1.0 1.0 0.869 0.937 1.154 1.157 0.834 1.277 1.059 1.247 0.778 1.216 0.854 0.752 1.002 1.167 1.24 0.933 0.744 1.282 0.761 1.021 0.973 1.321 1.279 0.914 0.875 0.982 0.918 0.714 1.052 1.143 0.986 0.903 1.283 1.081 0.938 1.165 0.896 0.701 1.228 1.207 0.833 1.02 0.893 1.358 1.105 0.699 0.823 1.003 1.308 1.218 1.364 1.014 1.037 1.32 1.081 1.035 0.958 0.889 1.33 0.565 0.609 1.162 0.935 1.425 1.225 1.345 0.858 0.855 0.855 1.413 0.793 1.299 0.983 0.947 0.623 1.327 1.338 0.962 1.0 1.235 0.835 1.274 1.325 1.0 1.284 0.85 1.167 0.823 1.0 1.28 1.146 1.201 1.163 1.0 1.478 0.878 0.881 0.959 1.0 0.726 1.071 0.612 1.31 1.0 0.839 0.997 0.628 1.115 1.0 0.912 1.163 0.86 0.69 1.0 0.899 1.368 0.869 1.099 1.0 1.856 0.966 0.873 1.002 1.0 1.067 0.893 1.215 1.14 1.0 0.736 1.392 0.872 1.065 1.0 1.935 0.852 0.926 1.141 1.0 0.965 1.093 1.101 0.828 1.0 0.677 0.878 0.925 0.742 1.0 0.849 1.05 0.814 0.757 1.0 0.792 0.998 1.416 0.907 1.0 0.658 1.0 1.063 1.199 1.0 0.82 1.0 1.145 0.821 1.0 0.699 1.0 0.781 0.866 1.0 0.687 1.0 0.918 0.717 1.0 0.736 1.0 0.856 0.791 1.0 0.737 1.0 0.822 0.706 1.0 0.728 1.0 0.725 1.423 1.0 2.376 1.0 1.0 0.708 1.0 0.647 1.0 1.0 0.707 1.0 0.672 1.0 1.0 1.051 1.0 1.0 1.0 1.0 0.705 1.0 1.0 1.0 1.0 0.798 1.0 1.0 1.0 1.0 1.969 1.0 1.0 1.0 1.0 1.0 1.0 1.0 1.0 1.0 1.0 1.0 1.0 1.0 1.0 1.0 1.0 1.0 1.0 1.0 1.0 1.0 1.0 1.0 1.0 1.0 1.0 1.0 1.0 1.0 1.0 1.0 1.0 1.0 1.0 1.0 1.0 1.0 1.0 1.0 1.0 1.0 1.0 1.0 1.0 1.0 1.0 1.0 1.0 1.0 1.0 1.0 1.0 1.0 1.0 1.0 1.0 1.0 1.0 1.0 1.0 1.0 1.0 1.0 1.0 1.0 1.0 1.0 1.0 1.0 1.0 1.0 1.0 1.0 1.0 1.0 1.0 1.0 1.0 1.0 1.0 1.0 1.0 1.0 1.0 1.0 1.0 1.0 1.0 1.0 1.0 1.0 1.0 1.0 1.0 1.0 1.0 1.0 1.0 1.0 1.0 1.0 1.0 1.0 1.0 1.0 1.0 1.0 1.0 1.0 1.0 1.0 1.0 1.0 1.0 1.0 1.0 1.0 1.0 1.0 1.0 1.0 1.0 1.0 1.0 1.0 1.0 1.0 1.0 1.0 1.0 1.0 1.0 1.0 1.0 1.0 1.0 1.0 1.0 1.0 1.0 1.0 1.0 1.0 1.0 1.0 1.0 1.0 1.0 1.0 1.0 1.0 1.0 1.0 1.0 1.0 1.0 1.0,2.3761766,1.3761766,0.47029814,0.3,0.6814523935317993,0.0003,5,5.207729
74,0.2338707447052002,0.9935033,0.996 1.021 0.881 1.022 0.876 1.066 1.271 1.252 0.775 0.773 0.989 1.298 0.998 1.244 0.93 1.313 0.722 0.696 0.989 0.783 0.895 1.058 0.97 1.24 1.053 0.89 0.713 1.287 0.973 1.026 0.976 0.716 1.019 0.807 1.095 0.926 0.996 1.273 1.253 1.167 1.071 1.062 0.892 0.585 0.685 0.875 0.716 1.135 1.229 1.118 1.23 0.715 1.159 1.245 0.878 0.997 0.903 1.166 1.217 1.139 0.928 1.057 0.799 1.278 1.0 1.193 1.095 0.709 0.653 1.0 1.13 1.086 1.108 1.237 1.0 1.359 1.476 1.029 1.116 1.0 1.243 0.983 1.37 0.989 1.0 1.141 0.944 1.064 0.65 1.0 1.007 0.666 0.992 1.085 1.0 0.966 0.92 0.819 0.723 1.0 1.332 0.664 0.748 1.174 1.0 0.899 0.896 1.0 0.724 1.0 0.76 0.813 1.0 0.787 1.0 0.742 1.13 1.0 0.814 1.0 0.74 1.085 1.0 0.843 1.0 0.982 1.098 1.0 0.695 1.0 0.749 1.097 1.0 0.666 1.0 0.932 0.723 1.0 1.186 1.0 1.195 1.043 1.0 1.004 1.0 0.7 0.669 1.0 0.906 1.0 0.708 0.937 1.0 0.76 1.0 1.077 0.954 1.0 1.098 1.0 1.712 0.828 1.0 0.874 1.0 1.0 0.952 1.0 1.037 1.0 1.0 0.926 1.0 0.791 1.0 1.0 0.946 1.0 0.949 1.0 1.0 0.632 1.0 0.805 1.0 1.0 0.709 1.0 0.728 1.0 1.0 0.779 1.0 1.0 1.0 1.0 2.161 1.0 1.0 1.0 1.0 0.744 1.0 1.0 1.0 1.0 0.704 1.0 1.0 1.0 1.0 0.701 1.0 1.0 1.0 1.0 0.705 1.0 1.0 1.0 1.0 0.67 1.0 1.0 1.0 1.0 0.806 1.0 1.0 1.0 1.0 1.0 1.0 1.0 1.0 1.0 1.0 1.0 1.0 1.0 1.0 1.0 1.0 1.0 1.0 1.0 1.0 1.0 1.0 1.0 1.0 1.0 1.0 1.0 1.0 1.0 1.0 1.0 1.0 1.0 1.0 1.0 1.0 1.0 1.0 1.0 1.0 1.0 1.0 1.0 1.0 1.0 1.0 1.0 1.0 1.0 1.0 1.0 1.0 1.0 1.0 1.0 1.0 1.0 1.0 1.0 1.0 1.0 1.0 1.0 1.0 1.0 1.0 1.0 1.0 1.0 1.0 1.0 1.0 1.0 1.0 1.0 1.0 1.0 1.0 1.0 1.0 1.0 1.0 1.0 1.0 1.0 1.0 1.0 1.0 1.0 1.0 1.0 1.0 1.0 1.0 1.0 1.0 1.0 1.0 1.0 1.0 1.0 1.0 1.0 1.0 1.0 1.0 1.0 1.0 1.0 1.0 1.0 1.0 1.0 1.0 1.0 1.0 1.0 1.0 1.0 1.0 1.0 1.0 1.0 1.0 1.0 1.0 1.0 1.0 1.0 1.0 1.0 1.0 1.0 1.0 1.0 1.0 1.0 1.0 1.0 1.0 1.0 1.0 1.0 1.0 1.0 1.0 1.0 1.0 1.0 1.0 1.0 1.0 1.0 0.899 1.05 1.171 1.022 0.876 1.276 1.066 0.999 0.788 0.84 0.865 0.987 0.858 0.769 1.148 0.99 0.752 0.982 0.763 1.038 0.925 0.932 0.855 0.9 0.735 1.188 0.926 1.192 1.044 0.623 0.788 1.381 0.895 1.199 0.726 1.189 1.216 1.028 1.317 0.786 0.817 0.794 1.209 0.468 1.145 0.817 0.922 1.191 0.673 1.172 0.831 0.802 0.706 0.781 0.703 1.222 0.816 0.656 1.321 0.701 0.854 1.054 1.122 0.531 1.086 0.916 1.083 1.046 0.711 1.044 0.819 0.93 1.014 1.183 0.672 1.108 1.097 1.021 0.579 1.089 0.863 1.052 0.709 0.606 0.702 1.0 1.108 1.211 0.824 0.783 1.0 0.904 0.709 0.704 1.066 1.0 0.905 1.477 0.895 0.749 1.0 0.738 0.621 0.714 0.757 1.0 0.758 0.661 0.822 1.0 1.0 1.187 0.791 0.798 1.0 1.0 0.78 0.777 0.782 1.0 1.0 1.018 0.711 0.798 1.0 1.0 1.115 0.638 0.644 1.0 1.0 1.11 0.689 0.951 1.0 1.0 0.792 0.691 0.786 1.0 1.0 0.692 0.943 0.712 1.0 1.0 0.722 0.644 1.0 1.0 1.0 1.218 0.667 1.0 1.0 1.0 0.769 0.636 1.0 1.0 1.0 0.726 0.65 1.0 1.0 1.0 1.108 1.78 1.0 1.0 1.0 0.698 1.0 1.0 1.0 1.0 0.694 1.0 1.0 1.0 1.0 1.064 1.0 1.0 1.0 1.0 0.793 1.0 1.0 1.0 1.0 0.739 1.0 1.0 1.0 1.0 0.785 1.0 1.0 1.0 1.0 0.983 1.0 1.0 1.0 1.0 0.697 1.0 1.0 1.0 1.0 0.835 1.0 1.0 1.0 1.0 0.818 1.0 1.0 1.0 1.0 0.954 1.0 1.0 1.0 1.0 0.69 1.0 1.0 1.0 1.0 2.158 1.0 1.0 1.0 1.0 1.633 1.0 1.0 1.0 1.0 0.768 1.0 1.0 1.0 1.0 1.0 1.0 1.0 1.0 1.0 1.0 1.0 1.0 1.0 1.0 1.0 1.0 1.0 1.0 1.0 1.0 1.0 1.0 1.0 1.0 1.0 1.0 1.0 1.0 1.0 1.0 1.0 1.0 1.0 1.0 1.0 1.0 1.0 1.0 1.0 1.0 1.0 1.0 1.0 1.0 1.0 1.0 1.0 1.0 1.0 1.0 1.0 1.0 1.0 1.0 1.0 1.0 1.0 1.0 1.0 1.0 1.0 1.0 1.0 1.0 1.0 1.0 1.0 1.0 1.0 1.0 1.0 1.0 1.0 1.0 1.0 1.0 1.0 1.0 1.0 1.0 1.0 1.0 1.0 1.0 1.0 1.0 1.0 1.0 1.0 1.0 1.0 1.0 1.0 1.0 1.0 1.0 1.0 1.0 1.0 1.0 1.0 1.0 1.0 1.0 1.0 1.0 1.0 1.0 1.0 1.0 1.0 1.0 1.0 1.0 1.0 1.0 1.0 1.0 1.0 1.0 1.0 1.0 1.0 1.0 1.0 1.0 1.0 1.0 1.0 1.0 1.0 1.0 1.0 1.0 1.0 1.0 1.0 1.0 1.198 1.021 0.818 1.159 0.833 1.088 1.059 1.255 1.019 0.771 1.31 1.329 1.0 1.244 1.193 1.105 0.921 1.242 1.264 0.911 1.317 1.02 1.235 0.989 0.874 1.228 1.15 0.983 1.29 1.201 1.263 1.028 0.959 0.702 0.663 1.166 0.88 0.987 0.955 1.246 0.912 0.981 1.07 1.289 0.532 0.942 1.028 1.055 0.901 1.132 0.995 1.228 1.269 1.116 1.164 0.885 0.65 1.045 1.132 0.55 1.02 1.223 1.081 0.692 0.741 0.913 1.134 0.696 1.228 0.883 1.446 1.386 0.804 1.3 0.819 0.687 0.855 0.766 1.104 0.823 1.092 0.875 0.863 1.325 0.94 0.602 0.934 0.716 1.263 0.9 0.779 0.585 0.883 0.647 0.996 1.024 0.614 0.769 0.878 1.376 0.712 0.725 1.399 1.22 0.689 0.84 0.886 1.0 0.951 0.983 0.748 0.692 1.0 0.668 0.645 0.737 0.73 1.0 1.306 1.0 0.679 1.455 1.0 1.539 1.0 0.686 0.728 1.0 0.723 1.0 0.688 1.258 1.0 1.089 1.0 0.754 0.976 1.0 0.685 1.0 0.992 0.799 1.0 0.926 1.0 1.096 1.289 1.0 0.796 1.0 0.754 0.805 1.0 0.655 1.0 1.169 0.752 1.0 1.0 1.0 0.737 0.751 1.0 1.0 1.0 0.79 0.742 1.0 1.0 1.0 1.017 0.666 1.0 1.0 1.0 1.074 0.702 1.0 1.0 1.0 0.866 0.696 1.0 1.0 1.0 1.051 1.002 1.0 1.0 1.0 0.973 1.0 1.0 1.0 1.0 0.786 1.0 1.0 1.0 1.0 0.794 1.0 1.0 1.0 1.0 0.756 1.0 1.0 1.0 1.0 0.796 1.0 1.0 1.0 1.0 0.702 1.0 1.0 1.0 1.0 0.962 1.0 1.0 1.0 1.0 1.026 1.0 1.0 1.0 1.0 1.196 1.0 1.0 1.0 1.0 0.948 1.0 1.0 1.0 1.0 0.739 1.0 1.0 1.0 1.0 0.797 1.0 1.0 1.0 1.0 1.608 1.0 1.0 1.0 1.0 0.612 1.0 1.0 1.0 1.0 1.0 1.0 1.0 1.0 1.0 1.0 1.0 1.0 1.0 1.0 1.0 1.0 1.0 1.0 1.0 1.0 1.0 1.0 1.0 1.0 1.0 1.0 1.0 1.0 1.0 1.0 1.0 1.0 1.0 1.0 1.0 1.0 1.0 1.0 1.0 1.0 1.0 1.0 1.0 1.0 1.0 1.0 1.0 1.0 1.0 1.0 1.0 1.0 1.0 1.0 1.0 1.0 1.0 1.0 1.0 1.0 1.0 1.0 1.0 1.0 1.0 1.0 1.0 1.0 1.0 1.0 1.0 1.0 1.0 1.0 1.0 1.0 1.0 1.0 1.0 1.0 1.0 1.0 1.0 1.0 1.0 1.0 1.0 1.0 1.0 1.0 1.0 1.0 1.0 1.0 1.0 1.0 1.0 1.0 1.0 1.0 1.0 1.0 1.0 1.0 1.0 1.0 1.0 1.0 1.0 1.0 1.0 1.0 1.0 1.0 1.0 1.0 1.0 1.0 1.0 1.0 1.0 1.0 1.0 1.0 1.198 0.934 0.818 1.159 1.14 0.831 1.059 1.205 0.869 0.767 1.098 0.905 1.002 0.864 1.036 0.812 0.903 1.313 0.899 1.274 0.926 1.207 0.844 1.252 0.861 1.011 1.015 1.252 0.705 1.326 1.22 1.272 1.227 1.291 0.722 0.604 1.244 1.301 1.291 1.426 1.301 1.029 1.306 1.192 1.307 1.093 0.997 0.722 1.292 1.303 1.282 1.208 0.921 1.275 1.296 1.259 1.29 1.149 1.314 1.398 1.192 1.172 0.837 1.116 1.293 1.31 1.301 1.288 1.315 0.904 1.288 1.331 1.231 1.298 1.299 0.881 1.3 1.223 1.268 0.744 1.366 0.644 1.295 0.847 1.301 1.251 1.292 0.77 1.315 0.854 0.669 1.252 1.277 0.839 1.239 1.177 1.199 1.136 0.77 1.298 1.38 0.742 1.34 1.219 1.303 0.821 1.119 1.166 0.797 0.783 1.309 1.39 1.202 0.874 1.273 1.194 0.939 1.127 1.269 0.845 1.192 0.964 0.835 1.315 0.803 1.057 1.291 0.994 0.901 0.853 1.455 0.916 0.97 1.173 1.417 1.147 0.972 1.076 1.106 1.243 0.751 1.376 0.904 0.655 0.722 0.654 1.0 0.891 0.636 1.0 0.691 1.0 0.82 1.0 1.0 0.734 1.0 0.816 1.0 1.0 0.769 1.0 1.21 1.0 1.0 1.006 1.0 1.227 1.0 1.0 2.055 1.0 1.379 1.0 1.0 0.723 1.0 0.91 1.0 1.0 2.009 1.0 0.771 1.0 1.0 0.765 1.0 0.76 1.0 1.0 0.849 1.0 0.755 1.0 1.0 0.762 1.0 0.75 1.0 1.0 1.0 1.0 0.661 1.0 1.0 1.0 1.0 1.46 1.0 1.0 1.0 1.0 1.288 1.0 1.0 1.0 1.0 1.113 1.0 1.0 1.0 1.0 1.015 1.0 1.0 1.0 1.0 0.993 1.0 1.0 1.0 1.0 0.923 1.0 1.0 1.0 1.0 1.022 1.0 1.0 1.0 1.0 1.312 1.0 1.0 1.0 1.0 1.3 1.0 1.0 1.0 1.0 0.846 1.0 1.0 1.0 1.0 0.767 1.0 1.0 1.0 1.0 0.705 1.0 1.0 1.0 1.0 1.05 1.0 1.0 1.0 1.0 0.92 1.0 1.0 1.0 1.0 0.955 1.0 1.0 1.0 1.0 1.04 1.0 1.0 1.0 1.0 1.042 1.0 1.0 1.0 1.0 0.619 1.0 1.0 1.0 1.0 0.882 1.0 1.0 1.0 1.0 1.04 1.0 1.0 1.0 1.0 1.337 1.0 1.0 1.0 1.0 0.63 1.0 1.0 1.0 1.0 0.676 1.0 1.0 1.0 1.0 0.701 1.0 1.0 1.0 1.0 0.697 1.0 1.0 1.0 1.0 0.982 1.0 1.0 1.0 1.0 0.659 1.0 1.0 1.0 1.0 1.079 1.0 1.0 1.0 1.0 0.756 1.0 1.0 1.0 1.0 1.279 1.0 1.0 1.0 1.0 0.642 1.0 1.0 1.0 1.0 0.805 1.0 1.0 1.0 1.0 0.699 1.0 1.0 1.0 1.0 0.691 1.0 1.0 1.0 1.0 0.71 1.0 1.0 1.061 1.2 0.881 1.121 1.033 1.286 1.056 1.205 0.773 1.192 0.826 0.923 1.017 0.752 1.274 1.095 1.188 1.295 0.826 0.833 0.874 1.064 0.716 0.908 0.941 1.203 1.238 0.839 1.231 0.83 0.963 0.777 0.837 1.312 0.962 0.907 1.156 1.085 1.242 1.288 0.948 1.215 1.313 1.331 0.783 1.297 1.327 1.178 1.221 1.377 1.317 0.791 1.238 0.629 1.121 0.929 1.065 1.29 1.144 1.403 1.3 1.124 0.656 1.565 0.721 0.99 1.218 1.393 1.434 1.007 0.923 1.423 0.995 0.992 1.451 0.995 1.227 0.962 1.574 1.117 1.177 1.376 1.298 0.614 0.906 1.081 1.0 1.482 1.428 1.284 0.803 1.0 0.915 1.322 0.745 0.869 1.0 0.841 0.832 0.752 0.752 1.0 0.797 0.673 1.265 1.187 1.0 0.677 1.108 0.793 1.182 1.0 0.79 1.64 1.08 1.103 1.0 0.992 0.73 1.056 1.095 1.0 0.845 0.73 1.218 0.773 1.0 0.882 0.716 0.681 1.095 1.0 0.892 1.147 0.697 0.996 1.0 0.782 0.986 0.703 1.045 1.0 0.7 0.982 0.917 1.032 1.0 0.784 0.732 0.932 1.074 1.0 0.838 0.96 0.649 0.859 1.0 0.874 1.115 1.0 1.035 1.0 0.688 1.064 1.0 1.033 1.0 0.756 0.957 1.0 0.777 1.0 0.793 0.812 1.0 0.853 1.0 1.0 1.124 1.0 0.806 1.0 1.0 0.927 1.0 0.723 1.0 1.0 0.98 1.0 0.731 1.0 1.0 1.35 1.0 0.837 1.0 1.0 1.318 1.0 0.679 1.0 1.0 0.75 1.0 0.677 1.0 1.0 0.732 1.0 0.663 1.0 1.0 0.711 1.0 0.702 1.0 1.0 0.842 1.0 1.0 1.0 1.0 0.809 1.0 1.0 1.0 1.0 0.819 1.0 1.0 1.0 1.0 0.66 1.0 1.0 1.0 1.0 1.0 1.0 1.0 1.0 1.0 1.0 1.0 1.0 1.0 1.0 1.0 1.0 1.0 1.0 1.0 1.0 1.0 1.0 1.0 1.0 1.0 1.0 1.0 1.0 1.0 1.0 1.0 1.0 1.0 1.0 1.0 1.0 1.0 1.0 1.0 1.0 1.0 1.0 1.0 1.0 1.0 1.0 1.0 1.0 1.0 1.0 1.0 1.0 1.0 1.0 1.0 1.0 1.0 1.0 1.0 1.0 1.0 1.0 1.0 1.0 1.0 1.0 1.0 1.0 1.0 1.0 1.0 1.0 1.0 1.0 1.0 1.0 1.0 1.0 1.0 1.0 1.0 1.0 1.0 1.0 1.0 1.0 1.0 1.0 1.0 1.0 1.0 1.0 1.0 1.0 1.0 1.0 1.0 1.0 1.0 1.0 1.0 1.0 1.0 1.0 1.0 1.0 1.0 1.0 1.0 1.0 1.0 1.0 1.0 1.0 1.0 1.0 1.0 1.0 1.0 1.0 1.0 1.0 1.0 1.0 1.0 1.0 1.0 1.0 1.0 1.0 1.0 1.0 1.0 1.0 1.0 1.0 1.0 1.0 1.0 1.0 1.0 1.0 1.0 1.0 1.0 1.0 0.867 1.021 1.153 0.896 1.033 0.993 1.284 1.244 0.876 1.166 1.069 1.31 0.841 1.029 1.297 0.804 0.899 0.73 0.684 0.847 1.331 1.314 1.323 1.223 1.162 0.801 0.795 0.733 0.505 0.789 0.938 0.967 1.32 0.902 0.816 0.996 0.837 0.924 0.746 1.011 0.798 0.762 0.939 1.33 0.741 1.087 1.009 1.243 0.776 1.206 0.794 1.027 0.968 0.881 1.299 0.73 0.968 0.965 0.766 0.758 1.169 0.689 1.127 1.0 1.159 0.786 1.174 1.07 1.0 1.275 0.973 0.74 1.174 1.0 0.705 0.629 1.037 1.143 1.0 1.168 0.862 1.059 0.988 1.0 1.052 1.048 0.703 0.983 1.0 0.796 0.74 1.075 0.839 1.0 0.708 1.085 1.016 0.825 1.0 0.748 1.085 1.002 1.163 1.0 0.753 1.11 1.074 1.089 1.0 0.741 0.712 1.06 0.792 1.0 0.762 0.874 1.147 0.788 1.0 1.546 0.938 0.642 1.089 1.0 0.954 0.985 1.138 0.794 1.0 0.725 0.685 0.925 1.276 1.0 0.721 0.73 0.638 0.796 1.0 1.0 0.675 0.844 1.079 1.0 1.0 0.829 1.29 1.192 1.0 1.0 1.046 1.062 1.194 1.0 1.0 1.042 0.744 0.72 1.0 1.0 0.677 0.929 0.794 1.0 1.0 0.66 0.914 1.317 1.0 1.0 1.0 0.693 1.33 1.0 1.0 1.0 1.253 1.263 1.0 1.0 1.0 0.69 0.76 1.0 1.0 1.0 0.741 1.135 1.0 1.0 1.0 0.731 0.865 1.0 1.0 1.0 0.724 0.903 1.0 1.0 1.0 0.783 1.038 1.0 1.0 1.0 0.736 0.736 1.0 1.0 1.0 0.719 0.685 1.0 1.0 1.0 1.031 0.707 1.0 1.0 1.0 0.907 0.687 1.0 1.0 1.0 0.678 0.699 1.0 1.0 1.0 1.063 0.679 1.0 1.0 1.0 0.907 0.607 1.0 1.0 1.0 1.017 0.626 1.0 1.0 1.0 0.754 1.0 1.0 1.0 1.0 0.65 1.0 1.0 1.0 1.0 0.672 1.0 1.0 1.0 1.0 0.813 1.0 1.0 1.0 1.0 0.661 1.0 1.0 1.0 1.0 0.674 1.0 1.0 1.0 1.0 0.701 1.0 1.0 1.0 1.0 0.727 1.0 1.0 1.0 1.0 0.729 1.0 1.0 1.0 1.0 0.698 1.0 1.0 1.0 1.0 0.689 1.0 1.0 1.0 1.0 1.0 1.0 1.0 1.0 1.0 1.0 1.0 1.0 1.0 1.0 1.0 1.0 1.0 1.0 1.0 1.0 1.0 1.0 1.0 1.0 1.0 1.0 1.0 1.0 1.0 1.0 1.0 1.0 1.0 1.0 1.0 1.0 1.0 1.0 1.0 1.0 1.0 1.0 1.0 1.0 1.0 1.0 1.0 1.0 1.0 1.0 1.0 1.0 1.0 1.0 1.0 1.0 1.0 1.0 1.0 1.0 1.0 1.0 1.0 1.0 1.0 1.0 1.0 1.0 1.0 1.0 1.0 1.0 1.0 1.0 1.0 1.0 1.0 1.0 1.0 1.0 1.0 1.0 1.0 1.198 1.2 1.022 1.159 0.833 1.082 1.282 1.23 1.239 1.204 1.315 0.925 0.84 1.287 1.203 0.814 0.866 1.015 0.724 0.827 0.954 1.181 1.192 0.95 1.09 0.827 1.147 0.928 1.208 0.796 1.236 0.486 1.08 0.736 1.234 0.968 1.156 0.729 0.973 1.074 1.15 1.253 1.34 1.122 1.141 0.977 1.296 1.339 1.28 0.787 0.776 1.145 1.205 1.189 1.311 1.089 0.649 1.126 0.984 1.226 1.248 1.312 1.367 1.351 1.026 1.249 0.496 1.408 1.108 1.32 1.113 1.513 0.678 0.845 0.817 1.26 1.23 0.683 1.415 0.802 1.053 0.992 1.257 1.303 1.0 1.356 0.634 1.282 1.474 1.0 1.402 1.288 1.258 0.65 1.0 0.931 1.131 1.29 1.375 1.0 1.083 0.669 1.34 0.658 1.0 1.042 1.269 1.085 1.203 1.0 0.841 1.096 0.918 0.979 1.0 1.076 1.463 1.453 0.71 1.0 1.096 1.467 0.854 1.097 1.0 1.292 0.972 0.742 1.004 1.0 1.248 1.486 1.166 1.046 1.0 1.177 0.82 0.768 0.724 1.0 0.972 1.544 1.203 0.873 1.0 1.233 0.562 1.142 0.664 1.0 1.178 0.786 1.168 0.855 1.0 0.706 1.167 0.83 1.005 1.0 0.715 1.279 1.128 0.759 1.0 0.718 1.074 0.759 1.0 1.0 0.732 0.609 0.877 1.0 1.0 0.689 0.686 1.0 1.0 1.0 0.656 0.663 1.0 1.0 1.0 0.627 0.701 1.0 1.0 1.0 1.079 0.703 1.0 1.0 1.0 0.729 0.707 1.0 1.0 1.0 1.204 0.701 1.0 1.0 1.0 1.223 1.0 1.0 1.0 1.0 0.949 1.0 1.0 1.0 1.0 1.386 1.0 1.0 1.0 1.0 0.755 1.0 1.0 1.0 1.0 0.885 1.0 1.0 1.0 1.0 1.136 1.0 1.0 1.0 1.0 0.755 1.0 1.0 1.0 1.0 0.805 1.0 1.0 1.0 1.0 1.0 1.0 1.0 1.0 1.0 1.0 1.0 1.0 1.0 1.0 1.0 1.0 1.0 1.0 1.0 1.0 1.0 1.0 1.0 1.0 1.0 1.0 1.0 1.0 1.0 1.0 1.0 1.0 1.0 1.0 1.0 1.0 1.0 1.0 1.0 1.0 1.0 1.0 1.0 1.0 1.0 1.0 1.0 1.0 1.0 1.0 1.0 1.0 1.0 1.0 1.0 1.0 1.0 1.0 1.0 1.0 1.0 1.0 1.0 1.0 1.0 1.0 1.0 1.0 1.0 1.0 1.0 1.0 1.0 1.0 1.0 1.0 1.0 1.0 1.0 1.0 1.0 1.0 1.0 1.0 1.0 1.0 1.0 1.0 1.0 1.0 1.0 1.0 1.0 1.0 1.0 1.0 1.0 1.0 1.0 1.0 1.0 1.0 1.0 1.0 1.0 1.0 1.0 1.0 1.0 1.0 1.0 1.0 1.0 1.0 1.0 1.0 1.0 1.0 1.0 1.0 1.0 1.0 1.0 1.0 1.0 1.0 1.0 1.0 1.0 1.0 1.0 1.0 1.0 1.0 1.0 1.0 1.0 1.0 1.0 0.867 0.934 1.153 1.159 0.833 1.279 1.066 1.251 0.777 1.215 0.849 0.75 1.006 1.164 1.242 0.929 0.741 1.286 0.76 1.026 0.972 1.323 1.283 0.91 0.872 0.981 0.913 0.712 1.051 1.143 0.985 0.909 1.287 1.08 0.935 1.164 0.893 0.7 1.233 1.209 0.836 1.017 0.889 1.361 1.107 0.701 0.826 1.009 1.315 1.215 1.36 1.013 1.044 1.324 1.082 1.037 0.96 0.886 1.339 0.564 0.609 1.162 0.932 1.434 1.224 1.342 0.863 0.857 0.855 1.42 0.795 1.295 0.982 0.947 0.622 1.323 1.333 0.962 1.0 1.229 0.838 1.27 1.324 1.0 1.288 0.853 1.168 0.824 1.0 1.283 1.149 1.207 1.168 1.0 1.476 0.88 0.883 0.96 1.0 0.728 1.067 0.612 1.31 1.0 0.838 0.993 0.628 1.12 1.0 0.909 1.165 0.856 0.688 1.0 0.895 1.372 0.871 1.091 1.0 1.861 0.969 0.875 1.001 1.0 1.066 0.89 1.221 1.134 1.0 0.735 1.397 0.873 1.071 1.0 1.941 0.849 0.928 1.135 1.0 0.963 1.094 1.101 0.828 1.0 0.676 0.879 0.911 0.739 1.0 0.845 1.037 0.811 0.757 1.0 0.792 0.998 1.422 0.903 1.0 0.658 1.0 1.048 1.19 1.0 0.815 1.0 1.131 0.821 1.0 0.7 1.0 0.779 0.869 1.0 0.686 1.0 0.919 0.717 1.0 0.736 1.0 0.857 0.791 1.0 0.739 1.0 0.822 0.705 1.0 0.726 1.0 0.724 1.416 1.0 2.375 1.0 1.0 0.708 1.0 0.647 1.0 1.0 0.708 1.0 0.672 1.0 1.0 1.046 1.0 1.0 1.0 1.0 0.712 1.0 1.0 1.0 1.0 0.794 1.0 1.0 1.0 1.0 1.963 1.0 1.0 1.0 1.0 1.0 1.0 1.0 1.0 1.0 1.0 1.0 1.0 1.0 1.0 1.0 1.0 1.0 1.0 1.0 1.0 1.0 1.0 1.0 1.0 1.0 1.0 1.0 1.0 1.0 1.0 1.0 1.0 1.0 1.0 1.0 1.0 1.0 1.0 1.0 1.0 1.0 1.0 1.0 1.0 1.0 1.0 1.0 1.0 1.0 1.0 1.0 1.0 1.0 1.0 1.0 1.0 1.0 1.0 1.0 1.0 1.0 1.0 1.0 1.0 1.0 1.0 1.0 1.0 1.0 1.0 1.0 1.0 1.0 1.0 1.0 1.0 1.0 1.0 1.0 1.0 1.0 1.0 1.0 1.0 1.0 1.0 1.0 1.0 1.0 1.0 1.0 1.0 1.0 1.0 1.0 1.0 1.0 1.0 1.0 1.0 1.0 1.0 1.0 1.0 1.0 1.0 1.0 1.0 1.0 1.0 1.0 1.0 1.0 1.0 1.0 1.0 1.0 1.0 1.0 1.0 1.0 1.0 1.0 1.0 1.0 1.0 1.0 1.0 1.0 1.0 1.0 1.0 1.0 1.0 1.0 1.0 1.0 1.0 1.0 1.0 1.0 1.0 1.0 1.0 1.0 1.0 1.0 1.0 1.0 1.0 1.0 1.0 1.0 1.0 1.0 1.0 1.0,2.3747554,1.3747554,0.4681437,0.3,0.6877827644348145,0.0003,5,5.193053
75,0.23488299548625946,0.99345005,0.994 1.019 0.878 1.025 0.873 1.073 1.272 1.255 0.774 0.772 0.986 1.299 1.003 1.246 0.927 1.313 0.719 0.694 0.994 0.783 0.89 1.054 0.975 1.238 1.053 0.884 0.71 1.287 0.97 1.023 0.972 0.714 1.017 0.809 1.093 0.924 1.005 1.276 1.25 1.169 1.07 1.058 0.891 0.586 0.685 0.876 0.715 1.136 1.236 1.123 1.232 0.714 1.16 1.251 0.883 1.002 0.899 1.167 1.215 1.144 0.932 1.065 0.801 1.282 1.0 1.195 1.092 0.71 0.652 1.0 1.126 1.082 1.112 1.24 1.0 1.361 1.477 1.028 1.118 1.0 1.237 0.987 1.369 0.986 1.0 1.134 0.947 1.058 0.649 1.0 1.008 0.664 0.992 1.088 1.0 0.962 0.923 0.823 0.723 1.0 1.336 0.662 0.748 1.175 1.0 0.895 0.89 1.0 0.725 1.0 0.762 0.813 1.0 0.787 1.0 0.743 1.133 1.0 0.813 1.0 0.741 1.089 1.0 0.842 1.0 0.982 1.102 1.0 0.697 1.0 0.75 1.094 1.0 0.663 1.0 0.932 0.719 1.0 1.191 1.0 1.197 1.044 1.0 0.999 1.0 0.7 0.669 1.0 0.905 1.0 0.709 0.931 1.0 0.761 1.0 1.077 0.952 1.0 1.102 1.0 1.705 0.822 1.0 0.873 1.0 1.0 0.954 1.0 1.04 1.0 1.0 0.927 1.0 0.791 1.0 1.0 0.948 1.0 0.942 1.0 1.0 0.63 1.0 0.802 1.0 1.0 0.708 1.0 0.725 1.0 1.0 0.774 1.0 1.0 1.0 1.0 2.161 1.0 1.0 1.0 1.0 0.743 1.0 1.0 1.0 1.0 0.704 1.0 1.0 1.0 1.0 0.701 1.0 1.0 1.0 1.0 0.705 1.0 1.0 1.0 1.0 0.67 1.0 1.0 1.0 1.0 0.808 1.0 1.0 1.0 1.0 1.0 1.0 1.0 1.0 1.0 1.0 1.0 1.0 1.0 1.0 1.0 1.0 1.0 1.0 1.0 1.0 1.0 1.0 1.0 1.0 1.0 1.0 1.0 1.0 1.0 1.0 1.0 1.0 1.0 1.0 1.0 1.0 1.0 1.0 1.0 1.0 1.0 1.0 1.0 1.0 1.0 1.0 1.0 1.0 1.0 1.0 1.0 1.0 1.0 1.0 1.0 1.0 1.0 1.0 1.0 1.0 1.0 1.0 1.0 1.0 1.0 1.0 1.0 1.0 1.0 1.0 1.0 1.0 1.0 1.0 1.0 1.0 1.0 1.0 1.0 1.0 1.0 1.0 1.0 1.0 1.0 1.0 1.0 1.0 1.0 1.0 1.0 1.0 1.0 1.0 1.0 1.0 1.0 1.0 1.0 1.0 1.0 1.0 1.0 1.0 1.0 1.0 1.0 1.0 1.0 1.0 1.0 1.0 1.0 1.0 1.0 1.0 1.0 1.0 1.0 1.0 1.0 1.0 1.0 1.0 1.0 1.0 1.0 1.0 1.0 1.0 1.0 1.0 1.0 1.0 1.0 1.0 1.0 1.0 1.0 1.0 1.0 1.0 1.0 1.0 1.0 1.0 1.0 1.0 1.0 1.0 1.0 1.0 1.0 0.896 1.055 1.173 1.025 0.873 1.278 1.074 1.003 0.787 0.836 0.86 0.982 0.854 0.768 1.148 0.986 0.75 0.987 0.762 1.041 0.923 0.928 0.851 0.903 0.736 1.189 0.932 1.194 1.043 0.623 0.791 1.386 0.893 1.199 0.726 1.191 1.218 1.027 1.322 0.787 0.82 0.797 1.213 0.466 1.143 0.82 0.923 1.19 0.672 1.17 0.833 0.804 0.705 0.782 0.705 1.225 0.82 0.652 1.322 0.702 0.845 1.052 1.122 0.531 1.089 0.908 1.081 1.039 0.711 1.038 0.812 0.928 1.013 1.176 0.671 1.112 1.094 1.019 0.579 1.083 0.857 1.049 0.708 0.606 0.701 1.0 1.105 1.217 0.821 0.783 1.0 0.903 0.708 0.706 1.061 1.0 0.903 1.48 0.894 0.744 1.0 0.738 0.619 0.716 0.758 1.0 0.758 0.654 0.82 1.0 1.0 1.185 0.79 0.796 1.0 1.0 0.78 0.778 0.78 1.0 1.0 1.005 0.708 0.795 1.0 1.0 1.117 0.635 0.642 1.0 1.0 1.097 0.69 0.94 1.0 1.0 0.791 0.689 0.786 1.0 1.0 0.69 0.932 0.708 1.0 1.0 0.717 0.637 1.0 1.0 1.0 1.219 0.67 1.0 1.0 1.0 0.767 0.634 1.0 1.0 1.0 0.724 0.653 1.0 1.0 1.0 1.112 1.78 1.0 1.0 1.0 0.696 1.0 1.0 1.0 1.0 0.692 1.0 1.0 1.0 1.0 1.067 1.0 1.0 1.0 1.0 0.789 1.0 1.0 1.0 1.0 0.736 1.0 1.0 1.0 1.0 0.782 1.0 1.0 1.0 1.0 0.983 1.0 1.0 1.0 1.0 0.699 1.0 1.0 1.0 1.0 0.834 1.0 1.0 1.0 1.0 0.818 1.0 1.0 1.0 1.0 0.944 1.0 1.0 1.0 1.0 0.692 1.0 1.0 1.0 1.0 2.163 1.0 1.0 1.0 1.0 1.632 1.0 1.0 1.0 1.0 0.771 1.0 1.0 1.0 1.0 1.0 1.0 1.0 1.0 1.0 1.0 1.0 1.0 1.0 1.0 1.0 1.0 1.0 1.0 1.0 1.0 1.0 1.0 1.0 1.0 1.0 1.0 1.0 1.0 1.0 1.0 1.0 1.0 1.0 1.0 1.0 1.0 1.0 1.0 1.0 1.0 1.0 1.0 1.0 1.0 1.0 1.0 1.0 1.0 1.0 1.0 1.0 1.0 1.0 1.0 1.0 1.0 1.0 1.0 1.0 1.0 1.0 1.0 1.0 1.0 1.0 1.0 1.0 1.0 1.0 1.0 1.0 1.0 1.0 1.0 1.0 1.0 1.0 1.0 1.0 1.0 1.0 1.0 1.0 1.0 1.0 1.0 1.0 1.0 1.0 1.0 1.0 1.0 1.0 1.0 1.0 1.0 1.0 1.0 1.0 1.0 1.0 1.0 1.0 1.0 1.0 1.0 1.0 1.0 1.0 1.0 1.0 1.0 1.0 1.0 1.0 1.0 1.0 1.0 1.0 1.0 1.0 1.0 1.0 1.0 1.0 1.0 1.0 1.0 1.0 1.0 1.0 1.0 1.0 1.0 1.0 1.0 1.0 1.0 1.2 1.019 0.817 1.161 0.832 1.095 1.066 1.258 1.023 0.77 1.312 1.33 1.005 1.247 1.191 1.114 0.916 1.239 1.267 0.914 1.32 1.016 1.232 0.994 0.876 1.24 1.161 0.988 1.293 1.205 1.267 1.036 0.956 0.701 0.663 1.177 0.877 0.985 0.961 1.252 0.909 0.979 1.069 1.289 0.532 0.937 1.029 1.056 0.9 1.133 1.002 1.231 1.27 1.116 1.167 0.891 0.654 1.046 1.132 0.55 1.028 1.216 1.077 0.691 0.743 0.908 1.128 0.696 1.229 0.88 1.46 1.393 0.802 1.304 0.821 0.678 0.844 0.767 1.104 0.825 1.086 0.863 0.862 1.33 0.935 0.599 0.93 0.712 1.262 0.897 0.781 0.586 0.884 0.647 0.994 1.02 0.616 0.77 0.878 1.376 0.709 0.727 1.396 1.221 0.688 0.833 0.883 1.0 0.95 0.984 0.749 0.693 1.0 0.668 0.644 0.729 0.731 1.0 1.308 1.0 0.677 1.462 1.0 1.536 1.0 0.686 0.729 1.0 0.722 1.0 0.687 1.249 1.0 1.09 1.0 0.752 0.975 1.0 0.683 1.0 0.993 0.796 1.0 0.921 1.0 1.1 1.292 1.0 0.794 1.0 0.748 0.803 1.0 0.655 1.0 1.172 0.752 1.0 1.0 1.0 0.735 0.749 1.0 1.0 1.0 0.783 0.741 1.0 1.0 1.0 1.017 0.667 1.0 1.0 1.0 1.078 0.702 1.0 1.0 1.0 0.864 0.697 1.0 1.0 1.0 1.052 1.002 1.0 1.0 1.0 0.973 1.0 1.0 1.0 1.0 0.782 1.0 1.0 1.0 1.0 0.793 1.0 1.0 1.0 1.0 0.755 1.0 1.0 1.0 1.0 0.797 1.0 1.0 1.0 1.0 0.7 1.0 1.0 1.0 1.0 0.947 1.0 1.0 1.0 1.0 1.013 1.0 1.0 1.0 1.0 1.18 1.0 1.0 1.0 1.0 0.943 1.0 1.0 1.0 1.0 0.741 1.0 1.0 1.0 1.0 0.801 1.0 1.0 1.0 1.0 1.598 1.0 1.0 1.0 1.0 0.614 1.0 1.0 1.0 1.0 1.0 1.0 1.0 1.0 1.0 1.0 1.0 1.0 1.0 1.0 1.0 1.0 1.0 1.0 1.0 1.0 1.0 1.0 1.0 1.0 1.0 1.0 1.0 1.0 1.0 1.0 1.0 1.0 1.0 1.0 1.0 1.0 1.0 1.0 1.0 1.0 1.0 1.0 1.0 1.0 1.0 1.0 1.0 1.0 1.0 1.0 1.0 1.0 1.0 1.0 1.0 1.0 1.0 1.0 1.0 1.0 1.0 1.0 1.0 1.0 1.0 1.0 1.0 1.0 1.0 1.0 1.0 1.0 1.0 1.0 1.0 1.0 1.0 1.0 1.0 1.0 1.0 1.0 1.0 1.0 1.0 1.0 1.0 1.0 1.0 1.0 1.0 1.0 1.0 1.0 1.0 1.0 1.0 1.0 1.0 1.0 1.0 1.0 1.0 1.0 1.0 1.0 1.0 1.0 1.0 1.0 1.0 1.0 1.0 1.0 1.0 1.0 1.0 1.0 1.0 1.0 1.0 1.0 1.0 1.0 1.2 0.932 0.817 1.161 1.141 0.83 1.066 1.203 0.866 0.766 1.106 0.901 1.007 0.861 1.041 0.811 0.898 1.316 0.901 1.273 0.925 1.212 0.84 1.25 0.862 1.008 1.014 1.255 0.704 1.323 1.22 1.269 1.23 1.296 0.723 0.605 1.239 1.299 1.297 1.421 1.297 1.038 1.305 1.195 1.315 1.102 1.006 0.722 1.288 1.298 1.28 1.214 0.92 1.278 1.294 1.261 1.288 1.15 1.314 1.398 1.186 1.178 0.836 1.117 1.292 1.307 1.3 1.293 1.316 0.9 1.286 1.336 1.232 1.298 1.3 0.879 1.298 1.226 1.268 0.744 1.362 0.645 1.293 0.845 1.298 1.255 1.296 0.768 1.313 0.859 0.67 1.25 1.283 0.843 1.246 1.184 1.197 1.137 0.771 1.297 1.377 0.743 1.346 1.225 1.301 0.818 1.121 1.168 0.798 0.784 1.314 1.394 1.205 0.878 1.272 1.192 0.944 1.13 1.266 0.845 1.19 0.969 0.832 1.312 0.803 1.061 1.286 0.996 0.905 0.857 1.449 0.922 0.972 1.173 1.416 1.147 0.977 1.077 1.112 1.24 0.75 1.371 0.901 0.656 0.721 0.654 1.0 0.889 0.634 1.0 0.692 1.0 0.818 1.0 1.0 0.736 1.0 0.815 1.0 1.0 0.77 1.0 1.215 1.0 1.0 1.002 1.0 1.232 1.0 1.0 2.051 1.0 1.38 1.0 1.0 0.724 1.0 0.907 1.0 1.0 2.002 1.0 0.77 1.0 1.0 0.766 1.0 0.759 1.0 1.0 0.853 1.0 0.754 1.0 1.0 0.763 1.0 0.749 1.0 1.0 1.0 1.0 0.658 1.0 1.0 1.0 1.0 1.462 1.0 1.0 1.0 1.0 1.288 1.0 1.0 1.0 1.0 1.114 1.0 1.0 1.0 1.0 1.014 1.0 1.0 1.0 1.0 0.991 1.0 1.0 1.0 1.0 0.922 1.0 1.0 1.0 1.0 1.021 1.0 1.0 1.0 1.0 1.315 1.0 1.0 1.0 1.0 1.303 1.0 1.0 1.0 1.0 0.846 1.0 1.0 1.0 1.0 0.766 1.0 1.0 1.0 1.0 0.704 1.0 1.0 1.0 1.0 1.051 1.0 1.0 1.0 1.0 0.92 1.0 1.0 1.0 1.0 0.953 1.0 1.0 1.0 1.0 1.039 1.0 1.0 1.0 1.0 1.04 1.0 1.0 1.0 1.0 0.618 1.0 1.0 1.0 1.0 0.881 1.0 1.0 1.0 1.0 1.039 1.0 1.0 1.0 1.0 1.34 1.0 1.0 1.0 1.0 0.629 1.0 1.0 1.0 1.0 0.675 1.0 1.0 1.0 1.0 0.7 1.0 1.0 1.0 1.0 0.696 1.0 1.0 1.0 1.0 0.981 1.0 1.0 1.0 1.0 0.657 1.0 1.0 1.0 1.0 1.078 1.0 1.0 1.0 1.0 0.756 1.0 1.0 1.0 1.0 1.28 1.0 1.0 1.0 1.0 0.643 1.0 1.0 1.0 1.0 0.803 1.0 1.0 1.0 1.0 0.701 1.0 1.0 1.0 1.0 0.691 1.0 1.0 1.0 1.0 0.712 1.0 1.0 1.065 1.202 0.878 1.12 1.036 1.287 1.063 1.204 0.772 1.193 0.825 0.919 1.022 0.751 1.274 1.104 1.192 1.298 0.826 0.828 0.871 1.063 0.714 0.908 0.939 1.209 1.242 0.838 1.233 0.832 0.96 0.78 0.836 1.316 0.963 0.912 1.151 1.085 1.241 1.295 0.953 1.218 1.317 1.331 0.785 1.296 1.327 1.178 1.227 1.383 1.316 0.794 1.24 0.628 1.117 0.92 1.066 1.298 1.135 1.409 1.3 1.122 0.656 1.57 0.722 0.996 1.221 1.401 1.44 1.003 0.923 1.424 0.998 0.991 1.456 1.0 1.23 0.965 1.578 1.113 1.174 1.377 1.301 0.613 0.903 1.079 1.0 1.481 1.431 1.289 0.806 1.0 0.914 1.326 0.746 0.869 1.0 0.839 0.832 0.753 0.749 1.0 0.799 0.671 1.269 1.183 1.0 0.675 1.112 0.794 1.181 1.0 0.788 1.641 1.08 1.101 1.0 0.993 0.731 1.056 1.103 1.0 0.844 0.729 1.22 0.772 1.0 0.882 0.717 0.68 1.09 1.0 0.892 1.144 0.694 0.994 1.0 0.775 0.985 0.699 1.043 1.0 0.699 0.981 0.916 1.031 1.0 0.782 0.732 0.931 1.068 1.0 0.836 0.96 0.648 0.86 1.0 0.871 1.121 1.0 1.029 1.0 0.687 1.069 1.0 1.035 1.0 0.754 0.959 1.0 0.776 1.0 0.79 0.812 1.0 0.856 1.0 1.0 1.119 1.0 0.808 1.0 1.0 0.93 1.0 0.721 1.0 1.0 0.984 1.0 0.73 1.0 1.0 1.342 1.0 0.827 1.0 1.0 1.312 1.0 0.679 1.0 1.0 0.749 1.0 0.676 1.0 1.0 0.735 1.0 0.663 1.0 1.0 0.714 1.0 0.701 1.0 1.0 0.834 1.0 1.0 1.0 1.0 0.801 1.0 1.0 1.0 1.0 0.814 1.0 1.0 1.0 1.0 0.663 1.0 1.0 1.0 1.0 1.0 1.0 1.0 1.0 1.0 1.0 1.0 1.0 1.0 1.0 1.0 1.0 1.0 1.0 1.0 1.0 1.0 1.0 1.0 1.0 1.0 1.0 1.0 1.0 1.0 1.0 1.0 1.0 1.0 1.0 1.0 1.0 1.0 1.0 1.0 1.0 1.0 1.0 1.0 1.0 1.0 1.0 1.0 1.0 1.0 1.0 1.0 1.0 1.0 1.0 1.0 1.0 1.0 1.0 1.0 1.0 1.0 1.0 1.0 1.0 1.0 1.0 1.0 1.0 1.0 1.0 1.0 1.0 1.0 1.0 1.0 1.0 1.0 1.0 1.0 1.0 1.0 1.0 1.0 1.0 1.0 1.0 1.0 1.0 1.0 1.0 1.0 1.0 1.0 1.0 1.0 1.0 1.0 1.0 1.0 1.0 1.0 1.0 1.0 1.0 1.0 1.0 1.0 1.0 1.0 1.0 1.0 1.0 1.0 1.0 1.0 1.0 1.0 1.0 1.0 1.0 1.0 1.0 1.0 1.0 1.0 1.0 1.0 1.0 1.0 1.0 1.0 1.0 1.0 1.0 1.0 1.0 1.0 1.0 1.0 1.0 1.0 1.0 1.0 1.0 1.0 1.0 0.867 1.019 1.152 0.893 1.036 0.99 1.285 1.248 0.872 1.167 1.077 1.311 0.837 1.027 1.297 0.803 0.894 0.729 0.684 0.842 1.33 1.314 1.327 1.22 1.162 0.8 0.794 0.733 0.504 0.787 0.944 0.962 1.324 0.895 0.817 0.993 0.836 0.928 0.748 1.01 0.801 0.764 0.935 1.338 0.742 1.085 1.005 1.239 0.778 1.203 0.794 1.024 0.965 0.878 1.295 0.733 0.975 0.965 0.767 0.76 1.167 0.687 1.128 1.0 1.161 0.788 1.171 1.07 1.0 1.27 0.972 0.738 1.178 1.0 0.706 0.631 1.034 1.147 1.0 1.168 0.863 1.07 0.991 1.0 1.054 1.044 0.702 0.984 1.0 0.794 0.74 1.075 0.838 1.0 0.709 1.081 1.014 0.822 1.0 0.747 1.081 1.0 1.169 1.0 0.751 1.106 1.072 1.09 1.0 0.74 0.715 1.067 0.789 1.0 0.761 0.878 1.143 0.785 1.0 1.548 0.94 0.64 1.089 1.0 0.952 0.987 1.135 0.791 1.0 0.724 0.687 0.925 1.273 1.0 0.723 0.728 0.637 0.793 1.0 1.0 0.676 0.841 1.079 1.0 1.0 0.83 1.301 1.199 1.0 1.0 1.04 1.062 1.201 1.0 1.0 1.044 0.741 0.718 1.0 1.0 0.675 0.926 0.791 1.0 1.0 0.659 0.911 1.316 1.0 1.0 1.0 0.69 1.329 1.0 1.0 1.0 1.251 1.261 1.0 1.0 1.0 0.687 0.758 1.0 1.0 1.0 0.737 1.138 1.0 1.0 1.0 0.727 0.863 1.0 1.0 1.0 0.72 0.901 1.0 1.0 1.0 0.779 1.039 1.0 1.0 1.0 0.732 0.735 1.0 1.0 1.0 0.715 0.686 1.0 1.0 1.0 1.03 0.707 1.0 1.0 1.0 0.905 0.686 1.0 1.0 1.0 0.678 0.699 1.0 1.0 1.0 1.066 0.679 1.0 1.0 1.0 0.906 0.605 1.0 1.0 1.0 1.016 0.627 1.0 1.0 1.0 0.748 1.0 1.0 1.0 1.0 0.649 1.0 1.0 1.0 1.0 0.671 1.0 1.0 1.0 1.0 0.807 1.0 1.0 1.0 1.0 0.66 1.0 1.0 1.0 1.0 0.673 1.0 1.0 1.0 1.0 0.7 1.0 1.0 1.0 1.0 0.728 1.0 1.0 1.0 1.0 0.731 1.0 1.0 1.0 1.0 0.7 1.0 1.0 1.0 1.0 0.691 1.0 1.0 1.0 1.0 1.0 1.0 1.0 1.0 1.0 1.0 1.0 1.0 1.0 1.0 1.0 1.0 1.0 1.0 1.0 1.0 1.0 1.0 1.0 1.0 1.0 1.0 1.0 1.0 1.0 1.0 1.0 1.0 1.0 1.0 1.0 1.0 1.0 1.0 1.0 1.0 1.0 1.0 1.0 1.0 1.0 1.0 1.0 1.0 1.0 1.0 1.0 1.0 1.0 1.0 1.0 1.0 1.0 1.0 1.0 1.0 1.0 1.0 1.0 1.0 1.0 1.0 1.0 1.0 1.0 1.0 1.0 1.0 1.0 1.0 1.0 1.0 1.0 1.0 1.0 1.0 1.0 1.0 1.0 1.2 1.202 1.024 1.161 0.832 1.088 1.284 1.229 1.241 1.203 1.316 0.921 0.836 1.291 1.202 0.812 0.863 1.02 0.723 0.826 0.95 1.177 1.195 0.954 1.093 0.824 1.149 0.931 1.204 0.797 1.24 0.486 1.076 0.735 1.232 0.973 1.155 0.731 0.971 1.075 1.147 1.258 1.335 1.121 1.141 0.977 1.301 1.335 1.283 0.791 0.777 1.14 1.208 1.189 1.318 1.089 0.649 1.123 0.982 1.225 1.246 1.318 1.368 1.354 1.027 1.248 0.493 1.409 1.108 1.326 1.114 1.514 0.678 0.847 0.821 1.262 1.234 0.683 1.416 0.805 1.053 0.99 1.256 1.302 1.0 1.359 0.633 1.281 1.475 1.0 1.409 1.294 1.262 0.65 1.0 0.92 1.139 1.291 1.376 1.0 1.084 0.666 1.341 0.657 1.0 1.047 1.275 1.088 1.204 1.0 0.839 1.102 0.92 0.978 1.0 1.077 1.467 1.452 0.71 1.0 1.099 1.471 0.857 1.094 1.0 1.295 0.972 0.741 1.004 1.0 1.251 1.489 1.16 1.048 1.0 1.179 0.822 0.767 0.724 1.0 0.973 1.548 1.199 0.875 1.0 1.225 0.561 1.136 0.662 1.0 1.169 0.787 1.162 0.856 1.0 0.706 1.172 0.825 1.005 1.0 0.715 1.283 1.122 0.758 1.0 0.717 1.06 0.759 1.0 1.0 0.731 0.609 0.879 1.0 1.0 0.69 0.685 1.0 1.0 1.0 0.658 0.66 1.0 1.0 1.0 0.627 0.699 1.0 1.0 1.0 1.076 0.703 1.0 1.0 1.0 0.731 0.708 1.0 1.0 1.0 1.203 0.699 1.0 1.0 1.0 1.222 1.0 1.0 1.0 1.0 0.951 1.0 1.0 1.0 1.0 1.371 1.0 1.0 1.0 1.0 0.757 1.0 1.0 1.0 1.0 0.886 1.0 1.0 1.0 1.0 1.133 1.0 1.0 1.0 1.0 0.755 1.0 1.0 1.0 1.0 0.807 1.0 1.0 1.0 1.0 1.0 1.0 1.0 1.0 1.0 1.0 1.0 1.0 1.0 1.0 1.0 1.0 1.0 1.0 1.0 1.0 1.0 1.0 1.0 1.0 1.0 1.0 1.0 1.0 1.0 1.0 1.0 1.0 1.0 1.0 1.0 1.0 1.0 1.0 1.0 1.0 1.0 1.0 1.0 1.0 1.0 1.0 1.0 1.0 1.0 1.0 1.0 1.0 1.0 1.0 1.0 1.0 1.0 1.0 1.0 1.0 1.0 1.0 1.0 1.0 1.0 1.0 1.0 1.0 1.0 1.0 1.0 1.0 1.0 1.0 1.0 1.0 1.0 1.0 1.0 1.0 1.0 1.0 1.0 1.0 1.0 1.0 1.0 1.0 1.0 1.0 1.0 1.0 1.0 1.0 1.0 1.0 1.0 1.0 1.0 1.0 1.0 1.0 1.0 1.0 1.0 1.0 1.0 1.0 1.0 1.0 1.0 1.0 1.0 1.0 1.0 1.0 1.0 1.0 1.0 1.0 1.0 1.0 1.0 1.0 1.0 1.0 1.0 1.0 1.0 1.0 1.0 1.0 1.0 1.0 1.0 1.0 1.0 1.0 1.0 0.867 0.932 1.152 1.161 0.832 1.28 1.074 1.254 0.776 1.215 0.843 0.747 1.011 1.161 1.244 0.926 0.739 1.29 0.759 1.032 0.971 1.325 1.286 0.906 0.87 0.98 0.908 0.711 1.049 1.144 0.985 0.915 1.29 1.08 0.932 1.164 0.891 0.698 1.236 1.212 0.84 1.014 0.886 1.363 1.108 0.704 0.83 1.016 1.32 1.212 1.354 1.014 1.051 1.327 1.083 1.04 0.963 0.882 1.345 0.563 0.61 1.161 0.93 1.443 1.222 1.338 0.867 0.859 0.854 1.428 0.798 1.289 0.981 0.947 0.621 1.32 1.328 0.962 1.0 1.225 0.842 1.265 1.323 1.0 1.291 0.857 1.168 0.825 1.0 1.287 1.15 1.214 1.175 1.0 1.475 0.882 0.886 0.961 1.0 0.729 1.063 0.612 1.309 1.0 0.836 0.989 0.628 1.124 1.0 0.905 1.165 0.851 0.685 1.0 0.891 1.376 0.873 1.085 1.0 1.868 0.973 0.876 1.0 1.0 1.064 0.887 1.227 1.129 1.0 0.734 1.402 0.875 1.076 1.0 1.948 0.847 0.93 1.129 1.0 0.961 1.095 1.101 0.828 1.0 0.676 0.88 0.897 0.737 1.0 0.839 1.025 0.808 0.757 1.0 0.792 0.998 1.428 0.899 1.0 0.658 1.0 1.034 1.181 1.0 0.809 1.0 1.117 0.82 1.0 0.7 1.0 0.778 0.872 1.0 0.686 1.0 0.919 0.716 1.0 0.736 1.0 0.858 0.79 1.0 0.74 1.0 0.822 0.704 1.0 0.724 1.0 0.724 1.409 1.0 2.374 1.0 1.0 0.707 1.0 0.647 1.0 1.0 0.709 1.0 0.67 1.0 1.0 1.041 1.0 1.0 1.0 1.0 0.717 1.0 1.0 1.0 1.0 0.791 1.0 1.0 1.0 1.0 1.958 1.0 1.0 1.0 1.0 1.0 1.0 1.0 1.0 1.0 1.0 1.0 1.0 1.0 1.0 1.0 1.0 1.0 1.0 1.0 1.0 1.0 1.0 1.0 1.0 1.0 1.0 1.0 1.0 1.0 1.0 1.0 1.0 1.0 1.0 1.0 1.0 1.0 1.0 1.0 1.0 1.0 1.0 1.0 1.0 1.0 1.0 1.0 1.0 1.0 1.0 1.0 1.0 1.0 1.0 1.0 1.0 1.0 1.0 1.0 1.0 1.0 1.0 1.0 1.0 1.0 1.0 1.0 1.0 1.0 1.0 1.0 1.0 1.0 1.0 1.0 1.0 1.0 1.0 1.0 1.0 1.0 1.0 1.0 1.0 1.0 1.0 1.0 1.0 1.0 1.0 1.0 1.0 1.0 1.0 1.0 1.0 1.0 1.0 1.0 1.0 1.0 1.0 1.0 1.0 1.0 1.0 1.0 1.0 1.0 1.0 1.0 1.0 1.0 1.0 1.0 1.0 1.0 1.0 1.0 1.0 1.0 1.0 1.0 1.0 1.0 1.0 1.0 1.0 1.0 1.0 1.0 1.0 1.0 1.0 1.0 1.0 1.0 1.0 1.0 1.0 1.0 1.0 1.0 1.0 1.0 1.0 1.0 1.0 1.0 1.0 1.0 1.0 1.0 1.0 1.0 1.0 1.0,2.3744884,1.3744884,0.4660562,0.3,0.6944617629051208,0.0003,5,5.1887317
76,0.23634564876556396,0.9933774,0.992 1.017 0.875 1.028 0.87 1.08 1.274 1.257 0.773 0.77 0.981 1.301 1.008 1.247 0.924 1.315 0.717 0.693 0.999 0.784 0.884 1.048 0.979 1.237 1.053 0.879 0.708 1.288 0.967 1.021 0.968 0.712 1.014 0.81 1.091 0.923 1.013 1.278 1.248 1.17 1.069 1.053 0.889 0.586 0.685 0.877 0.714 1.137 1.243 1.126 1.232 0.713 1.16 1.256 0.887 1.006 0.894 1.168 1.213 1.148 0.936 1.073 0.802 1.284 1.0 1.196 1.089 0.71 0.652 1.0 1.123 1.078 1.116 1.241 1.0 1.363 1.479 1.027 1.121 1.0 1.231 0.991 1.369 0.983 1.0 1.128 0.951 1.052 0.647 1.0 1.008 0.662 0.99 1.09 1.0 0.958 0.925 0.827 0.723 1.0 1.339 0.66 0.748 1.175 1.0 0.892 0.884 1.0 0.725 1.0 0.763 0.814 1.0 0.786 1.0 0.744 1.137 1.0 0.812 1.0 0.741 1.093 1.0 0.842 1.0 0.982 1.106 1.0 0.699 1.0 0.751 1.091 1.0 0.66 1.0 0.93 0.714 1.0 1.195 1.0 1.197 1.046 1.0 0.994 1.0 0.7 0.668 1.0 0.903 1.0 0.708 0.924 1.0 0.763 1.0 1.076 0.949 1.0 1.105 1.0 1.701 0.816 1.0 0.872 1.0 1.0 0.956 1.0 1.042 1.0 1.0 0.928 1.0 0.792 1.0 1.0 0.949 1.0 0.936 1.0 1.0 0.627 1.0 0.798 1.0 1.0 0.708 1.0 0.721 1.0 1.0 0.768 1.0 1.0 1.0 1.0 2.163 1.0 1.0 1.0 1.0 0.741 1.0 1.0 1.0 1.0 0.704 1.0 1.0 1.0 1.0 0.7 1.0 1.0 1.0 1.0 0.704 1.0 1.0 1.0 1.0 0.669 1.0 1.0 1.0 1.0 0.81 1.0 1.0 1.0 1.0 1.0 1.0 1.0 1.0 1.0 1.0 1.0 1.0 1.0 1.0 1.0 1.0 1.0 1.0 1.0 1.0 1.0 1.0 1.0 1.0 1.0 1.0 1.0 1.0 1.0 1.0 1.0 1.0 1.0 1.0 1.0 1.0 1.0 1.0 1.0 1.0 1.0 1.0 1.0 1.0 1.0 1.0 1.0 1.0 1.0 1.0 1.0 1.0 1.0 1.0 1.0 1.0 1.0 1.0 1.0 1.0 1.0 1.0 1.0 1.0 1.0 1.0 1.0 1.0 1.0 1.0 1.0 1.0 1.0 1.0 1.0 1.0 1.0 1.0 1.0 1.0 1.0 1.0 1.0 1.0 1.0 1.0 1.0 1.0 1.0 1.0 1.0 1.0 1.0 1.0 1.0 1.0 1.0 1.0 1.0 1.0 1.0 1.0 1.0 1.0 1.0 1.0 1.0 1.0 1.0 1.0 1.0 1.0 1.0 1.0 1.0 1.0 1.0 1.0 1.0 1.0 1.0 1.0 1.0 1.0 1.0 1.0 1.0 1.0 1.0 1.0 1.0 1.0 1.0 1.0 1.0 1.0 1.0 1.0 1.0 1.0 1.0 1.0 1.0 1.0 1.0 1.0 1.0 1.0 1.0 1.0 1.0 1.0 1.0 0.893 1.06 1.175 1.028 0.87 1.28 1.081 1.007 0.786 0.831 0.854 0.977 0.85 0.768 1.149 0.982 0.748 0.992 0.762 1.044 0.921 0.923 0.847 0.905 0.738 1.19 0.937 1.195 1.042 0.624 0.793 1.391 0.892 1.199 0.726 1.192 1.221 1.026 1.327 0.788 0.823 0.799 1.216 0.464 1.141 0.824 0.925 1.189 0.671 1.169 0.836 0.807 0.703 0.783 0.705 1.226 0.823 0.649 1.322 0.703 0.836 1.05 1.121 0.53 1.091 0.901 1.08 1.033 0.712 1.033 0.805 0.925 1.013 1.172 0.671 1.116 1.091 1.017 0.579 1.079 0.851 1.047 0.706 0.606 0.701 1.0 1.102 1.223 0.816 0.783 1.0 0.902 0.706 0.707 1.057 1.0 0.901 1.482 0.891 0.738 1.0 0.738 0.617 0.717 0.758 1.0 0.757 0.648 0.818 1.0 1.0 1.184 0.789 0.793 1.0 1.0 0.781 0.778 0.777 1.0 1.0 0.992 0.705 0.792 1.0 1.0 1.119 0.631 0.639 1.0 1.0 1.083 0.691 0.929 1.0 1.0 0.79 0.686 0.786 1.0 1.0 0.688 0.922 0.704 1.0 1.0 0.712 0.63 1.0 1.0 1.0 1.22 0.671 1.0 1.0 1.0 0.765 0.631 1.0 1.0 1.0 0.722 0.654 1.0 1.0 1.0 1.115 1.781 1.0 1.0 1.0 0.694 1.0 1.0 1.0 1.0 0.69 1.0 1.0 1.0 1.0 1.069 1.0 1.0 1.0 1.0 0.784 1.0 1.0 1.0 1.0 0.732 1.0 1.0 1.0 1.0 0.779 1.0 1.0 1.0 1.0 0.983 1.0 1.0 1.0 1.0 0.701 1.0 1.0 1.0 1.0 0.832 1.0 1.0 1.0 1.0 0.817 1.0 1.0 1.0 1.0 0.934 1.0 1.0 1.0 1.0 0.693 1.0 1.0 1.0 1.0 2.172 1.0 1.0 1.0 1.0 1.633 1.0 1.0 1.0 1.0 0.773 1.0 1.0 1.0 1.0 1.0 1.0 1.0 1.0 1.0 1.0 1.0 1.0 1.0 1.0 1.0 1.0 1.0 1.0 1.0 1.0 1.0 1.0 1.0 1.0 1.0 1.0 1.0 1.0 1.0 1.0 1.0 1.0 1.0 1.0 1.0 1.0 1.0 1.0 1.0 1.0 1.0 1.0 1.0 1.0 1.0 1.0 1.0 1.0 1.0 1.0 1.0 1.0 1.0 1.0 1.0 1.0 1.0 1.0 1.0 1.0 1.0 1.0 1.0 1.0 1.0 1.0 1.0 1.0 1.0 1.0 1.0 1.0 1.0 1.0 1.0 1.0 1.0 1.0 1.0 1.0 1.0 1.0 1.0 1.0 1.0 1.0 1.0 1.0 1.0 1.0 1.0 1.0 1.0 1.0 1.0 1.0 1.0 1.0 1.0 1.0 1.0 1.0 1.0 1.0 1.0 1.0 1.0 1.0 1.0 1.0 1.0 1.0 1.0 1.0 1.0 1.0 1.0 1.0 1.0 1.0 1.0 1.0 1.0 1.0 1.0 1.0 1.0 1.0 1.0 1.0 1.0 1.0 1.0 1.0 1.0 1.0 1.0 1.0 1.201 1.017 0.815 1.162 0.83 1.102 1.074 1.261 1.027 0.769 1.314 1.332 1.009 1.248 1.191 1.123 0.91 1.238 1.268 0.917 1.324 1.012 1.23 0.999 0.878 1.252 1.172 0.994 1.294 1.209 1.271 1.043 0.953 0.7 0.663 1.187 0.873 0.983 0.966 1.258 0.905 0.977 1.068 1.29 0.532 0.932 1.029 1.056 0.9 1.133 1.009 1.235 1.273 1.115 1.168 0.898 0.657 1.047 1.132 0.55 1.036 1.209 1.074 0.69 0.744 0.903 1.122 0.695 1.23 0.878 1.475 1.4 0.799 1.308 0.823 0.669 0.834 0.768 1.104 0.827 1.08 0.853 0.861 1.335 0.929 0.595 0.925 0.707 1.261 0.893 0.783 0.587 0.883 0.646 0.99 1.015 0.617 0.77 0.879 1.377 0.707 0.728 1.394 1.221 0.687 0.826 0.88 1.0 0.949 0.984 0.75 0.693 1.0 0.669 0.643 0.721 0.731 1.0 1.31 1.0 0.674 1.469 1.0 1.536 1.0 0.685 0.729 1.0 0.72 1.0 0.685 1.242 1.0 1.09 1.0 0.751 0.974 1.0 0.681 1.0 0.995 0.794 1.0 0.916 1.0 1.104 1.295 1.0 0.792 1.0 0.741 0.801 1.0 0.654 1.0 1.176 0.752 1.0 1.0 1.0 0.734 0.747 1.0 1.0 1.0 0.777 0.74 1.0 1.0 1.0 1.018 0.668 1.0 1.0 1.0 1.081 0.701 1.0 1.0 1.0 0.863 0.698 1.0 1.0 1.0 1.053 1.002 1.0 1.0 1.0 0.972 1.0 1.0 1.0 1.0 0.779 1.0 1.0 1.0 1.0 0.79 1.0 1.0 1.0 1.0 0.753 1.0 1.0 1.0 1.0 0.798 1.0 1.0 1.0 1.0 0.698 1.0 1.0 1.0 1.0 0.933 1.0 1.0 1.0 1.0 1.001 1.0 1.0 1.0 1.0 1.164 1.0 1.0 1.0 1.0 0.939 1.0 1.0 1.0 1.0 0.743 1.0 1.0 1.0 1.0 0.805 1.0 1.0 1.0 1.0 1.59 1.0 1.0 1.0 1.0 0.615 1.0 1.0 1.0 1.0 1.0 1.0 1.0 1.0 1.0 1.0 1.0 1.0 1.0 1.0 1.0 1.0 1.0 1.0 1.0 1.0 1.0 1.0 1.0 1.0 1.0 1.0 1.0 1.0 1.0 1.0 1.0 1.0 1.0 1.0 1.0 1.0 1.0 1.0 1.0 1.0 1.0 1.0 1.0 1.0 1.0 1.0 1.0 1.0 1.0 1.0 1.0 1.0 1.0 1.0 1.0 1.0 1.0 1.0 1.0 1.0 1.0 1.0 1.0 1.0 1.0 1.0 1.0 1.0 1.0 1.0 1.0 1.0 1.0 1.0 1.0 1.0 1.0 1.0 1.0 1.0 1.0 1.0 1.0 1.0 1.0 1.0 1.0 1.0 1.0 1.0 1.0 1.0 1.0 1.0 1.0 1.0 1.0 1.0 1.0 1.0 1.0 1.0 1.0 1.0 1.0 1.0 1.0 1.0 1.0 1.0 1.0 1.0 1.0 1.0 1.0 1.0 1.0 1.0 1.0 1.0 1.0 1.0 1.0 1.0 1.201 0.929 0.815 1.162 1.142 0.829 1.074 1.203 0.862 0.764 1.115 0.896 1.012 0.856 1.046 0.81 0.893 1.319 0.904 1.273 0.925 1.217 0.835 1.248 0.864 1.004 1.013 1.258 0.704 1.32 1.219 1.267 1.232 1.302 0.723 0.606 1.235 1.299 1.303 1.417 1.295 1.046 1.305 1.197 1.324 1.111 1.015 0.722 1.286 1.294 1.278 1.22 0.919 1.28 1.294 1.263 1.287 1.151 1.315 1.4 1.182 1.184 0.835 1.118 1.291 1.304 1.297 1.297 1.318 0.897 1.285 1.339 1.234 1.3 1.301 0.877 1.298 1.228 1.268 0.744 1.36 0.645 1.291 0.844 1.297 1.258 1.298 0.765 1.313 0.864 0.67 1.249 1.29 0.846 1.252 1.191 1.196 1.137 0.772 1.297 1.376 0.744 1.352 1.231 1.301 0.816 1.122 1.17 0.799 0.784 1.318 1.398 1.208 0.881 1.272 1.19 0.948 1.133 1.266 0.845 1.188 0.974 0.83 1.312 0.803 1.065 1.283 0.998 0.909 0.861 1.445 0.928 0.973 1.173 1.417 1.146 0.982 1.078 1.118 1.237 0.748 1.369 0.898 0.657 0.72 0.654 1.0 0.886 0.632 1.0 0.693 1.0 0.815 1.0 1.0 0.737 1.0 0.814 1.0 1.0 0.772 1.0 1.221 1.0 1.0 0.998 1.0 1.237 1.0 1.0 2.05 1.0 1.382 1.0 1.0 0.723 1.0 0.903 1.0 1.0 1.997 1.0 0.769 1.0 1.0 0.767 1.0 0.758 1.0 1.0 0.856 1.0 0.752 1.0 1.0 0.764 1.0 0.748 1.0 1.0 1.0 1.0 0.654 1.0 1.0 1.0 1.0 1.465 1.0 1.0 1.0 1.0 1.289 1.0 1.0 1.0 1.0 1.116 1.0 1.0 1.0 1.0 1.014 1.0 1.0 1.0 1.0 0.99 1.0 1.0 1.0 1.0 0.92 1.0 1.0 1.0 1.0 1.019 1.0 1.0 1.0 1.0 1.318 1.0 1.0 1.0 1.0 1.306 1.0 1.0 1.0 1.0 0.847 1.0 1.0 1.0 1.0 0.765 1.0 1.0 1.0 1.0 0.702 1.0 1.0 1.0 1.0 1.053 1.0 1.0 1.0 1.0 0.919 1.0 1.0 1.0 1.0 0.951 1.0 1.0 1.0 1.0 1.038 1.0 1.0 1.0 1.0 1.039 1.0 1.0 1.0 1.0 0.616 1.0 1.0 1.0 1.0 0.879 1.0 1.0 1.0 1.0 1.038 1.0 1.0 1.0 1.0 1.343 1.0 1.0 1.0 1.0 0.627 1.0 1.0 1.0 1.0 0.673 1.0 1.0 1.0 1.0 0.699 1.0 1.0 1.0 1.0 0.694 1.0 1.0 1.0 1.0 0.979 1.0 1.0 1.0 1.0 0.655 1.0 1.0 1.0 1.0 1.078 1.0 1.0 1.0 1.0 0.755 1.0 1.0 1.0 1.0 1.281 1.0 1.0 1.0 1.0 0.642 1.0 1.0 1.0 1.0 0.8 1.0 1.0 1.0 1.0 0.701 1.0 1.0 1.0 1.0 0.692 1.0 1.0 1.0 1.0 0.712 1.0 1.0 1.07 1.203 0.875 1.12 1.04 1.289 1.07 1.203 0.77 1.194 0.824 0.915 1.027 0.75 1.275 1.113 1.197 1.3 0.826 0.823 0.869 1.061 0.713 0.908 0.935 1.215 1.245 0.837 1.234 0.834 0.957 0.782 0.836 1.319 0.962 0.916 1.146 1.085 1.241 1.302 0.958 1.219 1.321 1.33 0.786 1.296 1.328 1.179 1.233 1.39 1.315 0.797 1.24 0.627 1.115 0.912 1.066 1.306 1.128 1.415 1.3 1.121 0.656 1.574 0.722 1.002 1.224 1.409 1.445 1.0 0.922 1.427 1.002 0.991 1.461 1.005 1.233 0.968 1.58 1.11 1.171 1.379 1.302 0.612 0.901 1.076 1.0 1.482 1.433 1.293 0.808 1.0 0.912 1.328 0.748 0.868 1.0 0.837 0.833 0.755 0.746 1.0 0.801 0.67 1.273 1.18 1.0 0.674 1.114 0.796 1.18 1.0 0.786 1.644 1.079 1.099 1.0 0.992 0.731 1.055 1.111 1.0 0.843 0.728 1.222 0.771 1.0 0.882 0.718 0.678 1.085 1.0 0.892 1.142 0.691 0.991 1.0 0.767 0.983 0.697 1.041 1.0 0.698 0.98 0.913 1.03 1.0 0.779 0.731 0.931 1.063 1.0 0.834 0.96 0.646 0.86 1.0 0.87 1.125 1.0 1.023 1.0 0.686 1.073 1.0 1.036 1.0 0.751 0.96 1.0 0.775 1.0 0.787 0.811 1.0 0.86 1.0 1.0 1.115 1.0 0.809 1.0 1.0 0.932 1.0 0.719 1.0 1.0 0.987 1.0 0.729 1.0 1.0 1.336 1.0 0.818 1.0 1.0 1.307 1.0 0.678 1.0 1.0 0.748 1.0 0.674 1.0 1.0 0.738 1.0 0.662 1.0 1.0 0.716 1.0 0.699 1.0 1.0 0.827 1.0 1.0 1.0 1.0 0.792 1.0 1.0 1.0 1.0 0.809 1.0 1.0 1.0 1.0 0.665 1.0 1.0 1.0 1.0 1.0 1.0 1.0 1.0 1.0 1.0 1.0 1.0 1.0 1.0 1.0 1.0 1.0 1.0 1.0 1.0 1.0 1.0 1.0 1.0 1.0 1.0 1.0 1.0 1.0 1.0 1.0 1.0 1.0 1.0 1.0 1.0 1.0 1.0 1.0 1.0 1.0 1.0 1.0 1.0 1.0 1.0 1.0 1.0 1.0 1.0 1.0 1.0 1.0 1.0 1.0 1.0 1.0 1.0 1.0 1.0 1.0 1.0 1.0 1.0 1.0 1.0 1.0 1.0 1.0 1.0 1.0 1.0 1.0 1.0 1.0 1.0 1.0 1.0 1.0 1.0 1.0 1.0 1.0 1.0 1.0 1.0 1.0 1.0 1.0 1.0 1.0 1.0 1.0 1.0 1.0 1.0 1.0 1.0 1.0 1.0 1.0 1.0 1.0 1.0 1.0 1.0 1.0 1.0 1.0 1.0 1.0 1.0 1.0 1.0 1.0 1.0 1.0 1.0 1.0 1.0 1.0 1.0 1.0 1.0 1.0 1.0 1.0 1.0 1.0 1.0 1.0 1.0 1.0 1.0 1.0 1.0 1.0 1.0 1.0 1.0 1.0 1.0 1.0 1.0 1.0 1.0 0.866 1.017 1.152 0.891 1.04 0.986 1.287 1.25 0.868 1.167 1.085 1.312 0.832 1.025 1.298 0.802 0.89 0.728 0.684 0.837 1.331 1.315 1.329 1.218 1.162 0.8 0.794 0.732 0.502 0.786 0.95 0.957 1.327 0.889 0.819 0.989 0.836 0.933 0.75 1.009 0.804 0.766 0.932 1.345 0.743 1.082 1.001 1.237 0.78 1.201 0.794 1.02 0.961 0.875 1.293 0.736 0.983 0.966 0.769 0.761 1.165 0.685 1.129 1.0 1.163 0.79 1.168 1.07 1.0 1.266 0.971 0.737 1.181 1.0 0.705 0.633 1.03 1.15 1.0 1.169 0.864 1.08 0.993 1.0 1.055 1.039 0.7 0.984 1.0 0.792 0.74 1.073 0.837 1.0 0.71 1.077 1.011 0.819 1.0 0.746 1.077 0.997 1.175 1.0 0.75 1.102 1.071 1.09 1.0 0.738 0.719 1.075 0.785 1.0 0.759 0.882 1.14 0.782 1.0 1.553 0.943 0.638 1.089 1.0 0.948 0.989 1.132 0.788 1.0 0.723 0.688 0.925 1.272 1.0 0.724 0.726 0.635 0.79 1.0 1.0 0.677 0.839 1.079 1.0 1.0 0.831 1.312 1.205 1.0 1.0 1.034 1.062 1.207 1.0 1.0 1.046 0.737 0.717 1.0 1.0 0.673 0.922 0.788 1.0 1.0 0.657 0.906 1.314 1.0 1.0 1.0 0.687 1.328 1.0 1.0 1.0 1.25 1.261 1.0 1.0 1.0 0.685 0.756 1.0 1.0 1.0 0.733 1.141 1.0 1.0 1.0 0.723 0.862 1.0 1.0 1.0 0.716 0.898 1.0 1.0 1.0 0.776 1.04 1.0 1.0 1.0 0.728 0.733 1.0 1.0 1.0 0.71 0.687 1.0 1.0 1.0 1.031 0.706 1.0 1.0 1.0 0.905 0.685 1.0 1.0 1.0 0.677 0.7 1.0 1.0 1.0 1.069 0.678 1.0 1.0 1.0 0.905 0.603 1.0 1.0 1.0 1.015 0.627 1.0 1.0 1.0 0.742 1.0 1.0 1.0 1.0 0.649 1.0 1.0 1.0 1.0 0.67 1.0 1.0 1.0 1.0 0.799 1.0 1.0 1.0 1.0 0.659 1.0 1.0 1.0 1.0 0.671 1.0 1.0 1.0 1.0 0.698 1.0 1.0 1.0 1.0 0.727 1.0 1.0 1.0 1.0 0.732 1.0 1.0 1.0 1.0 0.701 1.0 1.0 1.0 1.0 0.692 1.0 1.0 1.0 1.0 1.0 1.0 1.0 1.0 1.0 1.0 1.0 1.0 1.0 1.0 1.0 1.0 1.0 1.0 1.0 1.0 1.0 1.0 1.0 1.0 1.0 1.0 1.0 1.0 1.0 1.0 1.0 1.0 1.0 1.0 1.0 1.0 1.0 1.0 1.0 1.0 1.0 1.0 1.0 1.0 1.0 1.0 1.0 1.0 1.0 1.0 1.0 1.0 1.0 1.0 1.0 1.0 1.0 1.0 1.0 1.0 1.0 1.0 1.0 1.0 1.0 1.0 1.0 1.0 1.0 1.0 1.0 1.0 1.0 1.0 1.0 1.0 1.0 1.0 1.0 1.0 1.0 1.0 1.0 1.201 1.203 1.027 1.162 0.83 1.095 1.287 1.229 1.243 1.203 1.319 0.916 0.832 1.293 1.202 0.811 0.86 1.025 0.722 0.825 0.945 1.175 1.198 0.959 1.096 0.822 1.152 0.933 1.202 0.797 1.245 0.486 1.072 0.734 1.23 0.978 1.154 0.733 0.968 1.075 1.145 1.263 1.331 1.122 1.141 0.976 1.305 1.332 1.286 0.794 0.779 1.137 1.209 1.189 1.323 1.09 0.648 1.12 0.979 1.224 1.244 1.324 1.369 1.358 1.026 1.247 0.491 1.41 1.107 1.331 1.115 1.514 0.678 0.85 0.824 1.262 1.238 0.683 1.416 0.808 1.053 0.987 1.256 1.304 1.0 1.361 0.632 1.281 1.476 1.0 1.415 1.299 1.264 0.649 1.0 0.909 1.148 1.293 1.377 1.0 1.085 0.664 1.344 0.656 1.0 1.052 1.28 1.091 1.205 1.0 0.837 1.109 0.922 0.976 1.0 1.079 1.47 1.452 0.709 1.0 1.102 1.474 0.86 1.092 1.0 1.297 0.972 0.74 1.003 1.0 1.253 1.492 1.154 1.049 1.0 1.181 0.825 0.767 0.723 1.0 0.973 1.552 1.194 0.876 1.0 1.218 0.56 1.131 0.66 1.0 1.161 0.788 1.158 0.858 1.0 0.706 1.175 0.82 1.004 1.0 0.714 1.287 1.116 0.756 1.0 0.716 1.049 0.759 1.0 1.0 0.73 0.608 0.881 1.0 1.0 0.692 0.684 1.0 1.0 1.0 0.659 0.658 1.0 1.0 1.0 0.628 0.698 1.0 1.0 1.0 1.073 0.702 1.0 1.0 1.0 0.732 0.708 1.0 1.0 1.0 1.202 0.698 1.0 1.0 1.0 1.221 1.0 1.0 1.0 1.0 0.953 1.0 1.0 1.0 1.0 1.358 1.0 1.0 1.0 1.0 0.76 1.0 1.0 1.0 1.0 0.887 1.0 1.0 1.0 1.0 1.129 1.0 1.0 1.0 1.0 0.755 1.0 1.0 1.0 1.0 0.809 1.0 1.0 1.0 1.0 1.0 1.0 1.0 1.0 1.0 1.0 1.0 1.0 1.0 1.0 1.0 1.0 1.0 1.0 1.0 1.0 1.0 1.0 1.0 1.0 1.0 1.0 1.0 1.0 1.0 1.0 1.0 1.0 1.0 1.0 1.0 1.0 1.0 1.0 1.0 1.0 1.0 1.0 1.0 1.0 1.0 1.0 1.0 1.0 1.0 1.0 1.0 1.0 1.0 1.0 1.0 1.0 1.0 1.0 1.0 1.0 1.0 1.0 1.0 1.0 1.0 1.0 1.0 1.0 1.0 1.0 1.0 1.0 1.0 1.0 1.0 1.0 1.0 1.0 1.0 1.0 1.0 1.0 1.0 1.0 1.0 1.0 1.0 1.0 1.0 1.0 1.0 1.0 1.0 1.0 1.0 1.0 1.0 1.0 1.0 1.0 1.0 1.0 1.0 1.0 1.0 1.0 1.0 1.0 1.0 1.0 1.0 1.0 1.0 1.0 1.0 1.0 1.0 1.0 1.0 1.0 1.0 1.0 1.0 1.0 1.0 1.0 1.0 1.0 1.0 1.0 1.0 1.0 1.0 1.0 1.0 1.0 1.0 1.0 1.0 0.866 0.929 1.152 1.162 0.83 1.282 1.081 1.256 0.775 1.215 0.837 0.745 1.016 1.159 1.244 0.923 0.737 1.292 0.758 1.037 0.97 1.329 1.288 0.901 0.868 0.98 0.902 0.71 1.047 1.144 0.984 0.92 1.293 1.079 0.929 1.162 0.889 0.697 1.237 1.215 0.843 1.012 0.881 1.365 1.108 0.706 0.833 1.023 1.323 1.21 1.35 1.015 1.058 1.329 1.083 1.042 0.965 0.878 1.35 0.562 0.61 1.161 0.927 1.451 1.221 1.334 0.872 0.861 0.853 1.436 0.8 1.285 0.981 0.947 0.62 1.316 1.323 0.961 1.0 1.221 0.845 1.261 1.322 1.0 1.292 0.859 1.168 0.826 1.0 1.29 1.151 1.221 1.182 1.0 1.476 0.884 0.888 0.962 1.0 0.73 1.059 0.613 1.308 1.0 0.834 0.985 0.629 1.127 1.0 0.902 1.165 0.846 0.683 1.0 0.887 1.38 0.874 1.08 1.0 1.877 0.975 0.877 0.998 1.0 1.061 0.884 1.233 1.124 1.0 0.733 1.407 0.877 1.079 1.0 1.957 0.844 0.932 1.124 1.0 0.957 1.095 1.1 0.827 1.0 0.675 0.88 0.885 0.734 1.0 0.834 1.014 0.805 0.758 1.0 0.792 0.998 1.433 0.894 1.0 0.658 1.0 1.021 1.174 1.0 0.803 1.0 1.104 0.82 1.0 0.7 1.0 0.776 0.874 1.0 0.684 1.0 0.919 0.716 1.0 0.734 1.0 0.858 0.789 1.0 0.741 1.0 0.822 0.703 1.0 0.721 1.0 0.723 1.404 1.0 2.377 1.0 1.0 0.706 1.0 0.647 1.0 1.0 0.709 1.0 0.668 1.0 1.0 1.036 1.0 1.0 1.0 1.0 0.722 1.0 1.0 1.0 1.0 0.787 1.0 1.0 1.0 1.0 1.957 1.0 1.0 1.0 1.0 1.0 1.0 1.0 1.0 1.0 1.0 1.0 1.0 1.0 1.0 1.0 1.0 1.0 1.0 1.0 1.0 1.0 1.0 1.0 1.0 1.0 1.0 1.0 1.0 1.0 1.0 1.0 1.0 1.0 1.0 1.0 1.0 1.0 1.0 1.0 1.0 1.0 1.0 1.0 1.0 1.0 1.0 1.0 1.0 1.0 1.0 1.0 1.0 1.0 1.0 1.0 1.0 1.0 1.0 1.0 1.0 1.0 1.0 1.0 1.0 1.0 1.0 1.0 1.0 1.0 1.0 1.0 1.0 1.0 1.0 1.0 1.0 1.0 1.0 1.0 1.0 1.0 1.0 1.0 1.0 1.0 1.0 1.0 1.0 1.0 1.0 1.0 1.0 1.0 1.0 1.0 1.0 1.0 1.0 1.0 1.0 1.0 1.0 1.0 1.0 1.0 1.0 1.0 1.0 1.0 1.0 1.0 1.0 1.0 1.0 1.0 1.0 1.0 1.0 1.0 1.0 1.0 1.0 1.0 1.0 1.0 1.0 1.0 1.0 1.0 1.0 1.0 1.0 1.0 1.0 1.0 1.0 1.0 1.0 1.0 1.0 1.0 1.0 1.0 1.0 1.0 1.0 1.0 1.0 1.0 1.0 1.0 1.0 1.0 1.0 1.0 1.0 1.0,2.3767905,1.3767905,0.4639366,0.3,0.7014692425727844,0.0003,5,5.200166
77,0.2384743094444275,0.9932843,0.989 1.013 0.873 1.031 0.867 1.087 1.276 1.257 0.772 0.769 0.975 1.304 1.013 1.246 0.921 1.317 0.716 0.691 1.004 0.785 0.878 1.041 0.984 1.237 1.053 0.873 0.706 1.29 0.964 1.019 0.962 0.711 1.012 0.811 1.089 0.922 1.021 1.279 1.246 1.17 1.067 1.046 0.889 0.587 0.685 0.879 0.714 1.137 1.247 1.129 1.233 0.714 1.161 1.26 0.892 1.011 0.89 1.168 1.212 1.15 0.941 1.082 0.804 1.287 1.0 1.197 1.084 0.71 0.652 1.0 1.12 1.073 1.117 1.242 1.0 1.364 1.481 1.025 1.121 1.0 1.227 0.995 1.369 0.981 1.0 1.123 0.953 1.047 0.646 1.0 1.006 0.66 0.989 1.091 1.0 0.955 0.927 0.831 0.723 1.0 1.342 0.658 0.748 1.175 1.0 0.889 0.878 1.0 0.726 1.0 0.765 0.814 1.0 0.785 1.0 0.746 1.141 1.0 0.811 1.0 0.742 1.097 1.0 0.841 1.0 0.98 1.111 1.0 0.7 1.0 0.752 1.089 1.0 0.658 1.0 0.928 0.709 1.0 1.198 1.0 1.197 1.048 1.0 0.989 1.0 0.7 0.667 1.0 0.902 1.0 0.708 0.916 1.0 0.765 1.0 1.074 0.946 1.0 1.107 1.0 1.699 0.81 1.0 0.871 1.0 1.0 0.957 1.0 1.043 1.0 1.0 0.929 1.0 0.793 1.0 1.0 0.951 1.0 0.929 1.0 1.0 0.624 1.0 0.795 1.0 1.0 0.708 1.0 0.717 1.0 1.0 0.763 1.0 1.0 1.0 1.0 2.167 1.0 1.0 1.0 1.0 0.738 1.0 1.0 1.0 1.0 0.702 1.0 1.0 1.0 1.0 0.699 1.0 1.0 1.0 1.0 0.702 1.0 1.0 1.0 1.0 0.668 1.0 1.0 1.0 1.0 0.811 1.0 1.0 1.0 1.0 1.0 1.0 1.0 1.0 1.0 1.0 1.0 1.0 1.0 1.0 1.0 1.0 1.0 1.0 1.0 1.0 1.0 1.0 1.0 1.0 1.0 1.0 1.0 1.0 1.0 1.0 1.0 1.0 1.0 1.0 1.0 1.0 1.0 1.0 1.0 1.0 1.0 1.0 1.0 1.0 1.0 1.0 1.0 1.0 1.0 1.0 1.0 1.0 1.0 1.0 1.0 1.0 1.0 1.0 1.0 1.0 1.0 1.0 1.0 1.0 1.0 1.0 1.0 1.0 1.0 1.0 1.0 1.0 1.0 1.0 1.0 1.0 1.0 1.0 1.0 1.0 1.0 1.0 1.0 1.0 1.0 1.0 1.0 1.0 1.0 1.0 1.0 1.0 1.0 1.0 1.0 1.0 1.0 1.0 1.0 1.0 1.0 1.0 1.0 1.0 1.0 1.0 1.0 1.0 1.0 1.0 1.0 1.0 1.0 1.0 1.0 1.0 1.0 1.0 1.0 1.0 1.0 1.0 1.0 1.0 1.0 1.0 1.0 1.0 1.0 1.0 1.0 1.0 1.0 1.0 1.0 1.0 1.0 1.0 1.0 1.0 1.0 1.0 1.0 1.0 1.0 1.0 1.0 1.0 1.0 1.0 1.0 1.0 1.0 0.889 1.065 1.175 1.031 0.867 1.283 1.089 1.011 0.785 0.827 0.849 0.97 0.846 0.767 1.147 0.978 0.747 0.997 0.761 1.048 0.917 0.918 0.842 0.907 0.74 1.191 0.943 1.194 1.04 0.625 0.795 1.397 0.891 1.2 0.726 1.192 1.225 1.024 1.33 0.79 0.826 0.801 1.218 0.462 1.14 0.827 0.927 1.189 0.67 1.168 0.838 0.81 0.702 0.784 0.706 1.228 0.826 0.646 1.322 0.703 0.828 1.05 1.12 0.529 1.093 0.894 1.078 1.028 0.712 1.03 0.799 0.92 1.012 1.169 0.67 1.117 1.089 1.016 0.579 1.077 0.845 1.045 0.705 0.606 0.7 1.0 1.098 1.227 0.812 0.783 1.0 0.9 0.704 0.709 1.054 1.0 0.898 1.485 0.888 0.731 1.0 0.738 0.615 0.719 0.758 1.0 0.757 0.64 0.814 1.0 1.0 1.184 0.787 0.79 1.0 1.0 0.781 0.777 0.774 1.0 1.0 0.979 0.701 0.788 1.0 1.0 1.122 0.627 0.636 1.0 1.0 1.071 0.691 0.919 1.0 1.0 0.789 0.682 0.785 1.0 1.0 0.685 0.911 0.7 1.0 1.0 0.706 0.623 1.0 1.0 1.0 1.22 0.672 1.0 1.0 1.0 0.764 0.629 1.0 1.0 1.0 0.72 0.654 1.0 1.0 1.0 1.119 1.782 1.0 1.0 1.0 0.693 1.0 1.0 1.0 1.0 0.689 1.0 1.0 1.0 1.0 1.071 1.0 1.0 1.0 1.0 0.779 1.0 1.0 1.0 1.0 0.727 1.0 1.0 1.0 1.0 0.775 1.0 1.0 1.0 1.0 0.984 1.0 1.0 1.0 1.0 0.703 1.0 1.0 1.0 1.0 0.83 1.0 1.0 1.0 1.0 0.815 1.0 1.0 1.0 1.0 0.924 1.0 1.0 1.0 1.0 0.693 1.0 1.0 1.0 1.0 2.184 1.0 1.0 1.0 1.0 1.634 1.0 1.0 1.0 1.0 0.776 1.0 1.0 1.0 1.0 1.0 1.0 1.0 1.0 1.0 1.0 1.0 1.0 1.0 1.0 1.0 1.0 1.0 1.0 1.0 1.0 1.0 1.0 1.0 1.0 1.0 1.0 1.0 1.0 1.0 1.0 1.0 1.0 1.0 1.0 1.0 1.0 1.0 1.0 1.0 1.0 1.0 1.0 1.0 1.0 1.0 1.0 1.0 1.0 1.0 1.0 1.0 1.0 1.0 1.0 1.0 1.0 1.0 1.0 1.0 1.0 1.0 1.0 1.0 1.0 1.0 1.0 1.0 1.0 1.0 1.0 1.0 1.0 1.0 1.0 1.0 1.0 1.0 1.0 1.0 1.0 1.0 1.0 1.0 1.0 1.0 1.0 1.0 1.0 1.0 1.0 1.0 1.0 1.0 1.0 1.0 1.0 1.0 1.0 1.0 1.0 1.0 1.0 1.0 1.0 1.0 1.0 1.0 1.0 1.0 1.0 1.0 1.0 1.0 1.0 1.0 1.0 1.0 1.0 1.0 1.0 1.0 1.0 1.0 1.0 1.0 1.0 1.0 1.0 1.0 1.0 1.0 1.0 1.0 1.0 1.0 1.0 1.0 1.0 1.203 1.013 0.814 1.162 0.829 1.11 1.081 1.261 1.032 0.768 1.318 1.336 1.015 1.247 1.191 1.132 0.905 1.238 1.267 0.921 1.328 1.005 1.23 1.005 0.88 1.264 1.183 0.999 1.294 1.21 1.276 1.051 0.949 0.699 0.663 1.198 0.871 0.981 0.972 1.261 0.899 0.974 1.066 1.293 0.532 0.927 1.028 1.056 0.9 1.134 1.016 1.239 1.276 1.115 1.17 0.904 0.66 1.047 1.134 0.549 1.045 1.204 1.071 0.689 0.746 0.896 1.117 0.695 1.23 0.875 1.49 1.407 0.797 1.31 0.825 0.658 0.824 0.768 1.104 0.828 1.073 0.844 0.86 1.338 0.923 0.592 0.922 0.701 1.26 0.888 0.785 0.588 0.882 0.645 0.987 1.01 0.618 0.771 0.88 1.378 0.704 0.73 1.392 1.222 0.685 0.818 0.877 1.0 0.948 0.983 0.751 0.693 1.0 0.669 0.642 0.712 0.731 1.0 1.312 1.0 0.672 1.476 1.0 1.537 1.0 0.685 0.729 1.0 0.718 1.0 0.684 1.237 1.0 1.089 1.0 0.751 0.972 1.0 0.68 1.0 0.998 0.792 1.0 0.911 1.0 1.109 1.297 1.0 0.79 1.0 0.734 0.8 1.0 0.654 1.0 1.18 0.752 1.0 1.0 1.0 0.732 0.745 1.0 1.0 1.0 0.769 0.738 1.0 1.0 1.0 1.02 0.669 1.0 1.0 1.0 1.085 0.7 1.0 1.0 1.0 0.861 0.699 1.0 1.0 1.0 1.053 1.0 1.0 1.0 1.0 0.972 1.0 1.0 1.0 1.0 0.774 1.0 1.0 1.0 1.0 0.788 1.0 1.0 1.0 1.0 0.751 1.0 1.0 1.0 1.0 0.799 1.0 1.0 1.0 1.0 0.696 1.0 1.0 1.0 1.0 0.92 1.0 1.0 1.0 1.0 0.99 1.0 1.0 1.0 1.0 1.149 1.0 1.0 1.0 1.0 0.935 1.0 1.0 1.0 1.0 0.744 1.0 1.0 1.0 1.0 0.807 1.0 1.0 1.0 1.0 1.584 1.0 1.0 1.0 1.0 0.616 1.0 1.0 1.0 1.0 1.0 1.0 1.0 1.0 1.0 1.0 1.0 1.0 1.0 1.0 1.0 1.0 1.0 1.0 1.0 1.0 1.0 1.0 1.0 1.0 1.0 1.0 1.0 1.0 1.0 1.0 1.0 1.0 1.0 1.0 1.0 1.0 1.0 1.0 1.0 1.0 1.0 1.0 1.0 1.0 1.0 1.0 1.0 1.0 1.0 1.0 1.0 1.0 1.0 1.0 1.0 1.0 1.0 1.0 1.0 1.0 1.0 1.0 1.0 1.0 1.0 1.0 1.0 1.0 1.0 1.0 1.0 1.0 1.0 1.0 1.0 1.0 1.0 1.0 1.0 1.0 1.0 1.0 1.0 1.0 1.0 1.0 1.0 1.0 1.0 1.0 1.0 1.0 1.0 1.0 1.0 1.0 1.0 1.0 1.0 1.0 1.0 1.0 1.0 1.0 1.0 1.0 1.0 1.0 1.0 1.0 1.0 1.0 1.0 1.0 1.0 1.0 1.0 1.0 1.0 1.0 1.0 1.0 1.0 1.0 1.203 0.926 0.814 1.162 1.141 0.828 1.081 1.203 0.859 0.763 1.124 0.891 1.017 0.852 1.052 0.809 0.888 1.319 0.906 1.275 0.925 1.222 0.831 1.248 0.866 1.0 1.01 1.257 0.704 1.319 1.221 1.267 1.232 1.306 0.723 0.607 1.233 1.3 1.307 1.415 1.294 1.055 1.307 1.199 1.329 1.121 1.024 0.722 1.284 1.292 1.276 1.224 0.918 1.282 1.295 1.264 1.288 1.153 1.319 1.403 1.18 1.188 0.834 1.117 1.292 1.301 1.294 1.3 1.319 0.893 1.287 1.342 1.237 1.303 1.302 0.876 1.301 1.23 1.268 0.744 1.362 0.644 1.291 0.842 1.298 1.26 1.3 0.764 1.315 0.869 0.67 1.249 1.294 0.85 1.256 1.195 1.197 1.139 0.774 1.299 1.377 0.744 1.356 1.234 1.303 0.813 1.123 1.17 0.8 0.785 1.321 1.401 1.211 0.885 1.273 1.188 0.952 1.137 1.267 0.844 1.185 0.979 0.828 1.314 0.803 1.067 1.282 1.0 0.913 0.865 1.443 0.933 0.975 1.171 1.419 1.144 0.987 1.079 1.122 1.235 0.746 1.368 0.894 0.657 0.718 0.653 1.0 0.882 0.63 1.0 0.694 1.0 0.812 1.0 1.0 0.738 1.0 0.814 1.0 1.0 0.773 1.0 1.227 1.0 1.0 0.994 1.0 1.243 1.0 1.0 2.052 1.0 1.383 1.0 1.0 0.722 1.0 0.899 1.0 1.0 1.995 1.0 0.768 1.0 1.0 0.768 1.0 0.757 1.0 1.0 0.858 1.0 0.751 1.0 1.0 0.764 1.0 0.747 1.0 1.0 1.0 1.0 0.651 1.0 1.0 1.0 1.0 1.468 1.0 1.0 1.0 1.0 1.29 1.0 1.0 1.0 1.0 1.118 1.0 1.0 1.0 1.0 1.013 1.0 1.0 1.0 1.0 0.989 1.0 1.0 1.0 1.0 0.917 1.0 1.0 1.0 1.0 1.017 1.0 1.0 1.0 1.0 1.321 1.0 1.0 1.0 1.0 1.309 1.0 1.0 1.0 1.0 0.847 1.0 1.0 1.0 1.0 0.764 1.0 1.0 1.0 1.0 0.7 1.0 1.0 1.0 1.0 1.054 1.0 1.0 1.0 1.0 0.917 1.0 1.0 1.0 1.0 0.949 1.0 1.0 1.0 1.0 1.037 1.0 1.0 1.0 1.0 1.038 1.0 1.0 1.0 1.0 0.614 1.0 1.0 1.0 1.0 0.876 1.0 1.0 1.0 1.0 1.036 1.0 1.0 1.0 1.0 1.346 1.0 1.0 1.0 1.0 0.626 1.0 1.0 1.0 1.0 0.67 1.0 1.0 1.0 1.0 0.697 1.0 1.0 1.0 1.0 0.692 1.0 1.0 1.0 1.0 0.978 1.0 1.0 1.0 1.0 0.653 1.0 1.0 1.0 1.0 1.079 1.0 1.0 1.0 1.0 0.755 1.0 1.0 1.0 1.0 1.282 1.0 1.0 1.0 1.0 0.641 1.0 1.0 1.0 1.0 0.798 1.0 1.0 1.0 1.0 0.7 1.0 1.0 1.0 1.0 0.692 1.0 1.0 1.0 1.0 0.712 1.0 1.0 1.075 1.206 0.873 1.12 1.043 1.291 1.077 1.204 0.77 1.192 0.823 0.91 1.032 0.749 1.277 1.122 1.203 1.299 0.827 0.819 0.867 1.06 0.712 0.909 0.932 1.222 1.248 0.837 1.235 0.837 0.953 0.784 0.836 1.32 0.962 0.921 1.143 1.085 1.242 1.307 0.962 1.221 1.323 1.329 0.788 1.296 1.33 1.182 1.237 1.394 1.315 0.8 1.24 0.626 1.114 0.904 1.065 1.311 1.122 1.417 1.3 1.119 0.656 1.578 0.722 1.008 1.226 1.414 1.448 0.997 0.922 1.431 1.007 0.992 1.463 1.009 1.236 0.972 1.582 1.109 1.168 1.383 1.304 0.611 0.899 1.074 1.0 1.484 1.433 1.296 0.81 1.0 0.911 1.33 0.749 0.867 1.0 0.835 0.833 0.756 0.743 1.0 0.803 0.668 1.276 1.177 1.0 0.672 1.114 0.797 1.179 1.0 0.784 1.648 1.077 1.098 1.0 0.99 0.732 1.053 1.12 1.0 0.843 0.727 1.224 0.769 1.0 0.882 0.719 0.677 1.081 1.0 0.892 1.14 0.688 0.989 1.0 0.759 0.98 0.694 1.04 1.0 0.697 0.977 0.91 1.029 1.0 0.775 0.73 0.93 1.059 1.0 0.832 0.958 0.644 0.859 1.0 0.868 1.129 1.0 1.018 1.0 0.684 1.077 1.0 1.038 1.0 0.749 0.961 1.0 0.774 1.0 0.783 0.809 1.0 0.863 1.0 1.0 1.112 1.0 0.81 1.0 1.0 0.934 1.0 0.716 1.0 1.0 0.988 1.0 0.728 1.0 1.0 1.332 1.0 0.809 1.0 1.0 1.303 1.0 0.677 1.0 1.0 0.746 1.0 0.672 1.0 1.0 0.74 1.0 0.661 1.0 1.0 0.718 1.0 0.698 1.0 1.0 0.821 1.0 1.0 1.0 1.0 0.784 1.0 1.0 1.0 1.0 0.804 1.0 1.0 1.0 1.0 0.667 1.0 1.0 1.0 1.0 1.0 1.0 1.0 1.0 1.0 1.0 1.0 1.0 1.0 1.0 1.0 1.0 1.0 1.0 1.0 1.0 1.0 1.0 1.0 1.0 1.0 1.0 1.0 1.0 1.0 1.0 1.0 1.0 1.0 1.0 1.0 1.0 1.0 1.0 1.0 1.0 1.0 1.0 1.0 1.0 1.0 1.0 1.0 1.0 1.0 1.0 1.0 1.0 1.0 1.0 1.0 1.0 1.0 1.0 1.0 1.0 1.0 1.0 1.0 1.0 1.0 1.0 1.0 1.0 1.0 1.0 1.0 1.0 1.0 1.0 1.0 1.0 1.0 1.0 1.0 1.0 1.0 1.0 1.0 1.0 1.0 1.0 1.0 1.0 1.0 1.0 1.0 1.0 1.0 1.0 1.0 1.0 1.0 1.0 1.0 1.0 1.0 1.0 1.0 1.0 1.0 1.0 1.0 1.0 1.0 1.0 1.0 1.0 1.0 1.0 1.0 1.0 1.0 1.0 1.0 1.0 1.0 1.0 1.0 1.0 1.0 1.0 1.0 1.0 1.0 1.0 1.0 1.0 1.0 1.0 1.0 1.0 1.0 1.0 1.0 1.0 1.0 1.0 1.0 1.0 1.0 1.0 0.865 1.013 1.153 0.888 1.043 0.981 1.29 1.251 0.864 1.165 1.093 1.315 0.828 1.023 1.3 0.802 0.885 0.728 0.684 0.832 1.333 1.317 1.329 1.217 1.159 0.8 0.794 0.732 0.501 0.784 0.956 0.95 1.327 0.885 0.821 0.986 0.836 0.938 0.752 1.007 0.807 0.768 0.928 1.35 0.744 1.079 0.995 1.236 0.782 1.2 0.795 1.014 0.958 0.874 1.291 0.738 0.99 0.968 0.77 0.763 1.163 0.684 1.132 1.0 1.162 0.791 1.167 1.071 1.0 1.263 0.97 0.736 1.183 1.0 0.706 0.635 1.026 1.152 1.0 1.169 0.865 1.09 0.996 1.0 1.055 1.035 0.699 0.983 1.0 0.789 0.74 1.072 0.837 1.0 0.711 1.073 1.008 0.815 1.0 0.744 1.074 0.995 1.182 1.0 0.748 1.1 1.071 1.089 1.0 0.737 0.722 1.082 0.781 1.0 0.757 0.885 1.138 0.778 1.0 1.559 0.945 0.637 1.087 1.0 0.945 0.991 1.129 0.784 1.0 0.721 0.69 0.924 1.27 1.0 0.724 0.724 0.633 0.786 1.0 1.0 0.678 0.835 1.077 1.0 1.0 0.832 1.323 1.212 1.0 1.0 1.029 1.061 1.214 1.0 1.0 1.048 0.734 0.716 1.0 1.0 0.67 0.917 0.785 1.0 1.0 0.655 0.901 1.313 1.0 1.0 1.0 0.686 1.327 1.0 1.0 1.0 1.248 1.26 1.0 1.0 1.0 0.683 0.755 1.0 1.0 1.0 0.729 1.144 1.0 1.0 1.0 0.719 0.861 1.0 1.0 1.0 0.712 0.895 1.0 1.0 1.0 0.772 1.042 1.0 1.0 1.0 0.722 0.73 1.0 1.0 1.0 0.705 0.687 1.0 1.0 1.0 1.031 0.705 1.0 1.0 1.0 0.904 0.683 1.0 1.0 1.0 0.676 0.7 1.0 1.0 1.0 1.072 0.676 1.0 1.0 1.0 0.904 0.6 1.0 1.0 1.0 1.015 0.627 1.0 1.0 1.0 0.736 1.0 1.0 1.0 1.0 0.649 1.0 1.0 1.0 1.0 0.668 1.0 1.0 1.0 1.0 0.791 1.0 1.0 1.0 1.0 0.658 1.0 1.0 1.0 1.0 0.67 1.0 1.0 1.0 1.0 0.697 1.0 1.0 1.0 1.0 0.727 1.0 1.0 1.0 1.0 0.731 1.0 1.0 1.0 1.0 0.701 1.0 1.0 1.0 1.0 0.692 1.0 1.0 1.0 1.0 1.0 1.0 1.0 1.0 1.0 1.0 1.0 1.0 1.0 1.0 1.0 1.0 1.0 1.0 1.0 1.0 1.0 1.0 1.0 1.0 1.0 1.0 1.0 1.0 1.0 1.0 1.0 1.0 1.0 1.0 1.0 1.0 1.0 1.0 1.0 1.0 1.0 1.0 1.0 1.0 1.0 1.0 1.0 1.0 1.0 1.0 1.0 1.0 1.0 1.0 1.0 1.0 1.0 1.0 1.0 1.0 1.0 1.0 1.0 1.0 1.0 1.0 1.0 1.0 1.0 1.0 1.0 1.0 1.0 1.0 1.0 1.0 1.0 1.0 1.0 1.0 1.0 1.0 1.0 1.203 1.206 1.03 1.162 0.829 1.102 1.29 1.23 1.243 1.205 1.322 0.911 0.828 1.293 1.203 0.81 0.858 1.031 0.721 0.825 0.939 1.173 1.202 0.964 1.1 0.821 1.153 0.936 1.201 0.798 1.25 0.486 1.069 0.734 1.229 0.984 1.153 0.735 0.965 1.074 1.144 1.265 1.328 1.123 1.141 0.974 1.309 1.329 1.287 0.798 0.78 1.134 1.211 1.189 1.326 1.088 0.648 1.119 0.977 1.223 1.244 1.327 1.37 1.36 1.026 1.247 0.489 1.41 1.108 1.333 1.114 1.514 0.678 0.852 0.827 1.263 1.24 0.682 1.416 0.811 1.052 0.986 1.256 1.307 1.0 1.363 0.63 1.28 1.476 1.0 1.421 1.305 1.266 0.648 1.0 0.899 1.157 1.296 1.376 1.0 1.087 0.661 1.348 0.654 1.0 1.058 1.285 1.093 1.204 1.0 0.834 1.117 0.924 0.974 1.0 1.081 1.473 1.452 0.709 1.0 1.106 1.477 0.863 1.09 1.0 1.3 0.973 0.739 1.002 1.0 1.255 1.494 1.149 1.048 1.0 1.183 0.827 0.766 0.723 1.0 0.975 1.555 1.19 0.878 1.0 1.213 0.559 1.126 0.657 1.0 1.153 0.789 1.154 0.86 1.0 0.705 1.178 0.814 1.002 1.0 0.713 1.291 1.109 0.754 1.0 0.715 1.038 0.759 1.0 1.0 0.728 0.608 0.882 1.0 1.0 0.694 0.683 1.0 1.0 1.0 0.661 0.656 1.0 1.0 1.0 0.629 0.696 1.0 1.0 1.0 1.071 0.7 1.0 1.0 1.0 0.734 0.709 1.0 1.0 1.0 1.202 0.697 1.0 1.0 1.0 1.221 1.0 1.0 1.0 1.0 0.954 1.0 1.0 1.0 1.0 1.347 1.0 1.0 1.0 1.0 0.762 1.0 1.0 1.0 1.0 0.888 1.0 1.0 1.0 1.0 1.125 1.0 1.0 1.0 1.0 0.754 1.0 1.0 1.0 1.0 0.81 1.0 1.0 1.0 1.0 1.0 1.0 1.0 1.0 1.0 1.0 1.0 1.0 1.0 1.0 1.0 1.0 1.0 1.0 1.0 1.0 1.0 1.0 1.0 1.0 1.0 1.0 1.0 1.0 1.0 1.0 1.0 1.0 1.0 1.0 1.0 1.0 1.0 1.0 1.0 1.0 1.0 1.0 1.0 1.0 1.0 1.0 1.0 1.0 1.0 1.0 1.0 1.0 1.0 1.0 1.0 1.0 1.0 1.0 1.0 1.0 1.0 1.0 1.0 1.0 1.0 1.0 1.0 1.0 1.0 1.0 1.0 1.0 1.0 1.0 1.0 1.0 1.0 1.0 1.0 1.0 1.0 1.0 1.0 1.0 1.0 1.0 1.0 1.0 1.0 1.0 1.0 1.0 1.0 1.0 1.0 1.0 1.0 1.0 1.0 1.0 1.0 1.0 1.0 1.0 1.0 1.0 1.0 1.0 1.0 1.0 1.0 1.0 1.0 1.0 1.0 1.0 1.0 1.0 1.0 1.0 1.0 1.0 1.0 1.0 1.0 1.0 1.0 1.0 1.0 1.0 1.0 1.0 1.0 1.0 1.0 1.0 1.0 1.0 1.0 0.865 0.926 1.153 1.162 0.829 1.284 1.088 1.257 0.774 1.217 0.832 0.744 1.021 1.158 1.243 0.921 0.735 1.291 0.758 1.043 0.968 1.332 1.288 0.897 0.866 0.977 0.894 0.71 1.045 1.142 0.981 0.926 1.293 1.078 0.927 1.161 0.888 0.697 1.239 1.216 0.847 1.011 0.877 1.366 1.108 0.708 0.836 1.03 1.326 1.209 1.347 1.014 1.065 1.331 1.083 1.043 0.968 0.874 1.354 0.561 0.611 1.16 0.924 1.456 1.221 1.332 0.876 0.863 0.853 1.44 0.802 1.282 0.981 0.948 0.619 1.314 1.32 0.96 1.0 1.22 0.848 1.258 1.322 1.0 1.294 0.862 1.167 0.827 1.0 1.292 1.152 1.226 1.187 1.0 1.479 0.887 0.891 0.963 1.0 0.731 1.055 0.613 1.308 1.0 0.832 0.981 0.629 1.13 1.0 0.898 1.165 0.842 0.681 1.0 0.882 1.385 0.876 1.076 1.0 1.889 0.978 0.879 0.996 1.0 1.057 0.881 1.238 1.12 1.0 0.733 1.412 0.878 1.082 1.0 1.969 0.841 0.934 1.119 1.0 0.953 1.095 1.098 0.826 1.0 0.674 0.881 0.873 0.732 1.0 0.827 1.004 0.802 0.758 1.0 0.792 0.997 1.439 0.89 1.0 0.657 1.0 1.008 1.168 1.0 0.797 1.0 1.092 0.82 1.0 0.701 1.0 0.774 0.875 1.0 0.683 1.0 0.918 0.715 1.0 0.732 1.0 0.859 0.788 1.0 0.742 1.0 0.822 0.701 1.0 0.718 1.0 0.721 1.399 1.0 2.381 1.0 1.0 0.704 1.0 0.646 1.0 1.0 0.71 1.0 0.666 1.0 1.0 1.031 1.0 1.0 1.0 1.0 0.725 1.0 1.0 1.0 1.0 0.782 1.0 1.0 1.0 1.0 1.957 1.0 1.0 1.0 1.0 1.0 1.0 1.0 1.0 1.0 1.0 1.0 1.0 1.0 1.0 1.0 1.0 1.0 1.0 1.0 1.0 1.0 1.0 1.0 1.0 1.0 1.0 1.0 1.0 1.0 1.0 1.0 1.0 1.0 1.0 1.0 1.0 1.0 1.0 1.0 1.0 1.0 1.0 1.0 1.0 1.0 1.0 1.0 1.0 1.0 1.0 1.0 1.0 1.0 1.0 1.0 1.0 1.0 1.0 1.0 1.0 1.0 1.0 1.0 1.0 1.0 1.0 1.0 1.0 1.0 1.0 1.0 1.0 1.0 1.0 1.0 1.0 1.0 1.0 1.0 1.0 1.0 1.0 1.0 1.0 1.0 1.0 1.0 1.0 1.0 1.0 1.0 1.0 1.0 1.0 1.0 1.0 1.0 1.0 1.0 1.0 1.0 1.0 1.0 1.0 1.0 1.0 1.0 1.0 1.0 1.0 1.0 1.0 1.0 1.0 1.0 1.0 1.0 1.0 1.0 1.0 1.0 1.0 1.0 1.0 1.0 1.0 1.0 1.0 1.0 1.0 1.0 1.0 1.0 1.0 1.0 1.0 1.0 1.0 1.0 1.0 1.0 1.0 1.0 1.0 1.0 1.0 1.0 1.0 1.0 1.0 1.0 1.0 1.0 1.0 1.0 1.0 1.0,2.3813639,1.3813639,0.46189523,0.3,0.7084585428237915,0.0003,5,5.2227483
78,0.24126727879047394,0.9931853,0.985 1.009 0.87 1.034 0.865 1.094 1.279 1.256 0.772 0.769 0.968 1.307 1.018 1.243 0.918 1.319 0.715 0.691 1.01 0.785 0.872 1.032 0.99 1.238 1.053 0.867 0.705 1.292 0.961 1.016 0.954 0.71 1.01 0.812 1.086 0.923 1.029 1.277 1.247 1.171 1.066 1.038 0.888 0.588 0.685 0.88 0.715 1.137 1.25 1.131 1.234 0.715 1.162 1.261 0.897 1.017 0.886 1.169 1.213 1.149 0.946 1.09 0.806 1.289 1.0 1.197 1.078 0.71 0.651 1.0 1.119 1.066 1.118 1.244 1.0 1.366 1.482 1.023 1.12 1.0 1.222 0.998 1.369 0.98 1.0 1.118 0.956 1.043 0.645 1.0 1.004 0.659 0.987 1.09 1.0 0.953 0.929 0.835 0.722 1.0 1.345 0.657 0.748 1.174 1.0 0.887 0.871 1.0 0.726 1.0 0.767 0.814 1.0 0.784 1.0 0.747 1.145 1.0 0.811 1.0 0.742 1.102 1.0 0.84 1.0 0.977 1.117 1.0 0.701 1.0 0.754 1.085 1.0 0.656 1.0 0.925 0.703 1.0 1.201 1.0 1.197 1.051 1.0 0.984 1.0 0.7 0.665 1.0 0.901 1.0 0.708 0.909 1.0 0.766 1.0 1.073 0.942 1.0 1.108 1.0 1.697 0.803 1.0 0.87 1.0 1.0 0.959 1.0 1.044 1.0 1.0 0.929 1.0 0.793 1.0 1.0 0.953 1.0 0.923 1.0 1.0 0.62 1.0 0.792 1.0 1.0 0.707 1.0 0.714 1.0 1.0 0.757 1.0 1.0 1.0 1.0 2.172 1.0 1.0 1.0 1.0 0.735 1.0 1.0 1.0 1.0 0.701 1.0 1.0 1.0 1.0 0.697 1.0 1.0 1.0 1.0 0.701 1.0 1.0 1.0 1.0 0.667 1.0 1.0 1.0 1.0 0.812 1.0 1.0 1.0 1.0 1.0 1.0 1.0 1.0 1.0 1.0 1.0 1.0 1.0 1.0 1.0 1.0 1.0 1.0 1.0 1.0 1.0 1.0 1.0 1.0 1.0 1.0 1.0 1.0 1.0 1.0 1.0 1.0 1.0 1.0 1.0 1.0 1.0 1.0 1.0 1.0 1.0 1.0 1.0 1.0 1.0 1.0 1.0 1.0 1.0 1.0 1.0 1.0 1.0 1.0 1.0 1.0 1.0 1.0 1.0 1.0 1.0 1.0 1.0 1.0 1.0 1.0 1.0 1.0 1.0 1.0 1.0 1.0 1.0 1.0 1.0 1.0 1.0 1.0 1.0 1.0 1.0 1.0 1.0 1.0 1.0 1.0 1.0 1.0 1.0 1.0 1.0 1.0 1.0 1.0 1.0 1.0 1.0 1.0 1.0 1.0 1.0 1.0 1.0 1.0 1.0 1.0 1.0 1.0 1.0 1.0 1.0 1.0 1.0 1.0 1.0 1.0 1.0 1.0 1.0 1.0 1.0 1.0 1.0 1.0 1.0 1.0 1.0 1.0 1.0 1.0 1.0 1.0 1.0 1.0 1.0 1.0 1.0 1.0 1.0 1.0 1.0 1.0 1.0 1.0 1.0 1.0 1.0 1.0 1.0 1.0 1.0 1.0 1.0 0.886 1.069 1.175 1.034 0.865 1.285 1.096 1.015 0.785 0.823 0.843 0.962 0.841 0.767 1.144 0.974 0.747 1.002 0.762 1.052 0.914 0.912 0.838 0.91 0.741 1.192 0.949 1.192 1.039 0.626 0.797 1.402 0.891 1.203 0.726 1.193 1.227 1.023 1.33 0.792 0.83 0.804 1.217 0.46 1.139 0.831 0.928 1.191 0.669 1.167 0.841 0.812 0.701 0.785 0.706 1.231 0.83 0.643 1.323 0.704 0.82 1.05 1.12 0.528 1.094 0.888 1.076 1.023 0.713 1.027 0.793 0.915 1.011 1.166 0.669 1.117 1.089 1.016 0.578 1.074 0.84 1.045 0.704 0.605 0.699 1.0 1.095 1.23 0.807 0.783 1.0 0.897 0.702 0.709 1.051 1.0 0.893 1.489 0.885 0.725 1.0 0.738 0.613 0.72 0.758 1.0 0.756 0.633 0.81 1.0 1.0 1.185 0.785 0.788 1.0 1.0 0.781 0.775 0.772 1.0 1.0 0.967 0.697 0.784 1.0 1.0 1.125 0.623 0.633 1.0 1.0 1.058 0.691 0.909 1.0 1.0 0.787 0.679 0.782 1.0 1.0 0.681 0.902 0.697 1.0 1.0 0.7 0.616 1.0 1.0 1.0 1.22 0.671 1.0 1.0 1.0 0.763 0.627 1.0 1.0 1.0 0.72 0.654 1.0 1.0 1.0 1.122 1.784 1.0 1.0 1.0 0.692 1.0 1.0 1.0 1.0 0.689 1.0 1.0 1.0 1.0 1.073 1.0 1.0 1.0 1.0 0.774 1.0 1.0 1.0 1.0 0.722 1.0 1.0 1.0 1.0 0.771 1.0 1.0 1.0 1.0 0.984 1.0 1.0 1.0 1.0 0.705 1.0 1.0 1.0 1.0 0.827 1.0 1.0 1.0 1.0 0.813 1.0 1.0 1.0 1.0 0.915 1.0 1.0 1.0 1.0 0.693 1.0 1.0 1.0 1.0 2.196 1.0 1.0 1.0 1.0 1.636 1.0 1.0 1.0 1.0 0.777 1.0 1.0 1.0 1.0 1.0 1.0 1.0 1.0 1.0 1.0 1.0 1.0 1.0 1.0 1.0 1.0 1.0 1.0 1.0 1.0 1.0 1.0 1.0 1.0 1.0 1.0 1.0 1.0 1.0 1.0 1.0 1.0 1.0 1.0 1.0 1.0 1.0 1.0 1.0 1.0 1.0 1.0 1.0 1.0 1.0 1.0 1.0 1.0 1.0 1.0 1.0 1.0 1.0 1.0 1.0 1.0 1.0 1.0 1.0 1.0 1.0 1.0 1.0 1.0 1.0 1.0 1.0 1.0 1.0 1.0 1.0 1.0 1.0 1.0 1.0 1.0 1.0 1.0 1.0 1.0 1.0 1.0 1.0 1.0 1.0 1.0 1.0 1.0 1.0 1.0 1.0 1.0 1.0 1.0 1.0 1.0 1.0 1.0 1.0 1.0 1.0 1.0 1.0 1.0 1.0 1.0 1.0 1.0 1.0 1.0 1.0 1.0 1.0 1.0 1.0 1.0 1.0 1.0 1.0 1.0 1.0 1.0 1.0 1.0 1.0 1.0 1.0 1.0 1.0 1.0 1.0 1.0 1.0 1.0 1.0 1.0 1.0 1.0 1.205 1.009 0.814 1.162 0.829 1.117 1.088 1.26 1.036 0.767 1.321 1.338 1.02 1.245 1.191 1.142 0.9 1.238 1.264 0.924 1.332 0.998 1.23 1.011 0.882 1.277 1.194 1.005 1.292 1.209 1.281 1.058 0.946 0.699 0.663 1.209 0.869 0.979 0.978 1.263 0.892 0.972 1.065 1.295 0.531 0.923 1.024 1.055 0.902 1.134 1.022 1.243 1.282 1.115 1.171 0.909 0.663 1.047 1.136 0.549 1.053 1.199 1.067 0.689 0.747 0.888 1.114 0.695 1.23 0.874 1.505 1.414 0.795 1.31 0.828 0.648 0.815 0.769 1.104 0.829 1.067 0.834 0.859 1.339 0.917 0.59 0.919 0.696 1.259 0.884 0.787 0.589 0.881 0.644 0.983 1.005 0.619 0.771 0.882 1.379 0.702 0.731 1.39 1.222 0.684 0.808 0.876 1.0 0.948 0.982 0.753 0.693 1.0 0.669 0.641 0.702 0.732 1.0 1.314 1.0 0.67 1.482 1.0 1.538 1.0 0.685 0.729 1.0 0.717 1.0 0.684 1.232 1.0 1.089 1.0 0.751 0.969 1.0 0.678 1.0 1.001 0.791 1.0 0.906 1.0 1.114 1.299 1.0 0.789 1.0 0.725 0.799 1.0 0.654 1.0 1.185 0.753 1.0 1.0 1.0 0.73 0.743 1.0 1.0 1.0 0.761 0.737 1.0 1.0 1.0 1.02 0.67 1.0 1.0 1.0 1.09 0.699 1.0 1.0 1.0 0.86 0.7 1.0 1.0 1.0 1.053 0.997 1.0 1.0 1.0 0.972 1.0 1.0 1.0 1.0 0.769 1.0 1.0 1.0 1.0 0.786 1.0 1.0 1.0 1.0 0.749 1.0 1.0 1.0 1.0 0.799 1.0 1.0 1.0 1.0 0.695 1.0 1.0 1.0 1.0 0.907 1.0 1.0 1.0 1.0 0.978 1.0 1.0 1.0 1.0 1.135 1.0 1.0 1.0 1.0 0.931 1.0 1.0 1.0 1.0 0.746 1.0 1.0 1.0 1.0 0.809 1.0 1.0 1.0 1.0 1.577 1.0 1.0 1.0 1.0 0.616 1.0 1.0 1.0 1.0 1.0 1.0 1.0 1.0 1.0 1.0 1.0 1.0 1.0 1.0 1.0 1.0 1.0 1.0 1.0 1.0 1.0 1.0 1.0 1.0 1.0 1.0 1.0 1.0 1.0 1.0 1.0 1.0 1.0 1.0 1.0 1.0 1.0 1.0 1.0 1.0 1.0 1.0 1.0 1.0 1.0 1.0 1.0 1.0 1.0 1.0 1.0 1.0 1.0 1.0 1.0 1.0 1.0 1.0 1.0 1.0 1.0 1.0 1.0 1.0 1.0 1.0 1.0 1.0 1.0 1.0 1.0 1.0 1.0 1.0 1.0 1.0 1.0 1.0 1.0 1.0 1.0 1.0 1.0 1.0 1.0 1.0 1.0 1.0 1.0 1.0 1.0 1.0 1.0 1.0 1.0 1.0 1.0 1.0 1.0 1.0 1.0 1.0 1.0 1.0 1.0 1.0 1.0 1.0 1.0 1.0 1.0 1.0 1.0 1.0 1.0 1.0 1.0 1.0 1.0 1.0 1.0 1.0 1.0 1.0 1.205 0.924 0.814 1.162 1.14 0.828 1.088 1.204 0.855 0.763 1.132 0.886 1.022 0.848 1.058 0.81 0.883 1.317 0.908 1.277 0.926 1.227 0.826 1.249 0.867 0.996 1.006 1.256 0.703 1.319 1.223 1.268 1.231 1.306 0.723 0.607 1.232 1.301 1.308 1.415 1.295 1.064 1.307 1.201 1.331 1.132 1.033 0.721 1.285 1.291 1.273 1.225 0.918 1.284 1.297 1.265 1.291 1.156 1.321 1.407 1.177 1.19 0.834 1.117 1.295 1.298 1.292 1.3 1.32 0.89 1.287 1.344 1.242 1.306 1.302 0.875 1.302 1.233 1.267 0.744 1.362 0.644 1.292 0.841 1.3 1.263 1.302 0.761 1.316 0.874 0.67 1.25 1.296 0.854 1.258 1.199 1.197 1.142 0.775 1.3 1.378 0.744 1.358 1.235 1.305 0.812 1.123 1.168 0.802 0.785 1.325 1.404 1.215 0.888 1.276 1.186 0.957 1.142 1.268 0.844 1.182 0.984 0.825 1.316 0.803 1.068 1.28 1.002 0.916 0.868 1.442 0.939 0.977 1.17 1.422 1.142 0.993 1.082 1.124 1.232 0.745 1.367 0.889 0.657 0.717 0.653 1.0 0.877 0.627 1.0 0.694 1.0 0.808 1.0 1.0 0.739 1.0 0.815 1.0 1.0 0.774 1.0 1.234 1.0 1.0 0.989 1.0 1.249 1.0 1.0 2.054 1.0 1.385 1.0 1.0 0.72 1.0 0.894 1.0 1.0 1.992 1.0 0.767 1.0 1.0 0.77 1.0 0.756 1.0 1.0 0.86 1.0 0.751 1.0 1.0 0.765 1.0 0.746 1.0 1.0 1.0 1.0 0.647 1.0 1.0 1.0 1.0 1.47 1.0 1.0 1.0 1.0 1.291 1.0 1.0 1.0 1.0 1.12 1.0 1.0 1.0 1.0 1.013 1.0 1.0 1.0 1.0 0.988 1.0 1.0 1.0 1.0 0.914 1.0 1.0 1.0 1.0 1.015 1.0 1.0 1.0 1.0 1.325 1.0 1.0 1.0 1.0 1.312 1.0 1.0 1.0 1.0 0.847 1.0 1.0 1.0 1.0 0.763 1.0 1.0 1.0 1.0 0.697 1.0 1.0 1.0 1.0 1.055 1.0 1.0 1.0 1.0 0.914 1.0 1.0 1.0 1.0 0.948 1.0 1.0 1.0 1.0 1.035 1.0 1.0 1.0 1.0 1.036 1.0 1.0 1.0 1.0 0.612 1.0 1.0 1.0 1.0 0.873 1.0 1.0 1.0 1.0 1.035 1.0 1.0 1.0 1.0 1.349 1.0 1.0 1.0 1.0 0.624 1.0 1.0 1.0 1.0 0.667 1.0 1.0 1.0 1.0 0.696 1.0 1.0 1.0 1.0 0.689 1.0 1.0 1.0 1.0 0.977 1.0 1.0 1.0 1.0 0.651 1.0 1.0 1.0 1.0 1.079 1.0 1.0 1.0 1.0 0.755 1.0 1.0 1.0 1.0 1.284 1.0 1.0 1.0 1.0 0.641 1.0 1.0 1.0 1.0 0.796 1.0 1.0 1.0 1.0 0.699 1.0 1.0 1.0 1.0 0.692 1.0 1.0 1.0 1.0 0.71 1.0 1.0 1.079 1.207 0.87 1.12 1.046 1.294 1.084 1.205 0.769 1.19 0.824 0.906 1.038 0.75 1.279 1.131 1.208 1.297 0.828 0.814 0.867 1.058 0.712 0.911 0.929 1.228 1.251 0.838 1.236 0.839 0.95 0.786 0.838 1.319 0.962 0.924 1.14 1.085 1.246 1.308 0.967 1.222 1.322 1.329 0.79 1.296 1.334 1.186 1.238 1.395 1.315 0.802 1.241 0.625 1.112 0.897 1.064 1.314 1.116 1.418 1.3 1.117 0.656 1.582 0.723 1.015 1.229 1.417 1.449 0.996 0.921 1.437 1.012 0.994 1.465 1.014 1.239 0.976 1.583 1.108 1.166 1.387 1.305 0.61 0.898 1.073 1.0 1.487 1.434 1.298 0.812 1.0 0.911 1.331 0.751 0.864 1.0 0.834 0.833 0.757 0.74 1.0 0.805 0.667 1.28 1.175 1.0 0.671 1.115 0.799 1.179 1.0 0.783 1.651 1.076 1.097 1.0 0.987 0.732 1.05 1.128 1.0 0.843 0.725 1.226 0.767 1.0 0.883 0.719 0.675 1.077 1.0 0.892 1.138 0.686 0.987 1.0 0.751 0.975 0.692 1.038 1.0 0.697 0.973 0.907 1.028 1.0 0.771 0.729 0.929 1.056 1.0 0.829 0.955 0.643 0.857 1.0 0.866 1.132 1.0 1.014 1.0 0.683 1.08 1.0 1.04 1.0 0.747 0.962 1.0 0.773 1.0 0.779 0.809 1.0 0.866 1.0 1.0 1.11 1.0 0.81 1.0 1.0 0.936 1.0 0.714 1.0 1.0 0.988 1.0 0.726 1.0 1.0 1.327 1.0 0.801 1.0 1.0 1.299 1.0 0.676 1.0 1.0 0.745 1.0 0.671 1.0 1.0 0.742 1.0 0.659 1.0 1.0 0.72 1.0 0.696 1.0 1.0 0.815 1.0 1.0 1.0 1.0 0.776 1.0 1.0 1.0 1.0 0.798 1.0 1.0 1.0 1.0 0.668 1.0 1.0 1.0 1.0 1.0 1.0 1.0 1.0 1.0 1.0 1.0 1.0 1.0 1.0 1.0 1.0 1.0 1.0 1.0 1.0 1.0 1.0 1.0 1.0 1.0 1.0 1.0 1.0 1.0 1.0 1.0 1.0 1.0 1.0 1.0 1.0 1.0 1.0 1.0 1.0 1.0 1.0 1.0 1.0 1.0 1.0 1.0 1.0 1.0 1.0 1.0 1.0 1.0 1.0 1.0 1.0 1.0 1.0 1.0 1.0 1.0 1.0 1.0 1.0 1.0 1.0 1.0 1.0 1.0 1.0 1.0 1.0 1.0 1.0 1.0 1.0 1.0 1.0 1.0 1.0 1.0 1.0 1.0 1.0 1.0 1.0 1.0 1.0 1.0 1.0 1.0 1.0 1.0 1.0 1.0 1.0 1.0 1.0 1.0 1.0 1.0 1.0 1.0 1.0 1.0 1.0 1.0 1.0 1.0 1.0 1.0 1.0 1.0 1.0 1.0 1.0 1.0 1.0 1.0 1.0 1.0 1.0 1.0 1.0 1.0 1.0 1.0 1.0 1.0 1.0 1.0 1.0 1.0 1.0 1.0 1.0 1.0 1.0 1.0 1.0 1.0 1.0 1.0 1.0 1.0 1.0 0.865 1.009 1.153 0.886 1.046 0.975 1.292 1.251 0.861 1.162 1.101 1.317 0.824 1.02 1.302 0.803 0.881 0.728 0.684 0.827 1.335 1.319 1.328 1.218 1.155 0.801 0.795 0.733 0.499 0.784 0.962 0.941 1.325 0.88 0.823 0.982 0.838 0.943 0.754 1.005 0.81 0.77 0.924 1.352 0.745 1.076 0.987 1.234 0.784 1.201 0.795 1.007 0.955 0.873 1.292 0.741 0.998 0.971 0.772 0.765 1.161 0.684 1.136 1.0 1.16 0.792 1.165 1.073 1.0 1.261 0.969 0.736 1.183 1.0 0.706 0.636 1.022 1.152 1.0 1.168 0.865 1.1 0.999 1.0 1.054 1.031 0.697 0.981 1.0 0.788 0.741 1.07 0.838 1.0 0.711 1.071 1.005 0.81 1.0 0.743 1.07 0.994 1.189 1.0 0.746 1.098 1.071 1.087 1.0 0.735 0.724 1.09 0.776 1.0 0.755 0.886 1.137 0.774 1.0 1.565 0.948 0.634 1.085 1.0 0.941 0.994 1.126 0.781 1.0 0.719 0.691 0.921 1.268 1.0 0.725 0.723 0.631 0.783 1.0 1.0 0.679 0.831 1.075 1.0 1.0 0.831 1.334 1.22 1.0 1.0 1.024 1.061 1.222 1.0 1.0 1.051 0.732 0.716 1.0 1.0 0.667 0.912 0.781 1.0 1.0 0.654 0.895 1.312 1.0 1.0 1.0 0.684 1.325 1.0 1.0 1.0 1.246 1.259 1.0 1.0 1.0 0.683 0.754 1.0 1.0 1.0 0.725 1.148 1.0 1.0 1.0 0.715 0.86 1.0 1.0 1.0 0.708 0.892 1.0 1.0 1.0 0.768 1.044 1.0 1.0 1.0 0.717 0.728 1.0 1.0 1.0 0.699 0.687 1.0 1.0 1.0 1.031 0.704 1.0 1.0 1.0 0.903 0.681 1.0 1.0 1.0 0.674 0.7 1.0 1.0 1.0 1.076 0.674 1.0 1.0 1.0 0.903 0.598 1.0 1.0 1.0 1.016 0.627 1.0 1.0 1.0 0.73 1.0 1.0 1.0 1.0 0.648 1.0 1.0 1.0 1.0 0.667 1.0 1.0 1.0 1.0 0.784 1.0 1.0 1.0 1.0 0.657 1.0 1.0 1.0 1.0 0.669 1.0 1.0 1.0 1.0 0.696 1.0 1.0 1.0 1.0 0.726 1.0 1.0 1.0 1.0 0.731 1.0 1.0 1.0 1.0 0.701 1.0 1.0 1.0 1.0 0.692 1.0 1.0 1.0 1.0 1.0 1.0 1.0 1.0 1.0 1.0 1.0 1.0 1.0 1.0 1.0 1.0 1.0 1.0 1.0 1.0 1.0 1.0 1.0 1.0 1.0 1.0 1.0 1.0 1.0 1.0 1.0 1.0 1.0 1.0 1.0 1.0 1.0 1.0 1.0 1.0 1.0 1.0 1.0 1.0 1.0 1.0 1.0 1.0 1.0 1.0 1.0 1.0 1.0 1.0 1.0 1.0 1.0 1.0 1.0 1.0 1.0 1.0 1.0 1.0 1.0 1.0 1.0 1.0 1.0 1.0 1.0 1.0 1.0 1.0 1.0 1.0 1.0 1.0 1.0 1.0 1.0 1.0 1.0 1.205 1.207 1.033 1.162 0.829 1.109 1.293 1.23 1.242 1.206 1.325 0.906 0.824 1.292 1.204 0.81 0.856 1.036 0.722 0.825 0.931 1.173 1.206 0.969 1.103 0.82 1.151 0.939 1.2 0.798 1.255 0.485 1.067 0.735 1.231 0.989 1.152 0.738 0.962 1.075 1.144 1.265 1.327 1.126 1.141 0.971 1.312 1.328 1.286 0.802 0.782 1.133 1.213 1.19 1.326 1.085 0.647 1.119 0.974 1.222 1.246 1.329 1.371 1.359 1.025 1.249 0.486 1.411 1.11 1.333 1.11 1.514 0.677 0.855 0.831 1.265 1.239 0.682 1.417 0.815 1.048 0.985 1.255 1.31 1.0 1.366 0.629 1.279 1.476 1.0 1.427 1.309 1.267 0.648 1.0 0.889 1.167 1.3 1.376 1.0 1.09 0.658 1.354 0.653 1.0 1.065 1.29 1.095 1.204 1.0 0.829 1.126 0.926 0.973 1.0 1.084 1.476 1.451 0.709 1.0 1.11 1.48 0.865 1.09 1.0 1.302 0.975 0.739 1.001 1.0 1.257 1.497 1.145 1.047 1.0 1.184 0.83 0.765 0.723 1.0 0.977 1.559 1.185 0.879 1.0 1.207 0.558 1.121 0.655 1.0 1.146 0.791 1.15 0.862 1.0 0.704 1.178 0.809 0.999 1.0 0.712 1.294 1.103 0.753 1.0 0.713 1.028 0.759 1.0 1.0 0.726 0.607 0.882 1.0 1.0 0.695 0.683 1.0 1.0 1.0 0.663 0.654 1.0 1.0 1.0 0.63 0.695 1.0 1.0 1.0 1.069 0.7 1.0 1.0 1.0 0.735 0.709 1.0 1.0 1.0 1.202 0.696 1.0 1.0 1.0 1.221 1.0 1.0 1.0 1.0 0.955 1.0 1.0 1.0 1.0 1.336 1.0 1.0 1.0 1.0 0.764 1.0 1.0 1.0 1.0 0.888 1.0 1.0 1.0 1.0 1.121 1.0 1.0 1.0 1.0 0.754 1.0 1.0 1.0 1.0 0.81 1.0 1.0 1.0 1.0 1.0 1.0 1.0 1.0 1.0 1.0 1.0 1.0 1.0 1.0 1.0 1.0 1.0 1.0 1.0 1.0 1.0 1.0 1.0 1.0 1.0 1.0 1.0 1.0 1.0 1.0 1.0 1.0 1.0 1.0 1.0 1.0 1.0 1.0 1.0 1.0 1.0 1.0 1.0 1.0 1.0 1.0 1.0 1.0 1.0 1.0 1.0 1.0 1.0 1.0 1.0 1.0 1.0 1.0 1.0 1.0 1.0 1.0 1.0 1.0 1.0 1.0 1.0 1.0 1.0 1.0 1.0 1.0 1.0 1.0 1.0 1.0 1.0 1.0 1.0 1.0 1.0 1.0 1.0 1.0 1.0 1.0 1.0 1.0 1.0 1.0 1.0 1.0 1.0 1.0 1.0 1.0 1.0 1.0 1.0 1.0 1.0 1.0 1.0 1.0 1.0 1.0 1.0 1.0 1.0 1.0 1.0 1.0 1.0 1.0 1.0 1.0 1.0 1.0 1.0 1.0 1.0 1.0 1.0 1.0 1.0 1.0 1.0 1.0 1.0 1.0 1.0 1.0 1.0 1.0 1.0 1.0 1.0 1.0 1.0 0.865 0.924 1.153 1.162 0.829 1.287 1.096 1.256 0.774 1.218 0.826 0.743 1.026 1.158 1.24 0.92 0.735 1.29 0.759 1.05 0.964 1.336 1.286 0.892 0.866 0.973 0.885 0.71 1.043 1.139 0.978 0.932 1.291 1.077 0.926 1.16 0.887 0.697 1.24 1.215 0.851 1.011 0.873 1.368 1.109 0.711 0.839 1.037 1.329 1.209 1.346 1.01 1.073 1.332 1.084 1.042 0.97 0.87 1.358 0.56 0.611 1.159 0.921 1.46 1.222 1.332 0.88 0.866 0.853 1.442 0.804 1.28 0.983 0.95 0.618 1.314 1.318 0.96 1.0 1.218 0.851 1.256 1.324 1.0 1.295 0.864 1.167 0.828 1.0 1.291 1.153 1.229 1.191 1.0 1.482 0.889 0.894 0.963 1.0 0.732 1.053 0.612 1.308 1.0 0.831 0.978 0.628 1.133 1.0 0.894 1.165 0.838 0.679 1.0 0.878 1.389 0.877 1.071 1.0 1.9 0.981 0.88 0.994 1.0 1.053 0.879 1.242 1.115 1.0 0.732 1.417 0.879 1.084 1.0 1.982 0.839 0.936 1.114 1.0 0.948 1.095 1.097 0.826 1.0 0.673 0.882 0.861 0.73 1.0 0.821 0.994 0.8 0.757 1.0 0.792 0.996 1.445 0.885 1.0 0.657 1.0 0.996 1.162 1.0 0.79 1.0 1.08 0.819 1.0 0.701 1.0 0.772 0.877 1.0 0.682 1.0 0.918 0.714 1.0 0.729 1.0 0.859 0.787 1.0 0.743 1.0 0.822 0.7 1.0 0.714 1.0 0.72 1.394 1.0 2.386 1.0 1.0 0.703 1.0 0.644 1.0 1.0 0.71 1.0 0.663 1.0 1.0 1.027 1.0 1.0 1.0 1.0 0.728 1.0 1.0 1.0 1.0 0.778 1.0 1.0 1.0 1.0 1.958 1.0 1.0 1.0 1.0 1.0 1.0 1.0 1.0 1.0 1.0 1.0 1.0 1.0 1.0 1.0 1.0 1.0 1.0 1.0 1.0 1.0 1.0 1.0 1.0 1.0 1.0 1.0 1.0 1.0 1.0 1.0 1.0 1.0 1.0 1.0 1.0 1.0 1.0 1.0 1.0 1.0 1.0 1.0 1.0 1.0 1.0 1.0 1.0 1.0 1.0 1.0 1.0 1.0 1.0 1.0 1.0 1.0 1.0 1.0 1.0 1.0 1.0 1.0 1.0 1.0 1.0 1.0 1.0 1.0 1.0 1.0 1.0 1.0 1.0 1.0 1.0 1.0 1.0 1.0 1.0 1.0 1.0 1.0 1.0 1.0 1.0 1.0 1.0 1.0 1.0 1.0 1.0 1.0 1.0 1.0 1.0 1.0 1.0 1.0 1.0 1.0 1.0 1.0 1.0 1.0 1.0 1.0 1.0 1.0 1.0 1.0 1.0 1.0 1.0 1.0 1.0 1.0 1.0 1.0 1.0 1.0 1.0 1.0 1.0 1.0 1.0 1.0 1.0 1.0 1.0 1.0 1.0 1.0 1.0 1.0 1.0 1.0 1.0 1.0 1.0 1.0 1.0 1.0 1.0 1.0 1.0 1.0 1.0 1.0 1.0 1.0 1.0 1.0 1.0 1.0 1.0 1.0,2.385989,1.385989,0.459679,0.3,0.7149275541305542,0.0003,5,5.2446327
79,0.2438965141773224,0.9930907,0.981 1.005 0.867 1.037 0.862 1.101 1.281 1.255 0.772 0.769 0.96 1.31 1.024 1.24 0.915 1.321 0.714 0.691 1.016 0.786 0.866 1.023 0.996 1.238 1.053 0.862 0.705 1.294 0.958 1.013 0.946 0.711 1.008 0.813 1.083 0.924 1.038 1.274 1.248 1.171 1.065 1.029 0.886 0.588 0.686 0.881 0.717 1.139 1.249 1.134 1.235 0.716 1.164 1.26 0.902 1.024 0.881 1.171 1.216 1.148 0.951 1.098 0.808 1.293 1.0 1.197 1.071 0.71 0.651 1.0 1.118 1.058 1.117 1.246 1.0 1.368 1.482 1.021 1.118 1.0 1.217 1.002 1.368 0.979 1.0 1.112 0.959 1.04 0.643 1.0 1.0 0.659 0.986 1.088 1.0 0.952 0.931 0.838 0.721 1.0 1.347 0.656 0.748 1.175 1.0 0.885 0.865 1.0 0.726 1.0 0.769 0.815 1.0 0.783 1.0 0.749 1.148 1.0 0.81 1.0 0.743 1.108 1.0 0.84 1.0 0.974 1.123 1.0 0.703 1.0 0.755 1.081 1.0 0.654 1.0 0.921 0.696 1.0 1.203 1.0 1.197 1.054 1.0 0.979 1.0 0.7 0.664 1.0 0.9 1.0 0.708 0.901 1.0 0.767 1.0 1.072 0.939 1.0 1.109 1.0 1.694 0.796 1.0 0.87 1.0 1.0 0.962 1.0 1.044 1.0 1.0 0.929 1.0 0.793 1.0 1.0 0.955 1.0 0.917 1.0 1.0 0.616 1.0 0.789 1.0 1.0 0.707 1.0 0.711 1.0 1.0 0.751 1.0 1.0 1.0 1.0 2.176 1.0 1.0 1.0 1.0 0.732 1.0 1.0 1.0 1.0 0.7 1.0 1.0 1.0 1.0 0.696 1.0 1.0 1.0 1.0 0.699 1.0 1.0 1.0 1.0 0.666 1.0 1.0 1.0 1.0 0.813 1.0 1.0 1.0 1.0 1.0 1.0 1.0 1.0 1.0 1.0 1.0 1.0 1.0 1.0 1.0 1.0 1.0 1.0 1.0 1.0 1.0 1.0 1.0 1.0 1.0 1.0 1.0 1.0 1.0 1.0 1.0 1.0 1.0 1.0 1.0 1.0 1.0 1.0 1.0 1.0 1.0 1.0 1.0 1.0 1.0 1.0 1.0 1.0 1.0 1.0 1.0 1.0 1.0 1.0 1.0 1.0 1.0 1.0 1.0 1.0 1.0 1.0 1.0 1.0 1.0 1.0 1.0 1.0 1.0 1.0 1.0 1.0 1.0 1.0 1.0 1.0 1.0 1.0 1.0 1.0 1.0 1.0 1.0 1.0 1.0 1.0 1.0 1.0 1.0 1.0 1.0 1.0 1.0 1.0 1.0 1.0 1.0 1.0 1.0 1.0 1.0 1.0 1.0 1.0 1.0 1.0 1.0 1.0 1.0 1.0 1.0 1.0 1.0 1.0 1.0 1.0 1.0 1.0 1.0 1.0 1.0 1.0 1.0 1.0 1.0 1.0 1.0 1.0 1.0 1.0 1.0 1.0 1.0 1.0 1.0 1.0 1.0 1.0 1.0 1.0 1.0 1.0 1.0 1.0 1.0 1.0 1.0 1.0 1.0 1.0 1.0 1.0 1.0 0.883 1.074 1.175 1.037 0.862 1.287 1.104 1.02 0.786 0.819 0.838 0.953 0.837 0.768 1.14 0.971 0.747 1.008 0.763 1.055 0.912 0.907 0.833 0.912 0.742 1.192 0.955 1.189 1.038 0.626 0.799 1.407 0.892 1.207 0.726 1.193 1.23 1.023 1.329 0.794 0.834 0.806 1.215 0.457 1.137 0.834 0.929 1.194 0.668 1.165 0.845 0.814 0.7 0.787 0.707 1.233 0.833 0.64 1.324 0.704 0.812 1.052 1.121 0.526 1.096 0.883 1.075 1.019 0.713 1.022 0.788 0.908 1.01 1.163 0.668 1.116 1.089 1.016 0.577 1.07 0.835 1.045 0.703 0.604 0.698 1.0 1.091 1.232 0.803 0.784 1.0 0.892 0.701 0.71 1.049 1.0 0.887 1.491 0.882 0.719 1.0 0.737 0.612 0.721 0.759 1.0 0.755 0.626 0.807 1.0 1.0 1.186 0.784 0.785 1.0 1.0 0.781 0.774 0.77 1.0 1.0 0.954 0.694 0.78 1.0 1.0 1.13 0.62 0.63 1.0 1.0 1.045 0.691 0.899 1.0 1.0 0.784 0.675 0.78 1.0 1.0 0.677 0.892 0.694 1.0 1.0 0.694 0.61 1.0 1.0 1.0 1.219 0.672 1.0 1.0 1.0 0.763 0.626 1.0 1.0 1.0 0.72 0.654 1.0 1.0 1.0 1.126 1.785 1.0 1.0 1.0 0.692 1.0 1.0 1.0 1.0 0.689 1.0 1.0 1.0 1.0 1.075 1.0 1.0 1.0 1.0 0.768 1.0 1.0 1.0 1.0 0.716 1.0 1.0 1.0 1.0 0.768 1.0 1.0 1.0 1.0 0.984 1.0 1.0 1.0 1.0 0.706 1.0 1.0 1.0 1.0 0.824 1.0 1.0 1.0 1.0 0.811 1.0 1.0 1.0 1.0 0.906 1.0 1.0 1.0 1.0 0.693 1.0 1.0 1.0 1.0 2.207 1.0 1.0 1.0 1.0 1.637 1.0 1.0 1.0 1.0 0.779 1.0 1.0 1.0 1.0 1.0 1.0 1.0 1.0 1.0 1.0 1.0 1.0 1.0 1.0 1.0 1.0 1.0 1.0 1.0 1.0 1.0 1.0 1.0 1.0 1.0 1.0 1.0 1.0 1.0 1.0 1.0 1.0 1.0 1.0 1.0 1.0 1.0 1.0 1.0 1.0 1.0 1.0 1.0 1.0 1.0 1.0 1.0 1.0 1.0 1.0 1.0 1.0 1.0 1.0 1.0 1.0 1.0 1.0 1.0 1.0 1.0 1.0 1.0 1.0 1.0 1.0 1.0 1.0 1.0 1.0 1.0 1.0 1.0 1.0 1.0 1.0 1.0 1.0 1.0 1.0 1.0 1.0 1.0 1.0 1.0 1.0 1.0 1.0 1.0 1.0 1.0 1.0 1.0 1.0 1.0 1.0 1.0 1.0 1.0 1.0 1.0 1.0 1.0 1.0 1.0 1.0 1.0 1.0 1.0 1.0 1.0 1.0 1.0 1.0 1.0 1.0 1.0 1.0 1.0 1.0 1.0 1.0 1.0 1.0 1.0 1.0 1.0 1.0 1.0 1.0 1.0 1.0 1.0 1.0 1.0 1.0 1.0 1.0 1.206 1.005 0.813 1.161 0.828 1.125 1.096 1.259 1.041 0.767 1.323 1.341 1.026 1.242 1.192 1.152 0.895 1.238 1.261 0.928 1.335 0.99 1.23 1.017 0.884 1.289 1.205 1.012 1.289 1.206 1.285 1.066 0.943 0.7 0.662 1.22 0.868 0.978 0.984 1.262 0.885 0.97 1.064 1.296 0.531 0.918 1.02 1.055 0.904 1.134 1.029 1.246 1.288 1.116 1.173 0.915 0.666 1.046 1.14 0.548 1.062 1.196 1.063 0.688 0.749 0.879 1.111 0.695 1.231 0.873 1.52 1.419 0.793 1.308 0.831 0.637 0.805 0.771 1.103 0.832 1.06 0.824 0.859 1.338 0.911 0.588 0.918 0.691 1.259 0.879 0.789 0.589 0.881 0.644 0.98 1.0 0.62 0.773 0.884 1.38 0.701 0.732 1.387 1.223 0.683 0.798 0.874 1.0 0.949 0.981 0.754 0.693 1.0 0.669 0.641 0.692 0.734 1.0 1.316 1.0 0.669 1.489 1.0 1.539 1.0 0.684 0.73 1.0 0.716 1.0 0.684 1.225 1.0 1.088 1.0 0.751 0.965 1.0 0.677 1.0 1.004 0.79 1.0 0.901 1.0 1.118 1.302 1.0 0.788 1.0 0.716 0.798 1.0 0.653 1.0 1.191 0.754 1.0 1.0 1.0 0.728 0.741 1.0 1.0 1.0 0.752 0.736 1.0 1.0 1.0 1.021 0.671 1.0 1.0 1.0 1.095 0.7 1.0 1.0 1.0 0.858 0.701 1.0 1.0 1.0 1.052 0.994 1.0 1.0 1.0 0.972 1.0 1.0 1.0 1.0 0.763 1.0 1.0 1.0 1.0 0.783 1.0 1.0 1.0 1.0 0.746 1.0 1.0 1.0 1.0 0.798 1.0 1.0 1.0 1.0 0.695 1.0 1.0 1.0 1.0 0.894 1.0 1.0 1.0 1.0 0.967 1.0 1.0 1.0 1.0 1.121 1.0 1.0 1.0 1.0 0.927 1.0 1.0 1.0 1.0 0.747 1.0 1.0 1.0 1.0 0.811 1.0 1.0 1.0 1.0 1.57 1.0 1.0 1.0 1.0 0.616 1.0 1.0 1.0 1.0 1.0 1.0 1.0 1.0 1.0 1.0 1.0 1.0 1.0 1.0 1.0 1.0 1.0 1.0 1.0 1.0 1.0 1.0 1.0 1.0 1.0 1.0 1.0 1.0 1.0 1.0 1.0 1.0 1.0 1.0 1.0 1.0 1.0 1.0 1.0 1.0 1.0 1.0 1.0 1.0 1.0 1.0 1.0 1.0 1.0 1.0 1.0 1.0 1.0 1.0 1.0 1.0 1.0 1.0 1.0 1.0 1.0 1.0 1.0 1.0 1.0 1.0 1.0 1.0 1.0 1.0 1.0 1.0 1.0 1.0 1.0 1.0 1.0 1.0 1.0 1.0 1.0 1.0 1.0 1.0 1.0 1.0 1.0 1.0 1.0 1.0 1.0 1.0 1.0 1.0 1.0 1.0 1.0 1.0 1.0 1.0 1.0 1.0 1.0 1.0 1.0 1.0 1.0 1.0 1.0 1.0 1.0 1.0 1.0 1.0 1.0 1.0 1.0 1.0 1.0 1.0 1.0 1.0 1.0 1.0 1.206 0.921 0.813 1.161 1.139 0.829 1.096 1.204 0.852 0.762 1.142 0.882 1.028 0.844 1.064 0.811 0.879 1.315 0.911 1.279 0.928 1.232 0.821 1.252 0.869 0.993 1.0 1.254 0.703 1.321 1.228 1.27 1.229 1.304 0.723 0.608 1.233 1.301 1.306 1.416 1.297 1.074 1.308 1.204 1.332 1.143 1.043 0.721 1.286 1.292 1.273 1.224 0.917 1.287 1.297 1.265 1.294 1.162 1.322 1.409 1.174 1.191 0.833 1.118 1.298 1.297 1.291 1.298 1.32 0.888 1.287 1.347 1.248 1.307 1.301 0.875 1.302 1.237 1.266 0.744 1.362 0.644 1.293 0.84 1.303 1.265 1.304 0.759 1.316 0.878 0.67 1.252 1.297 0.857 1.26 1.202 1.196 1.146 0.777 1.3 1.378 0.745 1.358 1.237 1.304 0.81 1.124 1.165 0.803 0.787 1.328 1.407 1.218 0.891 1.278 1.185 0.963 1.148 1.268 0.843 1.181 0.99 0.822 1.317 0.803 1.069 1.278 1.005 0.92 0.872 1.44 0.944 0.979 1.17 1.423 1.141 0.999 1.085 1.127 1.229 0.744 1.365 0.883 0.657 0.717 0.652 1.0 0.872 0.626 1.0 0.694 1.0 0.804 1.0 1.0 0.739 1.0 0.816 1.0 1.0 0.774 1.0 1.241 1.0 1.0 0.985 1.0 1.256 1.0 1.0 2.054 1.0 1.385 1.0 1.0 0.719 1.0 0.889 1.0 1.0 1.988 1.0 0.767 1.0 1.0 0.771 1.0 0.755 1.0 1.0 0.861 1.0 0.751 1.0 1.0 0.764 1.0 0.746 1.0 1.0 1.0 1.0 0.643 1.0 1.0 1.0 1.0 1.472 1.0 1.0 1.0 1.0 1.291 1.0 1.0 1.0 1.0 1.121 1.0 1.0 1.0 1.0 1.012 1.0 1.0 1.0 1.0 0.987 1.0 1.0 1.0 1.0 0.911 1.0 1.0 1.0 1.0 1.013 1.0 1.0 1.0 1.0 1.329 1.0 1.0 1.0 1.0 1.316 1.0 1.0 1.0 1.0 0.847 1.0 1.0 1.0 1.0 0.762 1.0 1.0 1.0 1.0 0.695 1.0 1.0 1.0 1.0 1.056 1.0 1.0 1.0 1.0 0.911 1.0 1.0 1.0 1.0 0.946 1.0 1.0 1.0 1.0 1.033 1.0 1.0 1.0 1.0 1.033 1.0 1.0 1.0 1.0 0.611 1.0 1.0 1.0 1.0 0.87 1.0 1.0 1.0 1.0 1.032 1.0 1.0 1.0 1.0 1.353 1.0 1.0 1.0 1.0 0.623 1.0 1.0 1.0 1.0 0.664 1.0 1.0 1.0 1.0 0.694 1.0 1.0 1.0 1.0 0.686 1.0 1.0 1.0 1.0 0.975 1.0 1.0 1.0 1.0 0.649 1.0 1.0 1.0 1.0 1.078 1.0 1.0 1.0 1.0 0.755 1.0 1.0 1.0 1.0 1.288 1.0 1.0 1.0 1.0 0.64 1.0 1.0 1.0 1.0 0.795 1.0 1.0 1.0 1.0 0.697 1.0 1.0 1.0 1.0 0.692 1.0 1.0 1.0 1.0 0.709 1.0 1.0 1.084 1.209 0.867 1.121 1.05 1.296 1.091 1.205 0.77 1.186 0.825 0.902 1.044 0.75 1.281 1.141 1.213 1.294 0.831 0.809 0.866 1.057 0.713 0.914 0.927 1.233 1.253 0.839 1.238 0.841 0.947 0.787 0.84 1.315 0.962 0.928 1.139 1.085 1.251 1.308 0.971 1.223 1.319 1.329 0.793 1.296 1.338 1.192 1.237 1.395 1.314 0.805 1.242 0.624 1.11 0.889 1.065 1.315 1.109 1.418 1.301 1.113 0.656 1.587 0.723 1.021 1.231 1.418 1.448 0.995 0.92 1.443 1.017 0.996 1.465 1.02 1.241 0.981 1.586 1.106 1.164 1.393 1.306 0.609 0.897 1.072 1.0 1.489 1.436 1.299 0.814 1.0 0.912 1.333 0.752 0.86 1.0 0.833 0.834 0.758 0.736 1.0 0.806 0.666 1.284 1.173 1.0 0.67 1.117 0.8 1.179 1.0 0.781 1.653 1.074 1.098 1.0 0.984 0.732 1.046 1.137 1.0 0.843 0.725 1.227 0.765 1.0 0.884 0.72 0.674 1.073 1.0 0.893 1.136 0.685 0.985 1.0 0.743 0.97 0.691 1.037 1.0 0.697 0.968 0.904 1.027 1.0 0.767 0.729 0.928 1.052 1.0 0.827 0.951 0.642 0.855 1.0 0.864 1.135 1.0 1.01 1.0 0.683 1.083 1.0 1.042 1.0 0.745 0.964 1.0 0.773 1.0 0.775 0.808 1.0 0.869 1.0 1.0 1.108 1.0 0.809 1.0 1.0 0.938 1.0 0.713 1.0 1.0 0.989 1.0 0.725 1.0 1.0 1.321 1.0 0.792 1.0 1.0 1.295 1.0 0.675 1.0 1.0 0.745 1.0 0.671 1.0 1.0 0.743 1.0 0.657 1.0 1.0 0.722 1.0 0.696 1.0 1.0 0.809 1.0 1.0 1.0 1.0 0.769 1.0 1.0 1.0 1.0 0.793 1.0 1.0 1.0 1.0 0.67 1.0 1.0 1.0 1.0 1.0 1.0 1.0 1.0 1.0 1.0 1.0 1.0 1.0 1.0 1.0 1.0 1.0 1.0 1.0 1.0 1.0 1.0 1.0 1.0 1.0 1.0 1.0 1.0 1.0 1.0 1.0 1.0 1.0 1.0 1.0 1.0 1.0 1.0 1.0 1.0 1.0 1.0 1.0 1.0 1.0 1.0 1.0 1.0 1.0 1.0 1.0 1.0 1.0 1.0 1.0 1.0 1.0 1.0 1.0 1.0 1.0 1.0 1.0 1.0 1.0 1.0 1.0 1.0 1.0 1.0 1.0 1.0 1.0 1.0 1.0 1.0 1.0 1.0 1.0 1.0 1.0 1.0 1.0 1.0 1.0 1.0 1.0 1.0 1.0 1.0 1.0 1.0 1.0 1.0 1.0 1.0 1.0 1.0 1.0 1.0 1.0 1.0 1.0 1.0 1.0 1.0 1.0 1.0 1.0 1.0 1.0 1.0 1.0 1.0 1.0 1.0 1.0 1.0 1.0 1.0 1.0 1.0 1.0 1.0 1.0 1.0 1.0 1.0 1.0 1.0 1.0 1.0 1.0 1.0 1.0 1.0 1.0 1.0 1.0 1.0 1.0 1.0 1.0 1.0 1.0 1.0 0.865 1.005 1.154 0.883 1.05 0.969 1.294 1.25 0.857 1.159 1.11 1.319 0.819 1.018 1.304 0.804 0.876 0.728 0.684 0.822 1.336 1.32 1.326 1.221 1.15 0.803 0.797 0.734 0.497 0.785 0.968 0.932 1.322 0.874 0.825 0.979 0.841 0.948 0.756 1.004 0.812 0.772 0.921 1.353 0.746 1.074 0.978 1.232 0.787 1.203 0.795 0.998 0.952 0.872 1.294 0.743 1.005 0.975 0.774 0.766 1.159 0.685 1.141 1.0 1.156 0.793 1.162 1.077 1.0 1.261 0.968 0.738 1.182 1.0 0.707 0.638 1.018 1.151 1.0 1.169 0.865 1.11 1.002 1.0 1.055 1.027 0.694 0.979 1.0 0.786 0.742 1.068 0.839 1.0 0.711 1.07 1.002 0.806 1.0 0.742 1.066 0.994 1.196 1.0 0.745 1.097 1.072 1.084 1.0 0.734 0.727 1.097 0.771 1.0 0.754 0.887 1.137 0.77 1.0 1.569 0.952 0.632 1.082 1.0 0.938 0.997 1.123 0.777 1.0 0.719 0.692 0.918 1.265 1.0 0.725 0.723 0.629 0.779 1.0 1.0 0.68 0.826 1.072 1.0 1.0 0.83 1.345 1.228 1.0 1.0 1.018 1.059 1.23 1.0 1.0 1.054 0.731 0.716 1.0 1.0 0.663 0.907 0.778 1.0 1.0 0.653 0.89 1.309 1.0 1.0 1.0 0.684 1.322 1.0 1.0 1.0 1.242 1.257 1.0 1.0 1.0 0.683 0.754 1.0 1.0 1.0 0.721 1.152 1.0 1.0 1.0 0.71 0.86 1.0 1.0 1.0 0.703 0.889 1.0 1.0 1.0 0.765 1.047 1.0 1.0 1.0 0.712 0.725 1.0 1.0 1.0 0.694 0.688 1.0 1.0 1.0 1.031 0.703 1.0 1.0 1.0 0.901 0.68 1.0 1.0 1.0 0.672 0.7 1.0 1.0 1.0 1.08 0.672 1.0 1.0 1.0 0.903 0.597 1.0 1.0 1.0 1.017 0.626 1.0 1.0 1.0 0.724 1.0 1.0 1.0 1.0 0.647 1.0 1.0 1.0 1.0 0.666 1.0 1.0 1.0 1.0 0.776 1.0 1.0 1.0 1.0 0.657 1.0 1.0 1.0 1.0 0.668 1.0 1.0 1.0 1.0 0.696 1.0 1.0 1.0 1.0 0.725 1.0 1.0 1.0 1.0 0.73 1.0 1.0 1.0 1.0 0.701 1.0 1.0 1.0 1.0 0.691 1.0 1.0 1.0 1.0 1.0 1.0 1.0 1.0 1.0 1.0 1.0 1.0 1.0 1.0 1.0 1.0 1.0 1.0 1.0 1.0 1.0 1.0 1.0 1.0 1.0 1.0 1.0 1.0 1.0 1.0 1.0 1.0 1.0 1.0 1.0 1.0 1.0 1.0 1.0 1.0 1.0 1.0 1.0 1.0 1.0 1.0 1.0 1.0 1.0 1.0 1.0 1.0 1.0 1.0 1.0 1.0 1.0 1.0 1.0 1.0 1.0 1.0 1.0 1.0 1.0 1.0 1.0 1.0 1.0 1.0 1.0 1.0 1.0 1.0 1.0 1.0 1.0 1.0 1.0 1.0 1.0 1.0 1.0 1.206 1.209 1.036 1.161 0.828 1.117 1.296 1.231 1.241 1.207 1.328 0.901 0.82 1.29 1.205 0.81 0.856 1.043 0.722 0.826 0.924 1.175 1.21 0.975 1.106 0.82 1.148 0.942 1.199 0.799 1.259 0.484 1.067 0.736 1.233 0.993 1.152 0.739 0.96 1.076 1.145 1.262 1.327 1.13 1.14 0.966 1.315 1.329 1.283 0.806 0.783 1.133 1.216 1.191 1.325 1.08 0.646 1.12 0.971 1.22 1.249 1.329 1.374 1.356 1.025 1.252 0.483 1.413 1.113 1.332 1.105 1.516 0.677 0.859 0.836 1.267 1.237 0.681 1.419 0.819 1.043 0.986 1.254 1.312 1.0 1.37 0.627 1.277 1.478 1.0 1.434 1.313 1.27 0.647 1.0 0.879 1.178 1.305 1.377 1.0 1.094 0.655 1.359 0.652 1.0 1.072 1.293 1.098 1.205 1.0 0.824 1.135 0.928 0.971 1.0 1.087 1.48 1.45 0.709 1.0 1.115 1.485 0.868 1.09 1.0 1.304 0.977 0.738 1.001 1.0 1.259 1.501 1.142 1.045 1.0 1.186 0.834 0.765 0.723 1.0 0.979 1.564 1.18 0.881 1.0 1.201 0.557 1.115 0.653 1.0 1.139 0.793 1.144 0.863 1.0 0.703 1.179 0.804 0.995 1.0 0.711 1.297 1.096 0.752 1.0 0.712 1.016 0.759 1.0 1.0 0.725 0.606 0.883 1.0 1.0 0.697 0.683 1.0 1.0 1.0 0.664 0.653 1.0 1.0 1.0 0.63 0.694 1.0 1.0 1.0 1.068 0.699 1.0 1.0 1.0 0.736 0.709 1.0 1.0 1.0 1.202 0.697 1.0 1.0 1.0 1.221 1.0 1.0 1.0 1.0 0.957 1.0 1.0 1.0 1.0 1.325 1.0 1.0 1.0 1.0 0.766 1.0 1.0 1.0 1.0 0.889 1.0 1.0 1.0 1.0 1.117 1.0 1.0 1.0 1.0 0.753 1.0 1.0 1.0 1.0 0.81 1.0 1.0 1.0 1.0 1.0 1.0 1.0 1.0 1.0 1.0 1.0 1.0 1.0 1.0 1.0 1.0 1.0 1.0 1.0 1.0 1.0 1.0 1.0 1.0 1.0 1.0 1.0 1.0 1.0 1.0 1.0 1.0 1.0 1.0 1.0 1.0 1.0 1.0 1.0 1.0 1.0 1.0 1.0 1.0 1.0 1.0 1.0 1.0 1.0 1.0 1.0 1.0 1.0 1.0 1.0 1.0 1.0 1.0 1.0 1.0 1.0 1.0 1.0 1.0 1.0 1.0 1.0 1.0 1.0 1.0 1.0 1.0 1.0 1.0 1.0 1.0 1.0 1.0 1.0 1.0 1.0 1.0 1.0 1.0 1.0 1.0 1.0 1.0 1.0 1.0 1.0 1.0 1.0 1.0 1.0 1.0 1.0 1.0 1.0 1.0 1.0 1.0 1.0 1.0 1.0 1.0 1.0 1.0 1.0 1.0 1.0 1.0 1.0 1.0 1.0 1.0 1.0 1.0 1.0 1.0 1.0 1.0 1.0 1.0 1.0 1.0 1.0 1.0 1.0 1.0 1.0 1.0 1.0 1.0 1.0 1.0 1.0 1.0 1.0 0.865 0.921 1.154 1.161 0.828 1.289 1.103 1.255 0.774 1.22 0.82 0.743 1.032 1.157 1.236 0.92 0.735 1.287 0.76 1.057 0.958 1.338 1.283 0.888 0.866 0.968 0.876 0.711 1.041 1.135 0.973 0.938 1.289 1.075 0.926 1.16 0.888 0.699 1.241 1.212 0.854 1.012 0.869 1.368 1.11 0.712 0.842 1.045 1.333 1.21 1.346 1.006 1.081 1.333 1.085 1.04 0.972 0.867 1.363 0.558 0.611 1.16 0.918 1.463 1.224 1.334 0.884 0.868 0.854 1.443 0.806 1.28 0.986 0.952 0.617 1.314 1.317 0.959 1.0 1.216 0.854 1.255 1.326 1.0 1.298 0.867 1.167 0.829 1.0 1.29 1.155 1.232 1.193 1.0 1.483 0.893 0.897 0.964 1.0 0.733 1.05 0.612 1.309 1.0 0.831 0.976 0.628 1.137 1.0 0.89 1.165 0.835 0.678 1.0 0.874 1.393 0.879 1.066 1.0 1.91 0.983 0.882 0.993 1.0 1.05 0.877 1.246 1.11 1.0 0.731 1.422 0.881 1.087 1.0 1.993 0.837 0.94 1.108 1.0 0.944 1.095 1.095 0.825 1.0 0.672 0.883 0.849 0.728 1.0 0.815 0.984 0.798 0.757 1.0 0.792 0.995 1.451 0.881 1.0 0.656 1.0 0.984 1.154 1.0 0.784 1.0 1.068 0.82 1.0 0.701 1.0 0.77 0.879 1.0 0.682 1.0 0.917 0.713 1.0 0.726 1.0 0.86 0.787 1.0 0.744 1.0 0.823 0.7 1.0 0.711 1.0 0.718 1.388 1.0 2.389 1.0 1.0 0.703 1.0 0.642 1.0 1.0 0.71 1.0 0.66 1.0 1.0 1.024 1.0 1.0 1.0 1.0 0.731 1.0 1.0 1.0 1.0 0.775 1.0 1.0 1.0 1.0 1.957 1.0 1.0 1.0 1.0 1.0 1.0 1.0 1.0 1.0 1.0 1.0 1.0 1.0 1.0 1.0 1.0 1.0 1.0 1.0 1.0 1.0 1.0 1.0 1.0 1.0 1.0 1.0 1.0 1.0 1.0 1.0 1.0 1.0 1.0 1.0 1.0 1.0 1.0 1.0 1.0 1.0 1.0 1.0 1.0 1.0 1.0 1.0 1.0 1.0 1.0 1.0 1.0 1.0 1.0 1.0 1.0 1.0 1.0 1.0 1.0 1.0 1.0 1.0 1.0 1.0 1.0 1.0 1.0 1.0 1.0 1.0 1.0 1.0 1.0 1.0 1.0 1.0 1.0 1.0 1.0 1.0 1.0 1.0 1.0 1.0 1.0 1.0 1.0 1.0 1.0 1.0 1.0 1.0 1.0 1.0 1.0 1.0 1.0 1.0 1.0 1.0 1.0 1.0 1.0 1.0 1.0 1.0 1.0 1.0 1.0 1.0 1.0 1.0 1.0 1.0 1.0 1.0 1.0 1.0 1.0 1.0 1.0 1.0 1.0 1.0 1.0 1.0 1.0 1.0 1.0 1.0 1.0 1.0 1.0 1.0 1.0 1.0 1.0 1.0 1.0 1.0 1.0 1.0 1.0 1.0 1.0 1.0 1.0 1.0 1.0 1.0 1.0 1.0 1.0 1.0 1.0 1.0,2.389253,1.3892529,0.4572392,0.3,0.7207556366920471,0.0003,5,5.2598643
80,0.246353879570961,0.9930034,0.977 1.001 0.865 1.04 0.859 1.108 1.283 1.253 0.773 0.769 0.952 1.312 1.03 1.237 0.911 1.322 0.714 0.691 1.022 0.786 0.86 1.014 1.002 1.238 1.052 0.856 0.705 1.295 0.955 1.009 0.937 0.711 1.006 0.814 1.079 0.926 1.046 1.27 1.251 1.171 1.064 1.021 0.884 0.588 0.686 0.881 0.718 1.14 1.248 1.138 1.236 0.719 1.166 1.258 0.908 1.03 0.877 1.173 1.219 1.146 0.957 1.107 0.811 1.297 1.0 1.196 1.064 0.711 0.649 1.0 1.119 1.051 1.116 1.249 1.0 1.371 1.481 1.019 1.115 1.0 1.211 1.006 1.366 0.979 1.0 1.105 0.962 1.036 0.642 1.0 0.997 0.659 0.985 1.086 1.0 0.951 0.933 0.842 0.72 1.0 1.349 0.656 0.748 1.175 1.0 0.884 0.859 1.0 0.726 1.0 0.772 0.815 1.0 0.783 1.0 0.752 1.151 1.0 0.809 1.0 0.744 1.114 1.0 0.84 1.0 0.971 1.129 1.0 0.703 1.0 0.758 1.076 1.0 0.652 1.0 0.918 0.69 1.0 1.205 1.0 1.198 1.057 1.0 0.975 1.0 0.701 0.663 1.0 0.899 1.0 0.709 0.892 1.0 0.768 1.0 1.071 0.935 1.0 1.111 1.0 1.689 0.789 1.0 0.869 1.0 1.0 0.965 1.0 1.045 1.0 1.0 0.929 1.0 0.792 1.0 1.0 0.957 1.0 0.911 1.0 1.0 0.613 1.0 0.787 1.0 1.0 0.707 1.0 0.708 1.0 1.0 0.744 1.0 1.0 1.0 1.0 2.179 1.0 1.0 1.0 1.0 0.729 1.0 1.0 1.0 1.0 0.701 1.0 1.0 1.0 1.0 0.696 1.0 1.0 1.0 1.0 0.7 1.0 1.0 1.0 1.0 0.665 1.0 1.0 1.0 1.0 0.813 1.0 1.0 1.0 1.0 1.0 1.0 1.0 1.0 1.0 1.0 1.0 1.0 1.0 1.0 1.0 1.0 1.0 1.0 1.0 1.0 1.0 1.0 1.0 1.0 1.0 1.0 1.0 1.0 1.0 1.0 1.0 1.0 1.0 1.0 1.0 1.0 1.0 1.0 1.0 1.0 1.0 1.0 1.0 1.0 1.0 1.0 1.0 1.0 1.0 1.0 1.0 1.0 1.0 1.0 1.0 1.0 1.0 1.0 1.0 1.0 1.0 1.0 1.0 1.0 1.0 1.0 1.0 1.0 1.0 1.0 1.0 1.0 1.0 1.0 1.0 1.0 1.0 1.0 1.0 1.0 1.0 1.0 1.0 1.0 1.0 1.0 1.0 1.0 1.0 1.0 1.0 1.0 1.0 1.0 1.0 1.0 1.0 1.0 1.0 1.0 1.0 1.0 1.0 1.0 1.0 1.0 1.0 1.0 1.0 1.0 1.0 1.0 1.0 1.0 1.0 1.0 1.0 1.0 1.0 1.0 1.0 1.0 1.0 1.0 1.0 1.0 1.0 1.0 1.0 1.0 1.0 1.0 1.0 1.0 1.0 1.0 1.0 1.0 1.0 1.0 1.0 1.0 1.0 1.0 1.0 1.0 1.0 1.0 1.0 1.0 1.0 1.0 1.0 0.88 1.079 1.174 1.04 0.859 1.289 1.112 1.025 0.786 0.815 0.832 0.945 0.833 0.77 1.136 0.967 0.748 1.014 0.765 1.058 0.909 0.902 0.829 0.915 0.743 1.192 0.961 1.185 1.037 0.626 0.801 1.411 0.894 1.212 0.725 1.192 1.231 1.022 1.327 0.797 0.838 0.807 1.212 0.455 1.134 0.838 0.93 1.198 0.667 1.163 0.849 0.816 0.699 0.789 0.709 1.235 0.835 0.637 1.327 0.705 0.802 1.054 1.121 0.525 1.099 0.878 1.073 1.014 0.714 1.016 0.783 0.902 1.008 1.159 0.667 1.115 1.09 1.017 0.576 1.065 0.831 1.046 0.703 0.603 0.698 1.0 1.088 1.233 0.798 0.785 1.0 0.888 0.7 0.711 1.047 1.0 0.882 1.493 0.88 0.713 1.0 0.736 0.611 0.722 0.76 1.0 0.753 0.619 0.804 1.0 1.0 1.189 0.782 0.783 1.0 1.0 0.78 0.773 0.767 1.0 1.0 0.941 0.692 0.776 1.0 1.0 1.135 0.617 0.628 1.0 1.0 1.032 0.691 0.89 1.0 1.0 0.782 0.672 0.779 1.0 1.0 0.674 0.883 0.691 1.0 1.0 0.688 0.603 1.0 1.0 1.0 1.217 0.672 1.0 1.0 1.0 0.763 0.625 1.0 1.0 1.0 0.72 0.654 1.0 1.0 1.0 1.13 1.786 1.0 1.0 1.0 0.692 1.0 1.0 1.0 1.0 0.689 1.0 1.0 1.0 1.0 1.078 1.0 1.0 1.0 1.0 0.762 1.0 1.0 1.0 1.0 0.711 1.0 1.0 1.0 1.0 0.764 1.0 1.0 1.0 1.0 0.985 1.0 1.0 1.0 1.0 0.707 1.0 1.0 1.0 1.0 0.821 1.0 1.0 1.0 1.0 0.809 1.0 1.0 1.0 1.0 0.898 1.0 1.0 1.0 1.0 0.693 1.0 1.0 1.0 1.0 2.215 1.0 1.0 1.0 1.0 1.638 1.0 1.0 1.0 1.0 0.78 1.0 1.0 1.0 1.0 1.0 1.0 1.0 1.0 1.0 1.0 1.0 1.0 1.0 1.0 1.0 1.0 1.0 1.0 1.0 1.0 1.0 1.0 1.0 1.0 1.0 1.0 1.0 1.0 1.0 1.0 1.0 1.0 1.0 1.0 1.0 1.0 1.0 1.0 1.0 1.0 1.0 1.0 1.0 1.0 1.0 1.0 1.0 1.0 1.0 1.0 1.0 1.0 1.0 1.0 1.0 1.0 1.0 1.0 1.0 1.0 1.0 1.0 1.0 1.0 1.0 1.0 1.0 1.0 1.0 1.0 1.0 1.0 1.0 1.0 1.0 1.0 1.0 1.0 1.0 1.0 1.0 1.0 1.0 1.0 1.0 1.0 1.0 1.0 1.0 1.0 1.0 1.0 1.0 1.0 1.0 1.0 1.0 1.0 1.0 1.0 1.0 1.0 1.0 1.0 1.0 1.0 1.0 1.0 1.0 1.0 1.0 1.0 1.0 1.0 1.0 1.0 1.0 1.0 1.0 1.0 1.0 1.0 1.0 1.0 1.0 1.0 1.0 1.0 1.0 1.0 1.0 1.0 1.0 1.0 1.0 1.0 1.0 1.0 1.208 1.001 0.813 1.16 0.828 1.133 1.104 1.258 1.046 0.768 1.326 1.343 1.031 1.239 1.192 1.162 0.89 1.237 1.258 0.931 1.337 0.982 1.229 1.023 0.886 1.302 1.217 1.018 1.285 1.203 1.288 1.074 0.94 0.701 0.661 1.231 0.868 0.976 0.99 1.26 0.877 0.969 1.062 1.296 0.53 0.914 1.014 1.054 0.907 1.134 1.034 1.249 1.295 1.117 1.174 0.921 0.668 1.046 1.144 0.547 1.069 1.194 1.058 0.687 0.751 0.87 1.109 0.696 1.232 0.872 1.534 1.425 0.791 1.307 0.834 0.626 0.795 0.773 1.101 0.834 1.053 0.814 0.858 1.337 0.905 0.586 0.916 0.686 1.259 0.875 0.791 0.589 0.88 0.643 0.976 0.995 0.621 0.775 0.886 1.38 0.7 0.733 1.383 1.225 0.683 0.789 0.873 1.0 0.949 0.981 0.756 0.693 1.0 0.669 0.64 0.683 0.736 1.0 1.319 1.0 0.668 1.494 1.0 1.538 1.0 0.684 0.732 1.0 0.715 1.0 0.684 1.218 1.0 1.088 1.0 0.752 0.962 1.0 0.675 1.0 1.008 0.789 1.0 0.896 1.0 1.121 1.304 1.0 0.787 1.0 0.708 0.797 1.0 0.653 1.0 1.197 0.756 1.0 1.0 1.0 0.726 0.74 1.0 1.0 1.0 0.743 0.735 1.0 1.0 1.0 1.021 0.671 1.0 1.0 1.0 1.1 0.701 1.0 1.0 1.0 0.857 0.701 1.0 1.0 1.0 1.052 0.991 1.0 1.0 1.0 0.972 1.0 1.0 1.0 1.0 0.757 1.0 1.0 1.0 1.0 0.78 1.0 1.0 1.0 1.0 0.743 1.0 1.0 1.0 1.0 0.798 1.0 1.0 1.0 1.0 0.697 1.0 1.0 1.0 1.0 0.881 1.0 1.0 1.0 1.0 0.955 1.0 1.0 1.0 1.0 1.106 1.0 1.0 1.0 1.0 0.922 1.0 1.0 1.0 1.0 0.747 1.0 1.0 1.0 1.0 0.814 1.0 1.0 1.0 1.0 1.561 1.0 1.0 1.0 1.0 0.616 1.0 1.0 1.0 1.0 1.0 1.0 1.0 1.0 1.0 1.0 1.0 1.0 1.0 1.0 1.0 1.0 1.0 1.0 1.0 1.0 1.0 1.0 1.0 1.0 1.0 1.0 1.0 1.0 1.0 1.0 1.0 1.0 1.0 1.0 1.0 1.0 1.0 1.0 1.0 1.0 1.0 1.0 1.0 1.0 1.0 1.0 1.0 1.0 1.0 1.0 1.0 1.0 1.0 1.0 1.0 1.0 1.0 1.0 1.0 1.0 1.0 1.0 1.0 1.0 1.0 1.0 1.0 1.0 1.0 1.0 1.0 1.0 1.0 1.0 1.0 1.0 1.0 1.0 1.0 1.0 1.0 1.0 1.0 1.0 1.0 1.0 1.0 1.0 1.0 1.0 1.0 1.0 1.0 1.0 1.0 1.0 1.0 1.0 1.0 1.0 1.0 1.0 1.0 1.0 1.0 1.0 1.0 1.0 1.0 1.0 1.0 1.0 1.0 1.0 1.0 1.0 1.0 1.0 1.0 1.0 1.0 1.0 1.0 1.0 1.208 0.919 0.813 1.16 1.137 0.83 1.103 1.204 0.848 0.762 1.151 0.877 1.034 0.84 1.071 0.812 0.874 1.313 0.913 1.28 0.931 1.236 0.817 1.255 0.87 0.99 0.994 1.252 0.702 1.324 1.233 1.273 1.227 1.301 0.722 0.608 1.234 1.3 1.303 1.418 1.3 1.084 1.307 1.208 1.331 1.154 1.054 0.721 1.289 1.294 1.274 1.222 0.915 1.292 1.296 1.264 1.298 1.168 1.321 1.41 1.17 1.191 0.831 1.12 1.302 1.298 1.292 1.297 1.319 0.887 1.285 1.348 1.254 1.306 1.3 0.875 1.301 1.24 1.264 0.745 1.36 0.644 1.294 0.84 1.305 1.265 1.305 0.756 1.314 0.883 0.67 1.254 1.297 0.861 1.262 1.204 1.195 1.15 0.779 1.298 1.377 0.745 1.359 1.238 1.303 0.81 1.125 1.162 0.806 0.788 1.329 1.409 1.222 0.895 1.281 1.185 0.969 1.153 1.267 0.843 1.181 0.996 0.819 1.317 0.803 1.07 1.274 1.007 0.923 0.876 1.436 0.95 0.98 1.169 1.422 1.142 1.007 1.088 1.131 1.225 0.743 1.362 0.878 0.657 0.716 0.651 1.0 0.867 0.625 1.0 0.694 1.0 0.8 1.0 1.0 0.739 1.0 0.818 1.0 1.0 0.774 1.0 1.249 1.0 1.0 0.98 1.0 1.264 1.0 1.0 2.053 1.0 1.385 1.0 1.0 0.718 1.0 0.885 1.0 1.0 1.983 1.0 0.766 1.0 1.0 0.772 1.0 0.755 1.0 1.0 0.862 1.0 0.75 1.0 1.0 0.764 1.0 0.746 1.0 1.0 1.0 1.0 0.639 1.0 1.0 1.0 1.0 1.473 1.0 1.0 1.0 1.0 1.29 1.0 1.0 1.0 1.0 1.121 1.0 1.0 1.0 1.0 1.012 1.0 1.0 1.0 1.0 0.986 1.0 1.0 1.0 1.0 0.909 1.0 1.0 1.0 1.0 1.01 1.0 1.0 1.0 1.0 1.334 1.0 1.0 1.0 1.0 1.322 1.0 1.0 1.0 1.0 0.846 1.0 1.0 1.0 1.0 0.76 1.0 1.0 1.0 1.0 0.693 1.0 1.0 1.0 1.0 1.056 1.0 1.0 1.0 1.0 0.909 1.0 1.0 1.0 1.0 0.944 1.0 1.0 1.0 1.0 1.031 1.0 1.0 1.0 1.0 1.03 1.0 1.0 1.0 1.0 0.608 1.0 1.0 1.0 1.0 0.868 1.0 1.0 1.0 1.0 1.03 1.0 1.0 1.0 1.0 1.358 1.0 1.0 1.0 1.0 0.621 1.0 1.0 1.0 1.0 0.661 1.0 1.0 1.0 1.0 0.692 1.0 1.0 1.0 1.0 0.683 1.0 1.0 1.0 1.0 0.974 1.0 1.0 1.0 1.0 0.647 1.0 1.0 1.0 1.0 1.077 1.0 1.0 1.0 1.0 0.754 1.0 1.0 1.0 1.0 1.291 1.0 1.0 1.0 1.0 0.639 1.0 1.0 1.0 1.0 0.795 1.0 1.0 1.0 1.0 0.695 1.0 1.0 1.0 1.0 0.692 1.0 1.0 1.0 1.0 0.707 1.0 1.0 1.089 1.211 0.865 1.121 1.053 1.297 1.099 1.205 0.77 1.183 0.826 0.897 1.05 0.751 1.283 1.151 1.217 1.291 0.834 0.804 0.867 1.057 0.713 0.918 0.924 1.238 1.255 0.841 1.24 0.843 0.944 0.789 0.842 1.311 0.963 0.932 1.139 1.086 1.258 1.306 0.975 1.224 1.317 1.33 0.796 1.295 1.343 1.199 1.236 1.394 1.313 0.808 1.243 0.623 1.108 0.881 1.066 1.316 1.102 1.416 1.3 1.109 0.656 1.594 0.724 1.028 1.233 1.419 1.447 0.994 0.919 1.45 1.023 0.999 1.465 1.025 1.244 0.986 1.589 1.104 1.162 1.398 1.308 0.608 0.897 1.071 1.0 1.49 1.438 1.3 0.815 1.0 0.912 1.335 0.753 0.857 1.0 0.832 0.836 0.759 0.733 1.0 0.807 0.665 1.287 1.171 1.0 0.67 1.119 0.801 1.18 1.0 0.78 1.654 1.073 1.098 1.0 0.981 0.732 1.043 1.147 1.0 0.844 0.724 1.229 0.763 1.0 0.885 0.72 0.673 1.068 1.0 0.895 1.132 0.684 0.983 1.0 0.734 0.965 0.69 1.036 1.0 0.697 0.963 0.901 1.027 1.0 0.763 0.729 0.927 1.05 1.0 0.824 0.948 0.641 0.853 1.0 0.861 1.139 1.0 1.006 1.0 0.682 1.086 1.0 1.044 1.0 0.745 0.965 1.0 0.773 1.0 0.771 0.808 1.0 0.871 1.0 1.0 1.106 1.0 0.81 1.0 1.0 0.94 1.0 0.712 1.0 1.0 0.989 1.0 0.724 1.0 1.0 1.314 1.0 0.784 1.0 1.0 1.29 1.0 0.674 1.0 1.0 0.745 1.0 0.671 1.0 1.0 0.745 1.0 0.654 1.0 1.0 0.723 1.0 0.696 1.0 1.0 0.803 1.0 1.0 1.0 1.0 0.762 1.0 1.0 1.0 1.0 0.789 1.0 1.0 1.0 1.0 0.671 1.0 1.0 1.0 1.0 1.0 1.0 1.0 1.0 1.0 1.0 1.0 1.0 1.0 1.0 1.0 1.0 1.0 1.0 1.0 1.0 1.0 1.0 1.0 1.0 1.0 1.0 1.0 1.0 1.0 1.0 1.0 1.0 1.0 1.0 1.0 1.0 1.0 1.0 1.0 1.0 1.0 1.0 1.0 1.0 1.0 1.0 1.0 1.0 1.0 1.0 1.0 1.0 1.0 1.0 1.0 1.0 1.0 1.0 1.0 1.0 1.0 1.0 1.0 1.0 1.0 1.0 1.0 1.0 1.0 1.0 1.0 1.0 1.0 1.0 1.0 1.0 1.0 1.0 1.0 1.0 1.0 1.0 1.0 1.0 1.0 1.0 1.0 1.0 1.0 1.0 1.0 1.0 1.0 1.0 1.0 1.0 1.0 1.0 1.0 1.0 1.0 1.0 1.0 1.0 1.0 1.0 1.0 1.0 1.0 1.0 1.0 1.0 1.0 1.0 1.0 1.0 1.0 1.0 1.0 1.0 1.0 1.0 1.0 1.0 1.0 1.0 1.0 1.0 1.0 1.0 1.0 1.0 1.0 1.0 1.0 1.0 1.0 1.0 1.0 1.0 1.0 1.0 1.0 1.0 1.0 1.0 0.866 1.001 1.154 0.881 1.053 0.962 1.295 1.249 0.853 1.155 1.119 1.32 0.815 1.017 1.306 0.806 0.872 0.73 0.683 0.817 1.336 1.32 1.323 1.224 1.145 0.806 0.8 0.736 0.495 0.785 0.974 0.924 1.32 0.868 0.826 0.976 0.845 0.954 0.759 1.003 0.815 0.773 0.917 1.353 0.747 1.072 0.97 1.229 0.79 1.205 0.794 0.991 0.949 0.873 1.296 0.744 1.013 0.98 0.777 0.766 1.157 0.686 1.147 1.0 1.151 0.794 1.159 1.081 1.0 1.261 0.967 0.739 1.181 1.0 0.708 0.639 1.014 1.151 1.0 1.171 0.865 1.12 1.006 1.0 1.056 1.022 0.691 0.977 1.0 0.785 0.745 1.067 0.84 1.0 0.711 1.069 0.999 0.802 1.0 0.742 1.063 0.994 1.204 1.0 0.743 1.097 1.074 1.082 1.0 0.733 0.729 1.105 0.766 1.0 0.754 0.888 1.137 0.766 1.0 1.573 0.956 0.629 1.08 1.0 0.935 1.001 1.12 0.772 1.0 0.719 0.693 0.915 1.261 1.0 0.725 0.725 0.626 0.774 1.0 1.0 0.68 0.822 1.071 1.0 1.0 0.83 1.357 1.237 1.0 1.0 1.013 1.056 1.239 1.0 1.0 1.058 0.729 0.716 1.0 1.0 0.661 0.902 0.773 1.0 1.0 0.653 0.885 1.306 1.0 1.0 1.0 0.683 1.319 1.0 1.0 1.0 1.238 1.254 1.0 1.0 1.0 0.682 0.753 1.0 1.0 1.0 0.716 1.157 1.0 1.0 1.0 0.706 0.86 1.0 1.0 1.0 0.699 0.885 1.0 1.0 1.0 0.76 1.05 1.0 1.0 1.0 0.707 0.723 1.0 1.0 1.0 0.69 0.69 1.0 1.0 1.0 1.03 0.702 1.0 1.0 1.0 0.899 0.679 1.0 1.0 1.0 0.671 0.699 1.0 1.0 1.0 1.084 0.67 1.0 1.0 1.0 0.903 0.596 1.0 1.0 1.0 1.019 0.626 1.0 1.0 1.0 0.717 1.0 1.0 1.0 1.0 0.646 1.0 1.0 1.0 1.0 0.665 1.0 1.0 1.0 1.0 0.769 1.0 1.0 1.0 1.0 0.657 1.0 1.0 1.0 1.0 0.668 1.0 1.0 1.0 1.0 0.696 1.0 1.0 1.0 1.0 0.723 1.0 1.0 1.0 1.0 0.729 1.0 1.0 1.0 1.0 0.7 1.0 1.0 1.0 1.0 0.69 1.0 1.0 1.0 1.0 1.0 1.0 1.0 1.0 1.0 1.0 1.0 1.0 1.0 1.0 1.0 1.0 1.0 1.0 1.0 1.0 1.0 1.0 1.0 1.0 1.0 1.0 1.0 1.0 1.0 1.0 1.0 1.0 1.0 1.0 1.0 1.0 1.0 1.0 1.0 1.0 1.0 1.0 1.0 1.0 1.0 1.0 1.0 1.0 1.0 1.0 1.0 1.0 1.0 1.0 1.0 1.0 1.0 1.0 1.0 1.0 1.0 1.0 1.0 1.0 1.0 1.0 1.0 1.0 1.0 1.0 1.0 1.0 1.0 1.0 1.0 1.0 1.0 1.0 1.0 1.0 1.0 1.0 1.0 1.208 1.211 1.04 1.16 0.828 1.124 1.298 1.231 1.239 1.208 1.33 0.896 0.815 1.288 1.206 0.811 0.856 1.049 0.723 0.828 0.915 1.177 1.213 0.981 1.109 0.82 1.143 0.945 1.197 0.799 1.263 0.483 1.066 0.738 1.237 0.998 1.154 0.741 0.957 1.077 1.147 1.259 1.329 1.135 1.138 0.96 1.316 1.33 1.279 0.811 0.783 1.134 1.219 1.193 1.324 1.074 0.644 1.122 0.967 1.217 1.253 1.328 1.377 1.353 1.024 1.257 0.48 1.416 1.117 1.331 1.1 1.519 0.676 0.862 0.841 1.269 1.235 0.681 1.421 0.823 1.038 0.987 1.252 1.313 1.0 1.373 0.625 1.275 1.481 1.0 1.441 1.314 1.274 0.647 1.0 0.869 1.189 1.31 1.379 1.0 1.099 0.652 1.365 0.652 1.0 1.079 1.296 1.101 1.207 1.0 0.819 1.145 0.93 0.97 1.0 1.091 1.484 1.449 0.709 1.0 1.12 1.489 0.871 1.089 1.0 1.306 0.98 0.739 1.0 1.0 1.262 1.507 1.138 1.044 1.0 1.188 0.838 0.766 0.725 1.0 0.982 1.571 1.175 0.882 1.0 1.195 0.556 1.109 0.652 1.0 1.132 0.795 1.137 0.865 1.0 0.702 1.18 0.799 0.992 1.0 0.71 1.299 1.089 0.752 1.0 0.71 1.004 0.76 1.0 1.0 0.723 0.605 0.884 1.0 1.0 0.698 0.683 1.0 1.0 1.0 0.665 0.651 1.0 1.0 1.0 0.631 0.694 1.0 1.0 1.0 1.066 0.7 1.0 1.0 1.0 0.737 0.708 1.0 1.0 1.0 1.203 0.698 1.0 1.0 1.0 1.222 1.0 1.0 1.0 1.0 0.959 1.0 1.0 1.0 1.0 1.313 1.0 1.0 1.0 1.0 0.767 1.0 1.0 1.0 1.0 0.889 1.0 1.0 1.0 1.0 1.113 1.0 1.0 1.0 1.0 0.752 1.0 1.0 1.0 1.0 0.811 1.0 1.0 1.0 1.0 1.0 1.0 1.0 1.0 1.0 1.0 1.0 1.0 1.0 1.0 1.0 1.0 1.0 1.0 1.0 1.0 1.0 1.0 1.0 1.0 1.0 1.0 1.0 1.0 1.0 1.0 1.0 1.0 1.0 1.0 1.0 1.0 1.0 1.0 1.0 1.0 1.0 1.0 1.0 1.0 1.0 1.0 1.0 1.0 1.0 1.0 1.0 1.0 1.0 1.0 1.0 1.0 1.0 1.0 1.0 1.0 1.0 1.0 1.0 1.0 1.0 1.0 1.0 1.0 1.0 1.0 1.0 1.0 1.0 1.0 1.0 1.0 1.0 1.0 1.0 1.0 1.0 1.0 1.0 1.0 1.0 1.0 1.0 1.0 1.0 1.0 1.0 1.0 1.0 1.0 1.0 1.0 1.0 1.0 1.0 1.0 1.0 1.0 1.0 1.0 1.0 1.0 1.0 1.0 1.0 1.0 1.0 1.0 1.0 1.0 1.0 1.0 1.0 1.0 1.0 1.0 1.0 1.0 1.0 1.0 1.0 1.0 1.0 1.0 1.0 1.0 1.0 1.0 1.0 1.0 1.0 1.0 1.0 1.0 1.0 0.866 0.919 1.154 1.16 0.828 1.291 1.111 1.253 0.775 1.221 0.814 0.743 1.038 1.155 1.232 0.92 0.735 1.285 0.761 1.063 0.952 1.34 1.28 0.883 0.866 0.963 0.867 0.712 1.04 1.131 0.967 0.944 1.287 1.073 0.926 1.16 0.889 0.7 1.244 1.209 0.856 1.014 0.864 1.368 1.111 0.713 0.844 1.053 1.337 1.213 1.347 1.0 1.09 1.334 1.086 1.036 0.973 0.862 1.369 0.556 0.611 1.16 0.915 1.466 1.227 1.336 0.888 0.87 0.855 1.443 0.807 1.281 0.989 0.954 0.616 1.316 1.317 0.959 1.0 1.213 0.857 1.255 1.329 1.0 1.301 0.868 1.168 0.83 1.0 1.289 1.157 1.234 1.196 1.0 1.483 0.896 0.901 0.965 1.0 0.733 1.048 0.611 1.311 1.0 0.83 0.974 0.627 1.14 1.0 0.886 1.166 0.832 0.677 1.0 0.869 1.397 0.88 1.06 1.0 1.919 0.986 0.885 0.991 1.0 1.048 0.875 1.25 1.105 1.0 0.731 1.426 0.882 1.09 1.0 2.003 0.835 0.944 1.102 1.0 0.941 1.095 1.094 0.826 1.0 0.672 0.885 0.836 0.727 1.0 0.809 0.973 0.796 0.756 1.0 0.791 0.994 1.456 0.877 1.0 0.656 1.0 0.971 1.145 1.0 0.777 1.0 1.055 0.821 1.0 0.701 1.0 0.768 0.88 1.0 0.681 1.0 0.915 0.712 1.0 0.723 1.0 0.861 0.788 1.0 0.745 1.0 0.823 0.7 1.0 0.708 1.0 0.716 1.381 1.0 2.392 1.0 1.0 0.704 1.0 0.64 1.0 1.0 0.71 1.0 0.657 1.0 1.0 1.021 1.0 1.0 1.0 1.0 0.734 1.0 1.0 1.0 1.0 0.771 1.0 1.0 1.0 1.0 1.954 1.0 1.0 1.0 1.0 1.0 1.0 1.0 1.0 1.0 1.0 1.0 1.0 1.0 1.0 1.0 1.0 1.0 1.0 1.0 1.0 1.0 1.0 1.0 1.0 1.0 1.0 1.0 1.0 1.0 1.0 1.0 1.0 1.0 1.0 1.0 1.0 1.0 1.0 1.0 1.0 1.0 1.0 1.0 1.0 1.0 1.0 1.0 1.0 1.0 1.0 1.0 1.0 1.0 1.0 1.0 1.0 1.0 1.0 1.0 1.0 1.0 1.0 1.0 1.0 1.0 1.0 1.0 1.0 1.0 1.0 1.0 1.0 1.0 1.0 1.0 1.0 1.0 1.0 1.0 1.0 1.0 1.0 1.0 1.0 1.0 1.0 1.0 1.0 1.0 1.0 1.0 1.0 1.0 1.0 1.0 1.0 1.0 1.0 1.0 1.0 1.0 1.0 1.0 1.0 1.0 1.0 1.0 1.0 1.0 1.0 1.0 1.0 1.0 1.0 1.0 1.0 1.0 1.0 1.0 1.0 1.0 1.0 1.0 1.0 1.0 1.0 1.0 1.0 1.0 1.0 1.0 1.0 1.0 1.0 1.0 1.0 1.0 1.0 1.0 1.0 1.0 1.0 1.0 1.0 1.0 1.0 1.0 1.0 1.0 1.0 1.0 1.0 1.0 1.0 1.0 1.0 1.0,2.3917487,1.3917487,0.45454443,0.3,0.7259999513626099,0.0003,5,5.2683363
81,0.2488834410905838,0.9929181,0.972 0.997 0.862 1.043 0.856 1.115 1.285 1.251 0.773 0.77 0.944 1.314 1.036 1.233 0.908 1.324 0.714 0.691 1.028 0.787 0.854 1.005 1.008 1.238 1.052 0.85 0.706 1.297 0.952 1.006 0.929 0.712 1.004 0.815 1.076 0.929 1.055 1.266 1.254 1.17 1.064 1.013 0.883 0.588 0.687 0.882 0.72 1.142 1.246 1.142 1.238 0.721 1.168 1.256 0.915 1.038 0.872 1.176 1.222 1.144 0.963 1.115 0.814 1.3 1.0 1.195 1.057 0.711 0.648 1.0 1.119 1.043 1.115 1.252 1.0 1.374 1.48 1.017 1.112 1.0 1.206 1.009 1.366 0.978 1.0 1.099 0.964 1.032 0.641 1.0 0.993 0.659 0.983 1.084 1.0 0.95 0.935 0.845 0.719 1.0 1.35 0.657 0.748 1.176 1.0 0.882 0.852 1.0 0.725 1.0 0.775 0.815 1.0 0.782 1.0 0.755 1.153 1.0 0.809 1.0 0.744 1.12 1.0 0.84 1.0 0.968 1.136 1.0 0.704 1.0 0.761 1.07 1.0 0.651 1.0 0.915 0.685 1.0 1.207 1.0 1.199 1.061 1.0 0.97 1.0 0.701 0.662 1.0 0.897 1.0 0.709 0.884 1.0 0.769 1.0 1.071 0.931 1.0 1.112 1.0 1.684 0.781 1.0 0.867 1.0 1.0 0.969 1.0 1.046 1.0 1.0 0.928 1.0 0.792 1.0 1.0 0.959 1.0 0.905 1.0 1.0 0.61 1.0 0.785 1.0 1.0 0.708 1.0 0.707 1.0 1.0 0.738 1.0 1.0 1.0 1.0 2.182 1.0 1.0 1.0 1.0 0.726 1.0 1.0 1.0 1.0 0.701 1.0 1.0 1.0 1.0 0.697 1.0 1.0 1.0 1.0 0.7 1.0 1.0 1.0 1.0 0.664 1.0 1.0 1.0 1.0 0.813 1.0 1.0 1.0 1.0 1.0 1.0 1.0 1.0 1.0 1.0 1.0 1.0 1.0 1.0 1.0 1.0 1.0 1.0 1.0 1.0 1.0 1.0 1.0 1.0 1.0 1.0 1.0 1.0 1.0 1.0 1.0 1.0 1.0 1.0 1.0 1.0 1.0 1.0 1.0 1.0 1.0 1.0 1.0 1.0 1.0 1.0 1.0 1.0 1.0 1.0 1.0 1.0 1.0 1.0 1.0 1.0 1.0 1.0 1.0 1.0 1.0 1.0 1.0 1.0 1.0 1.0 1.0 1.0 1.0 1.0 1.0 1.0 1.0 1.0 1.0 1.0 1.0 1.0 1.0 1.0 1.0 1.0 1.0 1.0 1.0 1.0 1.0 1.0 1.0 1.0 1.0 1.0 1.0 1.0 1.0 1.0 1.0 1.0 1.0 1.0 1.0 1.0 1.0 1.0 1.0 1.0 1.0 1.0 1.0 1.0 1.0 1.0 1.0 1.0 1.0 1.0 1.0 1.0 1.0 1.0 1.0 1.0 1.0 1.0 1.0 1.0 1.0 1.0 1.0 1.0 1.0 1.0 1.0 1.0 1.0 1.0 1.0 1.0 1.0 1.0 1.0 1.0 1.0 1.0 1.0 1.0 1.0 1.0 1.0 1.0 1.0 1.0 1.0 0.877 1.083 1.173 1.043 0.856 1.291 1.12 1.029 0.787 0.81 0.827 0.936 0.828 0.771 1.131 0.964 0.748 1.02 0.767 1.061 0.907 0.896 0.824 0.917 0.744 1.192 0.967 1.181 1.037 0.627 0.803 1.415 0.895 1.217 0.725 1.191 1.233 1.021 1.324 0.799 0.842 0.809 1.209 0.452 1.133 0.841 0.93 1.202 0.665 1.161 0.853 0.818 0.697 0.791 0.71 1.236 0.838 0.633 1.331 0.706 0.793 1.056 1.122 0.523 1.102 0.874 1.072 1.01 0.714 1.011 0.778 0.896 1.006 1.155 0.667 1.113 1.091 1.018 0.575 1.06 0.827 1.047 0.702 0.603 0.697 1.0 1.085 1.234 0.793 0.787 1.0 0.884 0.7 0.712 1.044 1.0 0.877 1.496 0.877 0.706 1.0 0.735 0.61 0.723 0.761 1.0 0.752 0.612 0.8 1.0 1.0 1.191 0.78 0.78 1.0 1.0 0.778 0.772 0.764 1.0 1.0 0.928 0.689 0.772 1.0 1.0 1.14 0.614 0.626 1.0 1.0 1.018 0.691 0.88 1.0 1.0 0.781 0.669 0.777 1.0 1.0 0.672 0.873 0.689 1.0 1.0 0.684 0.597 1.0 1.0 1.0 1.215 0.673 1.0 1.0 1.0 0.764 0.626 1.0 1.0 1.0 0.72 0.655 1.0 1.0 1.0 1.135 1.788 1.0 1.0 1.0 0.693 1.0 1.0 1.0 1.0 0.689 1.0 1.0 1.0 1.0 1.081 1.0 1.0 1.0 1.0 0.756 1.0 1.0 1.0 1.0 0.707 1.0 1.0 1.0 1.0 0.76 1.0 1.0 1.0 1.0 0.984 1.0 1.0 1.0 1.0 0.707 1.0 1.0 1.0 1.0 0.818 1.0 1.0 1.0 1.0 0.806 1.0 1.0 1.0 1.0 0.889 1.0 1.0 1.0 1.0 0.694 1.0 1.0 1.0 1.0 2.224 1.0 1.0 1.0 1.0 1.64 1.0 1.0 1.0 1.0 0.782 1.0 1.0 1.0 1.0 1.0 1.0 1.0 1.0 1.0 1.0 1.0 1.0 1.0 1.0 1.0 1.0 1.0 1.0 1.0 1.0 1.0 1.0 1.0 1.0 1.0 1.0 1.0 1.0 1.0 1.0 1.0 1.0 1.0 1.0 1.0 1.0 1.0 1.0 1.0 1.0 1.0 1.0 1.0 1.0 1.0 1.0 1.0 1.0 1.0 1.0 1.0 1.0 1.0 1.0 1.0 1.0 1.0 1.0 1.0 1.0 1.0 1.0 1.0 1.0 1.0 1.0 1.0 1.0 1.0 1.0 1.0 1.0 1.0 1.0 1.0 1.0 1.0 1.0 1.0 1.0 1.0 1.0 1.0 1.0 1.0 1.0 1.0 1.0 1.0 1.0 1.0 1.0 1.0 1.0 1.0 1.0 1.0 1.0 1.0 1.0 1.0 1.0 1.0 1.0 1.0 1.0 1.0 1.0 1.0 1.0 1.0 1.0 1.0 1.0 1.0 1.0 1.0 1.0 1.0 1.0 1.0 1.0 1.0 1.0 1.0 1.0 1.0 1.0 1.0 1.0 1.0 1.0 1.0 1.0 1.0 1.0 1.0 1.0 1.21 0.997 0.813 1.159 0.828 1.14 1.111 1.256 1.051 0.768 1.328 1.346 1.037 1.235 1.193 1.172 0.884 1.237 1.254 0.935 1.34 0.974 1.228 1.03 0.887 1.315 1.228 1.025 1.281 1.198 1.291 1.081 0.937 0.702 0.661 1.242 0.868 0.975 0.996 1.257 0.869 0.967 1.06 1.297 0.53 0.909 1.009 1.052 0.911 1.133 1.04 1.252 1.3 1.117 1.174 0.926 0.671 1.045 1.148 0.547 1.077 1.191 1.054 0.686 0.754 0.861 1.106 0.696 1.233 0.871 1.547 1.429 0.79 1.305 0.837 0.617 0.785 0.775 1.1 0.837 1.046 0.804 0.858 1.336 0.898 0.584 0.915 0.681 1.259 0.871 0.793 0.59 0.88 0.642 0.972 0.989 0.621 0.777 0.889 1.381 0.699 0.734 1.38 1.226 0.682 0.78 0.872 1.0 0.95 0.981 0.757 0.693 1.0 0.668 0.639 0.674 0.738 1.0 1.323 1.0 0.667 1.5 1.0 1.537 1.0 0.684 0.734 1.0 0.714 1.0 0.685 1.211 1.0 1.088 1.0 0.753 0.959 1.0 0.673 1.0 1.012 0.788 1.0 0.89 1.0 1.124 1.307 1.0 0.787 1.0 0.701 0.797 1.0 0.652 1.0 1.203 0.758 1.0 1.0 1.0 0.724 0.738 1.0 1.0 1.0 0.735 0.735 1.0 1.0 1.0 1.02 0.671 1.0 1.0 1.0 1.106 0.702 1.0 1.0 1.0 0.855 0.701 1.0 1.0 1.0 1.051 0.989 1.0 1.0 1.0 0.972 1.0 1.0 1.0 1.0 0.752 1.0 1.0 1.0 1.0 0.777 1.0 1.0 1.0 1.0 0.74 1.0 1.0 1.0 1.0 0.797 1.0 1.0 1.0 1.0 0.698 1.0 1.0 1.0 1.0 0.869 1.0 1.0 1.0 1.0 0.944 1.0 1.0 1.0 1.0 1.09 1.0 1.0 1.0 1.0 0.918 1.0 1.0 1.0 1.0 0.748 1.0 1.0 1.0 1.0 0.816 1.0 1.0 1.0 1.0 1.553 1.0 1.0 1.0 1.0 0.615 1.0 1.0 1.0 1.0 1.0 1.0 1.0 1.0 1.0 1.0 1.0 1.0 1.0 1.0 1.0 1.0 1.0 1.0 1.0 1.0 1.0 1.0 1.0 1.0 1.0 1.0 1.0 1.0 1.0 1.0 1.0 1.0 1.0 1.0 1.0 1.0 1.0 1.0 1.0 1.0 1.0 1.0 1.0 1.0 1.0 1.0 1.0 1.0 1.0 1.0 1.0 1.0 1.0 1.0 1.0 1.0 1.0 1.0 1.0 1.0 1.0 1.0 1.0 1.0 1.0 1.0 1.0 1.0 1.0 1.0 1.0 1.0 1.0 1.0 1.0 1.0 1.0 1.0 1.0 1.0 1.0 1.0 1.0 1.0 1.0 1.0 1.0 1.0 1.0 1.0 1.0 1.0 1.0 1.0 1.0 1.0 1.0 1.0 1.0 1.0 1.0 1.0 1.0 1.0 1.0 1.0 1.0 1.0 1.0 1.0 1.0 1.0 1.0 1.0 1.0 1.0 1.0 1.0 1.0 1.0 1.0 1.0 1.0 1.0 1.21 0.916 0.813 1.159 1.135 0.831 1.111 1.204 0.845 0.762 1.16 0.872 1.04 0.836 1.078 0.814 0.868 1.31 0.916 1.282 0.933 1.24 0.812 1.259 0.872 0.987 0.987 1.249 0.701 1.327 1.238 1.276 1.224 1.297 0.722 0.608 1.235 1.3 1.299 1.42 1.303 1.095 1.307 1.212 1.329 1.166 1.065 0.721 1.292 1.296 1.276 1.22 0.914 1.297 1.296 1.262 1.302 1.174 1.321 1.411 1.165 1.191 0.83 1.122 1.303 1.3 1.294 1.295 1.319 0.885 1.283 1.348 1.26 1.306 1.3 0.875 1.3 1.243 1.263 0.746 1.359 0.644 1.295 0.84 1.306 1.265 1.305 0.753 1.312 0.889 0.669 1.256 1.298 0.865 1.263 1.207 1.193 1.155 0.782 1.297 1.375 0.746 1.36 1.239 1.302 0.808 1.127 1.16 0.808 0.79 1.33 1.411 1.225 0.898 1.283 1.186 0.975 1.159 1.266 0.843 1.182 1.003 0.815 1.316 0.802 1.071 1.271 1.01 0.927 0.88 1.433 0.955 0.982 1.168 1.422 1.142 1.014 1.091 1.134 1.221 0.742 1.359 0.873 0.656 0.716 0.649 1.0 0.862 0.624 1.0 0.693 1.0 0.795 1.0 1.0 0.739 1.0 0.819 1.0 1.0 0.774 1.0 1.257 1.0 1.0 0.976 1.0 1.272 1.0 1.0 2.051 1.0 1.385 1.0 1.0 0.717 1.0 0.881 1.0 1.0 1.977 1.0 0.766 1.0 1.0 0.774 1.0 0.755 1.0 1.0 0.863 1.0 0.75 1.0 1.0 0.763 1.0 0.745 1.0 1.0 1.0 1.0 0.635 1.0 1.0 1.0 1.0 1.473 1.0 1.0 1.0 1.0 1.288 1.0 1.0 1.0 1.0 1.121 1.0 1.0 1.0 1.0 1.011 1.0 1.0 1.0 1.0 0.985 1.0 1.0 1.0 1.0 0.907 1.0 1.0 1.0 1.0 1.006 1.0 1.0 1.0 1.0 1.34 1.0 1.0 1.0 1.0 1.327 1.0 1.0 1.0 1.0 0.844 1.0 1.0 1.0 1.0 0.759 1.0 1.0 1.0 1.0 0.691 1.0 1.0 1.0 1.0 1.055 1.0 1.0 1.0 1.0 0.908 1.0 1.0 1.0 1.0 0.942 1.0 1.0 1.0 1.0 1.028 1.0 1.0 1.0 1.0 1.027 1.0 1.0 1.0 1.0 0.606 1.0 1.0 1.0 1.0 0.866 1.0 1.0 1.0 1.0 1.026 1.0 1.0 1.0 1.0 1.363 1.0 1.0 1.0 1.0 0.619 1.0 1.0 1.0 1.0 0.659 1.0 1.0 1.0 1.0 0.69 1.0 1.0 1.0 1.0 0.681 1.0 1.0 1.0 1.0 0.972 1.0 1.0 1.0 1.0 0.644 1.0 1.0 1.0 1.0 1.074 1.0 1.0 1.0 1.0 0.752 1.0 1.0 1.0 1.0 1.296 1.0 1.0 1.0 1.0 0.638 1.0 1.0 1.0 1.0 0.795 1.0 1.0 1.0 1.0 0.694 1.0 1.0 1.0 1.0 0.691 1.0 1.0 1.0 1.0 0.706 1.0 1.0 1.094 1.213 0.862 1.121 1.057 1.299 1.106 1.206 0.77 1.179 0.828 0.893 1.056 0.752 1.285 1.16 1.221 1.287 0.836 0.799 0.867 1.056 0.714 0.922 0.921 1.243 1.257 0.843 1.243 0.846 0.942 0.79 0.845 1.306 0.964 0.935 1.139 1.086 1.263 1.303 0.979 1.224 1.314 1.331 0.799 1.294 1.347 1.205 1.235 1.391 1.312 0.811 1.244 0.622 1.106 0.874 1.067 1.317 1.095 1.414 1.3 1.106 0.656 1.6 0.725 1.034 1.235 1.419 1.445 0.994 0.918 1.455 1.029 1.002 1.464 1.031 1.246 0.991 1.593 1.101 1.16 1.402 1.309 0.607 0.896 1.069 1.0 1.492 1.44 1.3 0.816 1.0 0.913 1.338 0.754 0.854 1.0 0.831 0.837 0.76 0.729 1.0 0.808 0.665 1.29 1.169 1.0 0.67 1.121 0.802 1.18 1.0 0.779 1.656 1.072 1.099 1.0 0.978 0.732 1.041 1.157 1.0 0.846 0.723 1.23 0.76 1.0 0.886 0.721 0.672 1.064 1.0 0.897 1.13 0.683 0.981 1.0 0.724 0.959 0.69 1.035 1.0 0.697 0.958 0.897 1.026 1.0 0.758 0.729 0.925 1.046 1.0 0.821 0.945 0.639 0.851 1.0 0.859 1.143 1.0 1.002 1.0 0.682 1.089 1.0 1.045 1.0 0.744 0.966 1.0 0.774 1.0 0.768 0.808 1.0 0.874 1.0 1.0 1.103 1.0 0.81 1.0 1.0 0.941 1.0 0.712 1.0 1.0 0.99 1.0 0.722 1.0 1.0 1.306 1.0 0.776 1.0 1.0 1.286 1.0 0.672 1.0 1.0 0.746 1.0 0.671 1.0 1.0 0.746 1.0 0.652 1.0 1.0 0.725 1.0 0.697 1.0 1.0 0.797 1.0 1.0 1.0 1.0 0.754 1.0 1.0 1.0 1.0 0.784 1.0 1.0 1.0 1.0 0.672 1.0 1.0 1.0 1.0 1.0 1.0 1.0 1.0 1.0 1.0 1.0 1.0 1.0 1.0 1.0 1.0 1.0 1.0 1.0 1.0 1.0 1.0 1.0 1.0 1.0 1.0 1.0 1.0 1.0 1.0 1.0 1.0 1.0 1.0 1.0 1.0 1.0 1.0 1.0 1.0 1.0 1.0 1.0 1.0 1.0 1.0 1.0 1.0 1.0 1.0 1.0 1.0 1.0 1.0 1.0 1.0 1.0 1.0 1.0 1.0 1.0 1.0 1.0 1.0 1.0 1.0 1.0 1.0 1.0 1.0 1.0 1.0 1.0 1.0 1.0 1.0 1.0 1.0 1.0 1.0 1.0 1.0 1.0 1.0 1.0 1.0 1.0 1.0 1.0 1.0 1.0 1.0 1.0 1.0 1.0 1.0 1.0 1.0 1.0 1.0 1.0 1.0 1.0 1.0 1.0 1.0 1.0 1.0 1.0 1.0 1.0 1.0 1.0 1.0 1.0 1.0 1.0 1.0 1.0 1.0 1.0 1.0 1.0 1.0 1.0 1.0 1.0 1.0 1.0 1.0 1.0 1.0 1.0 1.0 1.0 1.0 1.0 1.0 1.0 1.0 1.0 1.0 1.0 1.0 1.0 1.0 0.866 0.997 1.155 0.878 1.057 0.956 1.297 1.247 0.849 1.151 1.127 1.321 0.811 1.015 1.308 0.808 0.867 0.731 0.683 0.811 1.337 1.321 1.32 1.228 1.14 0.808 0.802 0.738 0.494 0.786 0.98 0.915 1.317 0.862 0.828 0.973 0.848 0.96 0.762 1.001 0.816 0.775 0.914 1.353 0.748 1.07 0.962 1.227 0.793 1.208 0.793 0.983 0.945 0.873 1.299 0.745 1.02 0.985 0.78 0.767 1.156 0.688 1.154 1.0 1.146 0.794 1.155 1.086 1.0 1.261 0.966 0.741 1.18 1.0 0.709 0.639 1.01 1.151 1.0 1.173 0.864 1.13 1.01 1.0 1.058 1.017 0.688 0.976 1.0 0.783 0.748 1.065 0.842 1.0 0.711 1.068 0.996 0.797 1.0 0.741 1.059 0.994 1.212 1.0 0.741 1.096 1.075 1.081 1.0 0.731 0.731 1.113 0.761 1.0 0.753 0.89 1.136 0.761 1.0 1.576 0.961 0.626 1.079 1.0 0.932 1.006 1.117 0.768 1.0 0.72 0.694 0.913 1.257 1.0 0.725 0.726 0.622 0.77 1.0 1.0 0.681 0.819 1.07 1.0 1.0 0.829 1.369 1.245 1.0 1.0 1.007 1.053 1.247 1.0 1.0 1.063 0.728 0.717 1.0 1.0 0.658 0.898 0.768 1.0 1.0 0.654 0.88 1.302 1.0 1.0 1.0 0.683 1.315 1.0 1.0 1.0 1.234 1.251 1.0 1.0 1.0 0.682 0.753 1.0 1.0 1.0 0.711 1.162 1.0 1.0 1.0 0.701 0.859 1.0 1.0 1.0 0.694 0.882 1.0 1.0 1.0 0.756 1.053 1.0 1.0 1.0 0.704 0.72 1.0 1.0 1.0 0.686 0.691 1.0 1.0 1.0 1.028 0.7 1.0 1.0 1.0 0.896 0.679 1.0 1.0 1.0 0.67 0.699 1.0 1.0 1.0 1.089 0.668 1.0 1.0 1.0 0.902 0.595 1.0 1.0 1.0 1.021 0.625 1.0 1.0 1.0 0.71 1.0 1.0 1.0 1.0 0.643 1.0 1.0 1.0 1.0 0.665 1.0 1.0 1.0 1.0 0.761 1.0 1.0 1.0 1.0 0.657 1.0 1.0 1.0 1.0 0.669 1.0 1.0 1.0 1.0 0.697 1.0 1.0 1.0 1.0 0.722 1.0 1.0 1.0 1.0 0.727 1.0 1.0 1.0 1.0 0.699 1.0 1.0 1.0 1.0 0.688 1.0 1.0 1.0 1.0 1.0 1.0 1.0 1.0 1.0 1.0 1.0 1.0 1.0 1.0 1.0 1.0 1.0 1.0 1.0 1.0 1.0 1.0 1.0 1.0 1.0 1.0 1.0 1.0 1.0 1.0 1.0 1.0 1.0 1.0 1.0 1.0 1.0 1.0 1.0 1.0 1.0 1.0 1.0 1.0 1.0 1.0 1.0 1.0 1.0 1.0 1.0 1.0 1.0 1.0 1.0 1.0 1.0 1.0 1.0 1.0 1.0 1.0 1.0 1.0 1.0 1.0 1.0 1.0 1.0 1.0 1.0 1.0 1.0 1.0 1.0 1.0 1.0 1.0 1.0 1.0 1.0 1.0 1.0 1.21 1.213 1.043 1.159 0.828 1.131 1.301 1.232 1.237 1.21 1.332 0.891 0.811 1.285 1.208 0.812 0.855 1.056 0.724 0.83 0.907 1.179 1.216 0.986 1.112 0.82 1.138 0.947 1.196 0.799 1.266 0.482 1.066 0.74 1.24 1.002 1.156 0.742 0.954 1.079 1.149 1.255 1.33 1.14 1.137 0.955 1.316 1.332 1.275 0.815 0.784 1.135 1.223 1.194 1.321 1.069 0.642 1.123 0.963 1.215 1.257 1.326 1.381 1.349 1.023 1.261 0.478 1.42 1.12 1.33 1.095 1.523 0.676 0.866 0.846 1.272 1.232 0.681 1.424 0.828 1.033 0.988 1.251 1.314 1.0 1.377 0.623 1.274 1.484 1.0 1.448 1.315 1.278 0.646 1.0 0.859 1.201 1.313 1.382 1.0 1.104 0.649 1.369 0.651 1.0 1.088 1.297 1.104 1.209 1.0 0.815 1.156 0.932 0.968 1.0 1.095 1.488 1.448 0.709 1.0 1.125 1.495 0.874 1.088 1.0 1.308 0.983 0.74 1.0 1.0 1.264 1.513 1.134 1.042 1.0 1.19 0.842 0.767 0.726 1.0 0.985 1.578 1.17 0.884 1.0 1.189 0.554 1.103 0.651 1.0 1.125 0.798 1.131 0.866 1.0 0.701 1.18 0.794 0.989 1.0 0.708 1.3 1.082 0.752 1.0 0.709 0.991 0.761 1.0 1.0 0.722 0.604 0.885 1.0 1.0 0.699 0.684 1.0 1.0 1.0 0.666 0.65 1.0 1.0 1.0 0.631 0.693 1.0 1.0 1.0 1.064 0.7 1.0 1.0 1.0 0.738 0.707 1.0 1.0 1.0 1.203 0.7 1.0 1.0 1.0 1.222 1.0 1.0 1.0 1.0 0.961 1.0 1.0 1.0 1.0 1.301 1.0 1.0 1.0 1.0 0.768 1.0 1.0 1.0 1.0 0.889 1.0 1.0 1.0 1.0 1.109 1.0 1.0 1.0 1.0 0.751 1.0 1.0 1.0 1.0 0.812 1.0 1.0 1.0 1.0 1.0 1.0 1.0 1.0 1.0 1.0 1.0 1.0 1.0 1.0 1.0 1.0 1.0 1.0 1.0 1.0 1.0 1.0 1.0 1.0 1.0 1.0 1.0 1.0 1.0 1.0 1.0 1.0 1.0 1.0 1.0 1.0 1.0 1.0 1.0 1.0 1.0 1.0 1.0 1.0 1.0 1.0 1.0 1.0 1.0 1.0 1.0 1.0 1.0 1.0 1.0 1.0 1.0 1.0 1.0 1.0 1.0 1.0 1.0 1.0 1.0 1.0 1.0 1.0 1.0 1.0 1.0 1.0 1.0 1.0 1.0 1.0 1.0 1.0 1.0 1.0 1.0 1.0 1.0 1.0 1.0 1.0 1.0 1.0 1.0 1.0 1.0 1.0 1.0 1.0 1.0 1.0 1.0 1.0 1.0 1.0 1.0 1.0 1.0 1.0 1.0 1.0 1.0 1.0 1.0 1.0 1.0 1.0 1.0 1.0 1.0 1.0 1.0 1.0 1.0 1.0 1.0 1.0 1.0 1.0 1.0 1.0 1.0 1.0 1.0 1.0 1.0 1.0 1.0 1.0 1.0 1.0 1.0 1.0 1.0 0.866 0.916 1.155 1.159 0.828 1.293 1.118 1.252 0.775 1.222 0.808 0.743 1.044 1.155 1.227 0.92 0.736 1.282 0.763 1.07 0.945 1.343 1.277 0.878 0.867 0.957 0.857 0.714 1.039 1.126 0.961 0.949 1.284 1.071 0.927 1.16 0.89 0.702 1.246 1.206 0.859 1.015 0.86 1.367 1.113 0.715 0.846 1.061 1.342 1.215 1.348 0.995 1.098 1.333 1.088 1.033 0.974 0.858 1.376 0.555 0.61 1.16 0.911 1.469 1.23 1.338 0.891 0.872 0.855 1.441 0.808 1.281 0.993 0.957 0.615 1.317 1.317 0.958 1.0 1.211 0.859 1.254 1.331 1.0 1.305 0.87 1.17 0.831 1.0 1.287 1.16 1.236 1.197 1.0 1.484 0.9 0.905 0.967 1.0 0.734 1.046 0.611 1.312 1.0 0.83 0.971 0.627 1.144 1.0 0.881 1.168 0.828 0.677 1.0 0.864 1.4 0.882 1.055 1.0 1.928 0.988 0.888 0.989 1.0 1.045 0.873 1.254 1.1 1.0 0.732 1.431 0.883 1.094 1.0 2.013 0.833 0.948 1.096 1.0 0.938 1.096 1.093 0.826 1.0 0.67 0.887 0.824 0.726 1.0 0.802 0.962 0.793 0.756 1.0 0.791 0.994 1.461 0.873 1.0 0.655 1.0 0.958 1.136 1.0 0.77 1.0 1.042 0.822 1.0 0.7 1.0 0.766 0.881 1.0 0.682 1.0 0.914 0.711 1.0 0.72 1.0 0.863 0.789 1.0 0.745 1.0 0.824 0.701 1.0 0.704 1.0 0.714 1.375 1.0 2.394 1.0 1.0 0.706 1.0 0.638 1.0 1.0 0.71 1.0 0.654 1.0 1.0 1.018 1.0 1.0 1.0 1.0 0.736 1.0 1.0 1.0 1.0 0.767 1.0 1.0 1.0 1.0 1.951 1.0 1.0 1.0 1.0 1.0 1.0 1.0 1.0 1.0 1.0 1.0 1.0 1.0 1.0 1.0 1.0 1.0 1.0 1.0 1.0 1.0 1.0 1.0 1.0 1.0 1.0 1.0 1.0 1.0 1.0 1.0 1.0 1.0 1.0 1.0 1.0 1.0 1.0 1.0 1.0 1.0 1.0 1.0 1.0 1.0 1.0 1.0 1.0 1.0 1.0 1.0 1.0 1.0 1.0 1.0 1.0 1.0 1.0 1.0 1.0 1.0 1.0 1.0 1.0 1.0 1.0 1.0 1.0 1.0 1.0 1.0 1.0 1.0 1.0 1.0 1.0 1.0 1.0 1.0 1.0 1.0 1.0 1.0 1.0 1.0 1.0 1.0 1.0 1.0 1.0 1.0 1.0 1.0 1.0 1.0 1.0 1.0 1.0 1.0 1.0 1.0 1.0 1.0 1.0 1.0 1.0 1.0 1.0 1.0 1.0 1.0 1.0 1.0 1.0 1.0 1.0 1.0 1.0 1.0 1.0 1.0 1.0 1.0 1.0 1.0 1.0 1.0 1.0 1.0 1.0 1.0 1.0 1.0 1.0 1.0 1.0 1.0 1.0 1.0 1.0 1.0 1.0 1.0 1.0 1.0 1.0 1.0 1.0 1.0 1.0 1.0 1.0 1.0 1.0 1.0 1.0 1.0,2.3939714,1.3939714,0.4520587,0.3,0.731062650680542,0.0003,5,5.2755804
82,0.251507967710495,0.9928326,0.968 0.993 0.859 1.047 0.852 1.123 1.287 1.249 0.773 0.77 0.936 1.316 1.041 1.229 0.905 1.325 0.715 0.692 1.034 0.787 0.848 0.995 1.014 1.239 1.05 0.844 0.706 1.299 0.949 1.004 0.921 0.713 1.002 0.816 1.073 0.931 1.063 1.264 1.256 1.169 1.063 1.005 0.882 0.589 0.688 0.882 0.722 1.143 1.245 1.146 1.239 0.723 1.169 1.255 0.921 1.045 0.867 1.178 1.224 1.142 0.97 1.123 0.816 1.303 1.0 1.194 1.051 0.712 0.647 1.0 1.119 1.037 1.115 1.255 1.0 1.378 1.479 1.014 1.11 1.0 1.201 1.013 1.366 0.977 1.0 1.093 0.967 1.025 0.64 1.0 0.99 0.66 0.981 1.083 1.0 0.948 0.936 0.849 0.718 1.0 1.351 0.657 0.748 1.176 1.0 0.88 0.845 1.0 0.725 1.0 0.778 0.815 1.0 0.782 1.0 0.757 1.155 1.0 0.808 1.0 0.744 1.127 1.0 0.839 1.0 0.965 1.143 1.0 0.705 1.0 0.763 1.064 1.0 0.649 1.0 0.912 0.681 1.0 1.21 1.0 1.201 1.064 1.0 0.965 1.0 0.701 0.661 1.0 0.896 1.0 0.71 0.875 1.0 0.769 1.0 1.071 0.927 1.0 1.114 1.0 1.681 0.773 1.0 0.866 1.0 1.0 0.973 1.0 1.047 1.0 1.0 0.927 1.0 0.791 1.0 1.0 0.962 1.0 0.898 1.0 1.0 0.607 1.0 0.784 1.0 1.0 0.709 1.0 0.704 1.0 1.0 0.731 1.0 1.0 1.0 1.0 2.186 1.0 1.0 1.0 1.0 0.722 1.0 1.0 1.0 1.0 0.702 1.0 1.0 1.0 1.0 0.697 1.0 1.0 1.0 1.0 0.7 1.0 1.0 1.0 1.0 0.662 1.0 1.0 1.0 1.0 0.812 1.0 1.0 1.0 1.0 1.0 1.0 1.0 1.0 1.0 1.0 1.0 1.0 1.0 1.0 1.0 1.0 1.0 1.0 1.0 1.0 1.0 1.0 1.0 1.0 1.0 1.0 1.0 1.0 1.0 1.0 1.0 1.0 1.0 1.0 1.0 1.0 1.0 1.0 1.0 1.0 1.0 1.0 1.0 1.0 1.0 1.0 1.0 1.0 1.0 1.0 1.0 1.0 1.0 1.0 1.0 1.0 1.0 1.0 1.0 1.0 1.0 1.0 1.0 1.0 1.0 1.0 1.0 1.0 1.0 1.0 1.0 1.0 1.0 1.0 1.0 1.0 1.0 1.0 1.0 1.0 1.0 1.0 1.0 1.0 1.0 1.0 1.0 1.0 1.0 1.0 1.0 1.0 1.0 1.0 1.0 1.0 1.0 1.0 1.0 1.0 1.0 1.0 1.0 1.0 1.0 1.0 1.0 1.0 1.0 1.0 1.0 1.0 1.0 1.0 1.0 1.0 1.0 1.0 1.0 1.0 1.0 1.0 1.0 1.0 1.0 1.0 1.0 1.0 1.0 1.0 1.0 1.0 1.0 1.0 1.0 1.0 1.0 1.0 1.0 1.0 1.0 1.0 1.0 1.0 1.0 1.0 1.0 1.0 1.0 1.0 1.0 1.0 1.0 0.873 1.088 1.172 1.047 0.852 1.293 1.128 1.034 0.788 0.806 0.821 0.928 0.824 0.772 1.127 0.96 0.749 1.027 0.768 1.065 0.905 0.891 0.819 0.919 0.746 1.191 0.973 1.177 1.036 0.628 0.804 1.419 0.897 1.222 0.724 1.191 1.234 1.02 1.323 0.802 0.846 0.81 1.206 0.45 1.131 0.845 0.93 1.205 0.664 1.16 0.856 0.819 0.696 0.793 0.711 1.238 0.84 0.63 1.335 0.707 0.784 1.058 1.122 0.522 1.105 0.869 1.07 1.007 0.714 1.007 0.773 0.891 1.003 1.153 0.666 1.112 1.092 1.018 0.575 1.056 0.822 1.048 0.702 0.602 0.697 1.0 1.081 1.236 0.787 0.788 1.0 0.88 0.699 0.713 1.039 1.0 0.872 1.499 0.875 0.7 1.0 0.734 0.608 0.724 0.762 1.0 0.75 0.605 0.797 1.0 1.0 1.193 0.778 0.777 1.0 1.0 0.777 0.771 0.761 1.0 1.0 0.915 0.686 0.768 1.0 1.0 1.144 0.611 0.624 1.0 1.0 1.004 0.69 0.868 1.0 1.0 0.781 0.666 0.776 1.0 1.0 0.671 0.861 0.688 1.0 1.0 0.68 0.59 1.0 1.0 1.0 1.212 0.674 1.0 1.0 1.0 0.764 0.626 1.0 1.0 1.0 0.721 0.656 1.0 1.0 1.0 1.139 1.789 1.0 1.0 1.0 0.694 1.0 1.0 1.0 1.0 0.691 1.0 1.0 1.0 1.0 1.084 1.0 1.0 1.0 1.0 0.75 1.0 1.0 1.0 1.0 0.703 1.0 1.0 1.0 1.0 0.756 1.0 1.0 1.0 1.0 0.984 1.0 1.0 1.0 1.0 0.707 1.0 1.0 1.0 1.0 0.815 1.0 1.0 1.0 1.0 0.804 1.0 1.0 1.0 1.0 0.879 1.0 1.0 1.0 1.0 0.695 1.0 1.0 1.0 1.0 2.234 1.0 1.0 1.0 1.0 1.641 1.0 1.0 1.0 1.0 0.782 1.0 1.0 1.0 1.0 1.0 1.0 1.0 1.0 1.0 1.0 1.0 1.0 1.0 1.0 1.0 1.0 1.0 1.0 1.0 1.0 1.0 1.0 1.0 1.0 1.0 1.0 1.0 1.0 1.0 1.0 1.0 1.0 1.0 1.0 1.0 1.0 1.0 1.0 1.0 1.0 1.0 1.0 1.0 1.0 1.0 1.0 1.0 1.0 1.0 1.0 1.0 1.0 1.0 1.0 1.0 1.0 1.0 1.0 1.0 1.0 1.0 1.0 1.0 1.0 1.0 1.0 1.0 1.0 1.0 1.0 1.0 1.0 1.0 1.0 1.0 1.0 1.0 1.0 1.0 1.0 1.0 1.0 1.0 1.0 1.0 1.0 1.0 1.0 1.0 1.0 1.0 1.0 1.0 1.0 1.0 1.0 1.0 1.0 1.0 1.0 1.0 1.0 1.0 1.0 1.0 1.0 1.0 1.0 1.0 1.0 1.0 1.0 1.0 1.0 1.0 1.0 1.0 1.0 1.0 1.0 1.0 1.0 1.0 1.0 1.0 1.0 1.0 1.0 1.0 1.0 1.0 1.0 1.0 1.0 1.0 1.0 1.0 1.0 1.211 0.993 0.812 1.158 0.828 1.148 1.119 1.254 1.056 0.768 1.331 1.348 1.043 1.232 1.194 1.182 0.879 1.237 1.25 0.938 1.343 0.966 1.229 1.036 0.889 1.327 1.239 1.031 1.277 1.195 1.294 1.088 0.933 0.703 0.661 1.252 0.867 0.974 1.002 1.256 0.862 0.966 1.057 1.298 0.53 0.905 1.004 1.051 0.914 1.132 1.045 1.255 1.303 1.117 1.174 0.931 0.674 1.044 1.152 0.546 1.084 1.188 1.05 0.686 0.756 0.852 1.103 0.697 1.234 0.869 1.56 1.434 0.788 1.304 0.84 0.607 0.776 0.777 1.097 0.839 1.039 0.794 0.857 1.336 0.891 0.582 0.913 0.676 1.259 0.866 0.794 0.59 0.881 0.641 0.968 0.983 0.622 0.779 0.891 1.382 0.698 0.735 1.378 1.228 0.681 0.772 0.871 1.0 0.95 0.981 0.758 0.692 1.0 0.668 0.638 0.666 0.74 1.0 1.326 1.0 0.666 1.504 1.0 1.537 1.0 0.683 0.735 1.0 0.712 1.0 0.685 1.205 1.0 1.088 1.0 0.754 0.956 1.0 0.671 1.0 1.016 0.787 1.0 0.885 1.0 1.127 1.309 1.0 0.787 1.0 0.694 0.796 1.0 0.651 1.0 1.209 0.76 1.0 1.0 1.0 0.722 0.736 1.0 1.0 1.0 0.728 0.733 1.0 1.0 1.0 1.019 0.671 1.0 1.0 1.0 1.112 0.703 1.0 1.0 1.0 0.853 0.701 1.0 1.0 1.0 1.05 0.987 1.0 1.0 1.0 0.972 1.0 1.0 1.0 1.0 0.748 1.0 1.0 1.0 1.0 0.773 1.0 1.0 1.0 1.0 0.737 1.0 1.0 1.0 1.0 0.795 1.0 1.0 1.0 1.0 0.7 1.0 1.0 1.0 1.0 0.856 1.0 1.0 1.0 1.0 0.933 1.0 1.0 1.0 1.0 1.075 1.0 1.0 1.0 1.0 0.914 1.0 1.0 1.0 1.0 0.748 1.0 1.0 1.0 1.0 0.819 1.0 1.0 1.0 1.0 1.544 1.0 1.0 1.0 1.0 0.614 1.0 1.0 1.0 1.0 1.0 1.0 1.0 1.0 1.0 1.0 1.0 1.0 1.0 1.0 1.0 1.0 1.0 1.0 1.0 1.0 1.0 1.0 1.0 1.0 1.0 1.0 1.0 1.0 1.0 1.0 1.0 1.0 1.0 1.0 1.0 1.0 1.0 1.0 1.0 1.0 1.0 1.0 1.0 1.0 1.0 1.0 1.0 1.0 1.0 1.0 1.0 1.0 1.0 1.0 1.0 1.0 1.0 1.0 1.0 1.0 1.0 1.0 1.0 1.0 1.0 1.0 1.0 1.0 1.0 1.0 1.0 1.0 1.0 1.0 1.0 1.0 1.0 1.0 1.0 1.0 1.0 1.0 1.0 1.0 1.0 1.0 1.0 1.0 1.0 1.0 1.0 1.0 1.0 1.0 1.0 1.0 1.0 1.0 1.0 1.0 1.0 1.0 1.0 1.0 1.0 1.0 1.0 1.0 1.0 1.0 1.0 1.0 1.0 1.0 1.0 1.0 1.0 1.0 1.0 1.0 1.0 1.0 1.0 1.0 1.211 0.913 0.812 1.158 1.133 0.832 1.118 1.205 0.841 0.762 1.169 0.867 1.045 0.831 1.084 0.816 0.863 1.306 0.918 1.284 0.936 1.244 0.807 1.262 0.874 0.984 0.981 1.246 0.7 1.329 1.242 1.279 1.222 1.295 0.722 0.608 1.235 1.3 1.297 1.422 1.305 1.106 1.307 1.217 1.328 1.178 1.075 0.72 1.294 1.297 1.279 1.219 0.914 1.303 1.296 1.259 1.302 1.18 1.322 1.414 1.163 1.192 0.829 1.125 1.301 1.303 1.298 1.295 1.32 0.884 1.283 1.348 1.266 1.307 1.3 0.874 1.301 1.246 1.262 0.747 1.359 0.643 1.297 0.839 1.304 1.263 1.304 0.75 1.312 0.894 0.668 1.255 1.3 0.869 1.266 1.211 1.193 1.158 0.784 1.298 1.376 0.746 1.362 1.241 1.302 0.806 1.129 1.159 0.81 0.792 1.33 1.413 1.228 0.902 1.283 1.187 0.981 1.165 1.266 0.842 1.183 1.009 0.811 1.317 0.802 1.073 1.269 1.012 0.93 0.884 1.431 0.961 0.984 1.167 1.424 1.143 1.022 1.095 1.138 1.219 0.74 1.357 0.868 0.656 0.716 0.648 1.0 0.858 0.623 1.0 0.693 1.0 0.79 1.0 1.0 0.739 1.0 0.821 1.0 1.0 0.774 1.0 1.265 1.0 1.0 0.97 1.0 1.28 1.0 1.0 2.051 1.0 1.383 1.0 1.0 0.717 1.0 0.878 1.0 1.0 1.971 1.0 0.766 1.0 1.0 0.775 1.0 0.755 1.0 1.0 0.864 1.0 0.75 1.0 1.0 0.761 1.0 0.746 1.0 1.0 1.0 1.0 0.631 1.0 1.0 1.0 1.0 1.472 1.0 1.0 1.0 1.0 1.286 1.0 1.0 1.0 1.0 1.12 1.0 1.0 1.0 1.0 1.01 1.0 1.0 1.0 1.0 0.984 1.0 1.0 1.0 1.0 0.905 1.0 1.0 1.0 1.0 1.002 1.0 1.0 1.0 1.0 1.347 1.0 1.0 1.0 1.0 1.334 1.0 1.0 1.0 1.0 0.842 1.0 1.0 1.0 1.0 0.757 1.0 1.0 1.0 1.0 0.688 1.0 1.0 1.0 1.0 1.054 1.0 1.0 1.0 1.0 0.908 1.0 1.0 1.0 1.0 0.94 1.0 1.0 1.0 1.0 1.024 1.0 1.0 1.0 1.0 1.023 1.0 1.0 1.0 1.0 0.604 1.0 1.0 1.0 1.0 0.865 1.0 1.0 1.0 1.0 1.022 1.0 1.0 1.0 1.0 1.369 1.0 1.0 1.0 1.0 0.617 1.0 1.0 1.0 1.0 0.657 1.0 1.0 1.0 1.0 0.688 1.0 1.0 1.0 1.0 0.679 1.0 1.0 1.0 1.0 0.97 1.0 1.0 1.0 1.0 0.642 1.0 1.0 1.0 1.0 1.072 1.0 1.0 1.0 1.0 0.751 1.0 1.0 1.0 1.0 1.3 1.0 1.0 1.0 1.0 0.637 1.0 1.0 1.0 1.0 0.795 1.0 1.0 1.0 1.0 0.694 1.0 1.0 1.0 1.0 0.69 1.0 1.0 1.0 1.0 0.706 1.0 1.0 1.099 1.214 0.859 1.121 1.061 1.301 1.114 1.206 0.771 1.176 0.829 0.888 1.062 0.753 1.288 1.17 1.225 1.283 0.839 0.794 0.868 1.056 0.715 0.925 0.918 1.248 1.259 0.845 1.245 0.848 0.94 0.791 0.848 1.303 0.965 0.938 1.139 1.087 1.268 1.302 0.982 1.224 1.311 1.332 0.802 1.294 1.349 1.211 1.235 1.39 1.311 0.814 1.245 0.621 1.105 0.866 1.069 1.319 1.089 1.412 1.3 1.102 0.657 1.607 0.726 1.04 1.237 1.42 1.444 0.993 0.918 1.458 1.035 1.005 1.463 1.036 1.249 0.996 1.596 1.1 1.159 1.404 1.31 0.606 0.895 1.069 1.0 1.494 1.442 1.301 0.816 1.0 0.913 1.34 0.755 0.851 1.0 0.829 0.838 0.761 0.725 1.0 0.81 0.664 1.293 1.167 1.0 0.669 1.123 0.803 1.179 1.0 0.777 1.658 1.071 1.099 1.0 0.975 0.732 1.037 1.167 1.0 0.847 0.723 1.23 0.757 1.0 0.886 0.722 0.671 1.061 1.0 0.898 1.128 0.682 0.98 1.0 0.715 0.954 0.689 1.033 1.0 0.698 0.953 0.893 1.025 1.0 0.753 0.73 0.923 1.042 1.0 0.818 0.942 0.638 0.849 1.0 0.856 1.147 1.0 0.997 1.0 0.681 1.092 1.0 1.047 1.0 0.744 0.967 1.0 0.774 1.0 0.764 0.809 1.0 0.877 1.0 1.0 1.1 1.0 0.811 1.0 1.0 0.943 1.0 0.711 1.0 1.0 0.992 1.0 0.721 1.0 1.0 1.3 1.0 0.767 1.0 1.0 1.281 1.0 0.67 1.0 1.0 0.746 1.0 0.672 1.0 1.0 0.748 1.0 0.649 1.0 1.0 0.726 1.0 0.698 1.0 1.0 0.791 1.0 1.0 1.0 1.0 0.746 1.0 1.0 1.0 1.0 0.778 1.0 1.0 1.0 1.0 0.673 1.0 1.0 1.0 1.0 1.0 1.0 1.0 1.0 1.0 1.0 1.0 1.0 1.0 1.0 1.0 1.0 1.0 1.0 1.0 1.0 1.0 1.0 1.0 1.0 1.0 1.0 1.0 1.0 1.0 1.0 1.0 1.0 1.0 1.0 1.0 1.0 1.0 1.0 1.0 1.0 1.0 1.0 1.0 1.0 1.0 1.0 1.0 1.0 1.0 1.0 1.0 1.0 1.0 1.0 1.0 1.0 1.0 1.0 1.0 1.0 1.0 1.0 1.0 1.0 1.0 1.0 1.0 1.0 1.0 1.0 1.0 1.0 1.0 1.0 1.0 1.0 1.0 1.0 1.0 1.0 1.0 1.0 1.0 1.0 1.0 1.0 1.0 1.0 1.0 1.0 1.0 1.0 1.0 1.0 1.0 1.0 1.0 1.0 1.0 1.0 1.0 1.0 1.0 1.0 1.0 1.0 1.0 1.0 1.0 1.0 1.0 1.0 1.0 1.0 1.0 1.0 1.0 1.0 1.0 1.0 1.0 1.0 1.0 1.0 1.0 1.0 1.0 1.0 1.0 1.0 1.0 1.0 1.0 1.0 1.0 1.0 1.0 1.0 1.0 1.0 1.0 1.0 1.0 1.0 1.0 1.0 0.867 0.993 1.155 0.875 1.061 0.949 1.299 1.246 0.845 1.147 1.136 1.322 0.806 1.013 1.31 0.81 0.863 0.732 0.683 0.806 1.338 1.322 1.317 1.231 1.135 0.811 0.805 0.74 0.492 0.787 0.985 0.907 1.313 0.857 0.83 0.97 0.851 0.965 0.764 0.999 0.818 0.776 0.91 1.354 0.749 1.067 0.954 1.226 0.795 1.21 0.792 0.975 0.942 0.872 1.301 0.746 1.027 0.99 0.783 0.768 1.154 0.689 1.16 1.0 1.142 0.794 1.152 1.09 1.0 1.261 0.965 0.742 1.18 1.0 0.71 0.64 1.007 1.151 1.0 1.175 0.864 1.14 1.014 1.0 1.06 1.013 0.685 0.976 1.0 0.781 0.751 1.063 0.843 1.0 0.712 1.066 0.993 0.792 1.0 0.741 1.055 0.994 1.22 1.0 0.739 1.094 1.076 1.079 1.0 0.729 0.734 1.12 0.755 1.0 0.753 0.891 1.136 0.756 1.0 1.581 0.965 0.622 1.078 1.0 0.929 1.01 1.114 0.763 1.0 0.72 0.694 0.912 1.252 1.0 0.725 0.728 0.619 0.765 1.0 1.0 0.68 0.816 1.069 1.0 1.0 0.829 1.381 1.254 1.0 1.0 1.002 1.049 1.256 1.0 1.0 1.068 0.727 0.717 1.0 1.0 0.656 0.894 0.764 1.0 1.0 0.655 0.875 1.298 1.0 1.0 1.0 0.683 1.311 1.0 1.0 1.0 1.229 1.247 1.0 1.0 1.0 0.683 0.753 1.0 1.0 1.0 0.707 1.167 1.0 1.0 1.0 0.696 0.859 1.0 1.0 1.0 0.69 0.878 1.0 1.0 1.0 0.752 1.057 1.0 1.0 1.0 0.701 0.718 1.0 1.0 1.0 0.683 0.694 1.0 1.0 1.0 1.025 0.699 1.0 1.0 1.0 0.892 0.679 1.0 1.0 1.0 0.67 0.698 1.0 1.0 1.0 1.093 0.666 1.0 1.0 1.0 0.901 0.595 1.0 1.0 1.0 1.023 0.624 1.0 1.0 1.0 0.703 1.0 1.0 1.0 1.0 0.641 1.0 1.0 1.0 1.0 0.664 1.0 1.0 1.0 1.0 0.753 1.0 1.0 1.0 1.0 0.658 1.0 1.0 1.0 1.0 0.67 1.0 1.0 1.0 1.0 0.697 1.0 1.0 1.0 1.0 0.72 1.0 1.0 1.0 1.0 0.726 1.0 1.0 1.0 1.0 0.698 1.0 1.0 1.0 1.0 0.687 1.0 1.0 1.0 1.0 1.0 1.0 1.0 1.0 1.0 1.0 1.0 1.0 1.0 1.0 1.0 1.0 1.0 1.0 1.0 1.0 1.0 1.0 1.0 1.0 1.0 1.0 1.0 1.0 1.0 1.0 1.0 1.0 1.0 1.0 1.0 1.0 1.0 1.0 1.0 1.0 1.0 1.0 1.0 1.0 1.0 1.0 1.0 1.0 1.0 1.0 1.0 1.0 1.0 1.0 1.0 1.0 1.0 1.0 1.0 1.0 1.0 1.0 1.0 1.0 1.0 1.0 1.0 1.0 1.0 1.0 1.0 1.0 1.0 1.0 1.0 1.0 1.0 1.0 1.0 1.0 1.0 1.0 1.0 1.211 1.214 1.046 1.158 0.828 1.139 1.303 1.233 1.235 1.211 1.335 0.886 0.807 1.283 1.209 0.813 0.855 1.062 0.725 0.831 0.899 1.18 1.22 0.992 1.115 0.82 1.135 0.95 1.195 0.799 1.27 0.481 1.066 0.741 1.242 1.005 1.159 0.744 0.951 1.082 1.15 1.252 1.331 1.144 1.137 0.95 1.315 1.333 1.272 0.82 0.784 1.135 1.226 1.196 1.321 1.064 0.641 1.124 0.958 1.214 1.261 1.326 1.385 1.346 1.022 1.264 0.475 1.424 1.123 1.329 1.091 1.527 0.676 0.87 0.85 1.274 1.23 0.681 1.427 0.832 1.03 0.988 1.25 1.316 1.0 1.38 0.621 1.273 1.487 1.0 1.455 1.315 1.283 0.646 1.0 0.849 1.213 1.313 1.384 1.0 1.108 0.645 1.371 0.651 1.0 1.096 1.297 1.108 1.211 1.0 0.811 1.166 0.935 0.966 1.0 1.099 1.492 1.447 0.709 1.0 1.13 1.5 0.876 1.084 1.0 1.31 0.985 0.741 0.999 1.0 1.266 1.519 1.128 1.042 1.0 1.191 0.846 0.768 0.727 1.0 0.987 1.586 1.166 0.885 1.0 1.184 0.553 1.098 0.649 1.0 1.118 0.801 1.126 0.868 1.0 0.699 1.182 0.789 0.986 1.0 0.707 1.3 1.075 0.751 1.0 0.707 0.98 0.762 1.0 1.0 0.72 0.602 0.886 1.0 1.0 0.7 0.685 1.0 1.0 1.0 0.667 0.648 1.0 1.0 1.0 0.631 0.692 1.0 1.0 1.0 1.062 0.7 1.0 1.0 1.0 0.738 0.706 1.0 1.0 1.0 1.203 0.702 1.0 1.0 1.0 1.221 1.0 1.0 1.0 1.0 0.963 1.0 1.0 1.0 1.0 1.289 1.0 1.0 1.0 1.0 0.769 1.0 1.0 1.0 1.0 0.889 1.0 1.0 1.0 1.0 1.106 1.0 1.0 1.0 1.0 0.75 1.0 1.0 1.0 1.0 0.813 1.0 1.0 1.0 1.0 1.0 1.0 1.0 1.0 1.0 1.0 1.0 1.0 1.0 1.0 1.0 1.0 1.0 1.0 1.0 1.0 1.0 1.0 1.0 1.0 1.0 1.0 1.0 1.0 1.0 1.0 1.0 1.0 1.0 1.0 1.0 1.0 1.0 1.0 1.0 1.0 1.0 1.0 1.0 1.0 1.0 1.0 1.0 1.0 1.0 1.0 1.0 1.0 1.0 1.0 1.0 1.0 1.0 1.0 1.0 1.0 1.0 1.0 1.0 1.0 1.0 1.0 1.0 1.0 1.0 1.0 1.0 1.0 1.0 1.0 1.0 1.0 1.0 1.0 1.0 1.0 1.0 1.0 1.0 1.0 1.0 1.0 1.0 1.0 1.0 1.0 1.0 1.0 1.0 1.0 1.0 1.0 1.0 1.0 1.0 1.0 1.0 1.0 1.0 1.0 1.0 1.0 1.0 1.0 1.0 1.0 1.0 1.0 1.0 1.0 1.0 1.0 1.0 1.0 1.0 1.0 1.0 1.0 1.0 1.0 1.0 1.0 1.0 1.0 1.0 1.0 1.0 1.0 1.0 1.0 1.0 1.0 1.0 1.0 1.0 0.867 0.913 1.155 1.158 0.828 1.295 1.126 1.25 0.775 1.224 0.802 0.744 1.05 1.155 1.223 0.921 0.736 1.278 0.764 1.077 0.94 1.345 1.274 0.874 0.867 0.952 0.848 0.715 1.038 1.121 0.956 0.954 1.281 1.068 0.927 1.161 0.892 0.703 1.25 1.202 0.861 1.017 0.855 1.365 1.114 0.716 0.848 1.068 1.348 1.216 1.349 0.99 1.106 1.333 1.09 1.03 0.975 0.854 1.383 0.554 0.61 1.161 0.908 1.472 1.232 1.339 0.895 0.874 0.856 1.441 0.809 1.282 0.996 0.958 0.614 1.317 1.316 0.957 1.0 1.209 0.861 1.254 1.334 1.0 1.308 0.871 1.171 0.831 1.0 1.286 1.163 1.239 1.2 1.0 1.486 0.904 0.909 0.968 1.0 0.734 1.044 0.61 1.313 1.0 0.828 0.969 0.626 1.148 1.0 0.876 1.17 0.825 0.676 1.0 0.859 1.404 0.883 1.05 1.0 1.939 0.99 0.89 0.987 1.0 1.043 0.871 1.259 1.095 1.0 0.732 1.435 0.884 1.097 1.0 2.025 0.831 0.952 1.09 1.0 0.934 1.096 1.092 0.826 1.0 0.669 0.889 0.812 0.725 1.0 0.795 0.952 0.791 0.756 1.0 0.79 0.993 1.466 0.868 1.0 0.654 1.0 0.945 1.129 1.0 0.763 1.0 1.03 0.823 1.0 0.699 1.0 0.764 0.882 1.0 0.682 1.0 0.913 0.71 1.0 0.718 1.0 0.864 0.79 1.0 0.745 1.0 0.825 0.702 1.0 0.7 1.0 0.711 1.368 1.0 2.397 1.0 1.0 0.707 1.0 0.637 1.0 1.0 0.71 1.0 0.651 1.0 1.0 1.014 1.0 1.0 1.0 1.0 0.738 1.0 1.0 1.0 1.0 0.764 1.0 1.0 1.0 1.0 1.948 1.0 1.0 1.0 1.0 1.0 1.0 1.0 1.0 1.0 1.0 1.0 1.0 1.0 1.0 1.0 1.0 1.0 1.0 1.0 1.0 1.0 1.0 1.0 1.0 1.0 1.0 1.0 1.0 1.0 1.0 1.0 1.0 1.0 1.0 1.0 1.0 1.0 1.0 1.0 1.0 1.0 1.0 1.0 1.0 1.0 1.0 1.0 1.0 1.0 1.0 1.0 1.0 1.0 1.0 1.0 1.0 1.0 1.0 1.0 1.0 1.0 1.0 1.0 1.0 1.0 1.0 1.0 1.0 1.0 1.0 1.0 1.0 1.0 1.0 1.0 1.0 1.0 1.0 1.0 1.0 1.0 1.0 1.0 1.0 1.0 1.0 1.0 1.0 1.0 1.0 1.0 1.0 1.0 1.0 1.0 1.0 1.0 1.0 1.0 1.0 1.0 1.0 1.0 1.0 1.0 1.0 1.0 1.0 1.0 1.0 1.0 1.0 1.0 1.0 1.0 1.0 1.0 1.0 1.0 1.0 1.0 1.0 1.0 1.0 1.0 1.0 1.0 1.0 1.0 1.0 1.0 1.0 1.0 1.0 1.0 1.0 1.0 1.0 1.0 1.0 1.0 1.0 1.0 1.0 1.0 1.0 1.0 1.0 1.0 1.0 1.0 1.0 1.0 1.0 1.0 1.0 1.0,2.3971434,1.3971434,0.44969523,0.3,0.7362281680107117,0.0003,5,5.2879443
83,0.2540924847126007,0.99275225,0.965 0.989 0.856 1.05 0.849 1.13 1.287 1.248 0.774 0.77 0.929 1.317 1.048 1.226 0.901 1.325 0.715 0.692 1.041 0.787 0.842 0.987 1.02 1.238 1.049 0.838 0.707 1.299 0.946 1.002 0.914 0.714 0.999 0.817 1.071 0.934 1.071 1.262 1.258 1.169 1.062 0.998 0.879 0.589 0.689 0.881 0.725 1.143 1.246 1.149 1.24 0.726 1.169 1.256 0.927 1.052 0.863 1.179 1.226 1.142 0.976 1.131 0.819 1.305 1.0 1.192 1.046 0.712 0.646 1.0 1.119 1.031 1.117 1.257 1.0 1.381 1.476 1.011 1.109 1.0 1.196 1.017 1.366 0.976 1.0 1.088 0.97 1.017 0.639 1.0 0.988 0.661 0.98 1.082 1.0 0.947 0.938 0.853 0.716 1.0 1.352 0.658 0.748 1.175 1.0 0.879 0.839 1.0 0.724 1.0 0.78 0.815 1.0 0.781 1.0 0.759 1.155 1.0 0.807 1.0 0.745 1.133 1.0 0.839 1.0 0.963 1.15 1.0 0.705 1.0 0.765 1.057 1.0 0.647 1.0 0.91 0.677 1.0 1.213 1.0 1.201 1.068 1.0 0.96 1.0 0.701 0.66 1.0 0.895 1.0 0.71 0.866 1.0 0.769 1.0 1.071 0.923 1.0 1.116 1.0 1.678 0.766 1.0 0.865 1.0 1.0 0.977 1.0 1.048 1.0 1.0 0.924 1.0 0.79 1.0 1.0 0.965 1.0 0.892 1.0 1.0 0.606 1.0 0.782 1.0 1.0 0.71 1.0 0.702 1.0 1.0 0.725 1.0 1.0 1.0 1.0 2.189 1.0 1.0 1.0 1.0 0.719 1.0 1.0 1.0 1.0 0.702 1.0 1.0 1.0 1.0 0.697 1.0 1.0 1.0 1.0 0.7 1.0 1.0 1.0 1.0 0.661 1.0 1.0 1.0 1.0 0.81 1.0 1.0 1.0 1.0 1.0 1.0 1.0 1.0 1.0 1.0 1.0 1.0 1.0 1.0 1.0 1.0 1.0 1.0 1.0 1.0 1.0 1.0 1.0 1.0 1.0 1.0 1.0 1.0 1.0 1.0 1.0 1.0 1.0 1.0 1.0 1.0 1.0 1.0 1.0 1.0 1.0 1.0 1.0 1.0 1.0 1.0 1.0 1.0 1.0 1.0 1.0 1.0 1.0 1.0 1.0 1.0 1.0 1.0 1.0 1.0 1.0 1.0 1.0 1.0 1.0 1.0 1.0 1.0 1.0 1.0 1.0 1.0 1.0 1.0 1.0 1.0 1.0 1.0 1.0 1.0 1.0 1.0 1.0 1.0 1.0 1.0 1.0 1.0 1.0 1.0 1.0 1.0 1.0 1.0 1.0 1.0 1.0 1.0 1.0 1.0 1.0 1.0 1.0 1.0 1.0 1.0 1.0 1.0 1.0 1.0 1.0 1.0 1.0 1.0 1.0 1.0 1.0 1.0 1.0 1.0 1.0 1.0 1.0 1.0 1.0 1.0 1.0 1.0 1.0 1.0 1.0 1.0 1.0 1.0 1.0 1.0 1.0 1.0 1.0 1.0 1.0 1.0 1.0 1.0 1.0 1.0 1.0 1.0 1.0 1.0 1.0 1.0 1.0 0.87 1.093 1.172 1.05 0.849 1.293 1.136 1.039 0.789 0.801 0.815 0.92 0.819 0.774 1.123 0.957 0.751 1.033 0.77 1.067 0.903 0.886 0.814 0.921 0.747 1.191 0.978 1.173 1.035 0.628 0.806 1.42 0.898 1.226 0.724 1.19 1.233 1.019 1.323 0.805 0.85 0.811 1.205 0.447 1.129 0.849 0.929 1.209 0.663 1.159 0.859 0.821 0.694 0.794 0.712 1.239 0.843 0.626 1.338 0.707 0.775 1.061 1.122 0.521 1.107 0.864 1.068 1.004 0.715 1.003 0.768 0.887 1.0 1.15 0.666 1.113 1.093 1.018 0.575 1.052 0.817 1.049 0.701 0.602 0.697 1.0 1.077 1.238 0.781 0.79 1.0 0.878 0.697 0.715 1.033 1.0 0.869 1.502 0.871 0.694 1.0 0.732 0.607 0.726 0.763 1.0 0.747 0.598 0.792 1.0 1.0 1.195 0.776 0.774 1.0 1.0 0.774 0.771 0.759 1.0 1.0 0.901 0.683 0.763 1.0 1.0 1.149 0.608 0.621 1.0 1.0 0.99 0.69 0.856 1.0 1.0 0.782 0.662 0.775 1.0 1.0 0.671 0.849 0.686 1.0 1.0 0.677 0.584 1.0 1.0 1.0 1.206 0.676 1.0 1.0 1.0 0.766 0.627 1.0 1.0 1.0 0.723 0.658 1.0 1.0 1.0 1.144 1.79 1.0 1.0 1.0 0.696 1.0 1.0 1.0 1.0 0.693 1.0 1.0 1.0 1.0 1.087 1.0 1.0 1.0 1.0 0.745 1.0 1.0 1.0 1.0 0.7 1.0 1.0 1.0 1.0 0.752 1.0 1.0 1.0 1.0 0.984 1.0 1.0 1.0 1.0 0.706 1.0 1.0 1.0 1.0 0.811 1.0 1.0 1.0 1.0 0.801 1.0 1.0 1.0 1.0 0.869 1.0 1.0 1.0 1.0 0.696 1.0 1.0 1.0 1.0 2.243 1.0 1.0 1.0 1.0 1.643 1.0 1.0 1.0 1.0 0.783 1.0 1.0 1.0 1.0 1.0 1.0 1.0 1.0 1.0 1.0 1.0 1.0 1.0 1.0 1.0 1.0 1.0 1.0 1.0 1.0 1.0 1.0 1.0 1.0 1.0 1.0 1.0 1.0 1.0 1.0 1.0 1.0 1.0 1.0 1.0 1.0 1.0 1.0 1.0 1.0 1.0 1.0 1.0 1.0 1.0 1.0 1.0 1.0 1.0 1.0 1.0 1.0 1.0 1.0 1.0 1.0 1.0 1.0 1.0 1.0 1.0 1.0 1.0 1.0 1.0 1.0 1.0 1.0 1.0 1.0 1.0 1.0 1.0 1.0 1.0 1.0 1.0 1.0 1.0 1.0 1.0 1.0 1.0 1.0 1.0 1.0 1.0 1.0 1.0 1.0 1.0 1.0 1.0 1.0 1.0 1.0 1.0 1.0 1.0 1.0 1.0 1.0 1.0 1.0 1.0 1.0 1.0 1.0 1.0 1.0 1.0 1.0 1.0 1.0 1.0 1.0 1.0 1.0 1.0 1.0 1.0 1.0 1.0 1.0 1.0 1.0 1.0 1.0 1.0 1.0 1.0 1.0 1.0 1.0 1.0 1.0 1.0 1.0 1.212 0.989 0.812 1.157 0.828 1.156 1.127 1.253 1.061 0.769 1.331 1.348 1.049 1.229 1.193 1.192 0.874 1.235 1.247 0.942 1.343 0.959 1.227 1.043 0.89 1.34 1.25 1.038 1.275 1.193 1.295 1.094 0.929 0.704 0.66 1.262 0.867 0.972 1.009 1.256 0.856 0.965 1.055 1.297 0.529 0.901 1.001 1.049 0.917 1.131 1.049 1.258 1.304 1.117 1.174 0.936 0.676 1.043 1.156 0.546 1.089 1.184 1.047 0.685 0.758 0.845 1.1 0.697 1.234 0.868 1.57 1.438 0.786 1.304 0.843 0.6 0.767 0.78 1.095 0.841 1.033 0.785 0.857 1.337 0.885 0.582 0.91 0.671 1.258 0.861 0.796 0.59 0.88 0.641 0.964 0.978 0.622 0.782 0.893 1.383 0.699 0.736 1.375 1.228 0.68 0.765 0.869 1.0 0.95 0.981 0.759 0.692 1.0 0.668 0.637 0.659 0.742 1.0 1.329 1.0 0.666 1.509 1.0 1.537 1.0 0.682 0.736 1.0 0.711 1.0 0.687 1.2 1.0 1.087 1.0 0.756 0.954 1.0 0.67 1.0 1.021 0.786 1.0 0.879 1.0 1.128 1.311 1.0 0.786 1.0 0.688 0.795 1.0 0.651 1.0 1.216 0.761 1.0 1.0 1.0 0.719 0.735 1.0 1.0 1.0 0.722 0.732 1.0 1.0 1.0 1.015 0.67 1.0 1.0 1.0 1.118 0.704 1.0 1.0 1.0 0.851 0.701 1.0 1.0 1.0 1.048 0.985 1.0 1.0 1.0 0.972 1.0 1.0 1.0 1.0 0.744 1.0 1.0 1.0 1.0 0.77 1.0 1.0 1.0 1.0 0.734 1.0 1.0 1.0 1.0 0.794 1.0 1.0 1.0 1.0 0.701 1.0 1.0 1.0 1.0 0.843 1.0 1.0 1.0 1.0 0.921 1.0 1.0 1.0 1.0 1.059 1.0 1.0 1.0 1.0 0.91 1.0 1.0 1.0 1.0 0.748 1.0 1.0 1.0 1.0 0.823 1.0 1.0 1.0 1.0 1.534 1.0 1.0 1.0 1.0 0.613 1.0 1.0 1.0 1.0 1.0 1.0 1.0 1.0 1.0 1.0 1.0 1.0 1.0 1.0 1.0 1.0 1.0 1.0 1.0 1.0 1.0 1.0 1.0 1.0 1.0 1.0 1.0 1.0 1.0 1.0 1.0 1.0 1.0 1.0 1.0 1.0 1.0 1.0 1.0 1.0 1.0 1.0 1.0 1.0 1.0 1.0 1.0 1.0 1.0 1.0 1.0 1.0 1.0 1.0 1.0 1.0 1.0 1.0 1.0 1.0 1.0 1.0 1.0 1.0 1.0 1.0 1.0 1.0 1.0 1.0 1.0 1.0 1.0 1.0 1.0 1.0 1.0 1.0 1.0 1.0 1.0 1.0 1.0 1.0 1.0 1.0 1.0 1.0 1.0 1.0 1.0 1.0 1.0 1.0 1.0 1.0 1.0 1.0 1.0 1.0 1.0 1.0 1.0 1.0 1.0 1.0 1.0 1.0 1.0 1.0 1.0 1.0 1.0 1.0 1.0 1.0 1.0 1.0 1.0 1.0 1.0 1.0 1.0 1.0 1.212 0.911 0.812 1.157 1.132 0.833 1.126 1.204 0.837 0.763 1.178 0.862 1.052 0.827 1.091 0.818 0.859 1.304 0.921 1.284 0.939 1.246 0.802 1.264 0.875 0.982 0.977 1.245 0.699 1.331 1.246 1.281 1.222 1.295 0.722 0.608 1.235 1.298 1.297 1.423 1.306 1.116 1.305 1.219 1.329 1.191 1.085 0.72 1.296 1.298 1.281 1.22 0.912 1.306 1.298 1.255 1.3 1.186 1.324 1.418 1.16 1.195 0.827 1.127 1.297 1.305 1.301 1.297 1.32 0.882 1.284 1.347 1.272 1.309 1.301 0.874 1.302 1.247 1.261 0.748 1.36 0.644 1.298 0.839 1.3 1.261 1.304 0.746 1.312 0.9 0.668 1.251 1.304 0.874 1.27 1.216 1.193 1.162 0.786 1.299 1.377 0.747 1.366 1.244 1.303 0.805 1.131 1.159 0.812 0.794 1.329 1.415 1.23 0.906 1.281 1.188 0.987 1.171 1.267 0.843 1.184 1.016 0.806 1.318 0.802 1.075 1.267 1.014 0.934 0.888 1.43 0.967 0.986 1.166 1.426 1.143 1.029 1.099 1.143 1.216 0.739 1.356 0.864 0.656 0.716 0.645 1.0 0.855 0.622 1.0 0.691 1.0 0.786 1.0 1.0 0.737 1.0 0.824 1.0 1.0 0.773 1.0 1.272 1.0 1.0 0.965 1.0 1.288 1.0 1.0 2.049 1.0 1.38 1.0 1.0 0.718 1.0 0.875 1.0 1.0 1.965 1.0 0.767 1.0 1.0 0.777 1.0 0.756 1.0 1.0 0.864 1.0 0.752 1.0 1.0 0.759 1.0 0.747 1.0 1.0 1.0 1.0 0.628 1.0 1.0 1.0 1.0 1.47 1.0 1.0 1.0 1.0 1.282 1.0 1.0 1.0 1.0 1.118 1.0 1.0 1.0 1.0 1.01 1.0 1.0 1.0 1.0 0.983 1.0 1.0 1.0 1.0 0.904 1.0 1.0 1.0 1.0 0.997 1.0 1.0 1.0 1.0 1.353 1.0 1.0 1.0 1.0 1.34 1.0 1.0 1.0 1.0 0.839 1.0 1.0 1.0 1.0 0.756 1.0 1.0 1.0 1.0 0.686 1.0 1.0 1.0 1.0 1.051 1.0 1.0 1.0 1.0 0.908 1.0 1.0 1.0 1.0 0.939 1.0 1.0 1.0 1.0 1.019 1.0 1.0 1.0 1.0 1.018 1.0 1.0 1.0 1.0 0.603 1.0 1.0 1.0 1.0 0.865 1.0 1.0 1.0 1.0 1.018 1.0 1.0 1.0 1.0 1.376 1.0 1.0 1.0 1.0 0.615 1.0 1.0 1.0 1.0 0.655 1.0 1.0 1.0 1.0 0.686 1.0 1.0 1.0 1.0 0.678 1.0 1.0 1.0 1.0 0.97 1.0 1.0 1.0 1.0 0.64 1.0 1.0 1.0 1.0 1.068 1.0 1.0 1.0 1.0 0.75 1.0 1.0 1.0 1.0 1.305 1.0 1.0 1.0 1.0 0.635 1.0 1.0 1.0 1.0 0.794 1.0 1.0 1.0 1.0 0.694 1.0 1.0 1.0 1.0 0.688 1.0 1.0 1.0 1.0 0.706 1.0 1.0 1.104 1.215 0.856 1.121 1.064 1.3 1.121 1.206 0.771 1.173 0.832 0.884 1.069 0.754 1.288 1.18 1.227 1.28 0.842 0.789 0.869 1.056 0.716 0.929 0.915 1.251 1.261 0.847 1.247 0.85 0.938 0.793 0.851 1.301 0.965 0.941 1.138 1.087 1.273 1.302 0.986 1.224 1.311 1.331 0.805 1.294 1.349 1.217 1.236 1.389 1.311 0.817 1.245 0.62 1.104 0.858 1.071 1.323 1.083 1.411 1.3 1.099 0.657 1.612 0.727 1.047 1.239 1.423 1.445 0.992 0.916 1.459 1.04 1.007 1.463 1.041 1.252 1.0 1.597 1.1 1.158 1.405 1.31 0.606 0.894 1.068 1.0 1.497 1.443 1.303 0.815 1.0 0.913 1.342 0.756 0.849 1.0 0.828 0.839 0.762 0.721 1.0 0.81 0.664 1.295 1.165 1.0 0.669 1.124 0.804 1.179 1.0 0.775 1.661 1.069 1.098 1.0 0.973 0.732 1.035 1.177 1.0 0.847 0.722 1.231 0.754 1.0 0.887 0.723 0.67 1.057 1.0 0.9 1.126 0.681 0.978 1.0 0.705 0.95 0.688 1.033 1.0 0.699 0.95 0.889 1.025 1.0 0.748 0.73 0.921 1.038 1.0 0.814 0.939 0.637 0.848 1.0 0.852 1.15 1.0 0.992 1.0 0.681 1.095 1.0 1.049 1.0 0.743 0.968 1.0 0.775 1.0 0.759 0.81 1.0 0.879 1.0 1.0 1.096 1.0 0.812 1.0 1.0 0.945 1.0 0.71 1.0 1.0 0.994 1.0 0.719 1.0 1.0 1.293 1.0 0.757 1.0 1.0 1.277 1.0 0.669 1.0 1.0 0.747 1.0 0.673 1.0 1.0 0.749 1.0 0.646 1.0 1.0 0.728 1.0 0.699 1.0 1.0 0.784 1.0 1.0 1.0 1.0 0.738 1.0 1.0 1.0 1.0 0.774 1.0 1.0 1.0 1.0 0.675 1.0 1.0 1.0 1.0 1.0 1.0 1.0 1.0 1.0 1.0 1.0 1.0 1.0 1.0 1.0 1.0 1.0 1.0 1.0 1.0 1.0 1.0 1.0 1.0 1.0 1.0 1.0 1.0 1.0 1.0 1.0 1.0 1.0 1.0 1.0 1.0 1.0 1.0 1.0 1.0 1.0 1.0 1.0 1.0 1.0 1.0 1.0 1.0 1.0 1.0 1.0 1.0 1.0 1.0 1.0 1.0 1.0 1.0 1.0 1.0 1.0 1.0 1.0 1.0 1.0 1.0 1.0 1.0 1.0 1.0 1.0 1.0 1.0 1.0 1.0 1.0 1.0 1.0 1.0 1.0 1.0 1.0 1.0 1.0 1.0 1.0 1.0 1.0 1.0 1.0 1.0 1.0 1.0 1.0 1.0 1.0 1.0 1.0 1.0 1.0 1.0 1.0 1.0 1.0 1.0 1.0 1.0 1.0 1.0 1.0 1.0 1.0 1.0 1.0 1.0 1.0 1.0 1.0 1.0 1.0 1.0 1.0 1.0 1.0 1.0 1.0 1.0 1.0 1.0 1.0 1.0 1.0 1.0 1.0 1.0 1.0 1.0 1.0 1.0 1.0 1.0 1.0 1.0 1.0 1.0 1.0 0.867 0.989 1.155 0.873 1.064 0.943 1.299 1.245 0.841 1.143 1.144 1.321 0.801 1.011 1.311 0.813 0.858 0.733 0.683 0.8 1.336 1.32 1.315 1.234 1.131 0.814 0.809 0.742 0.49 0.789 0.991 0.9 1.311 0.852 0.831 0.967 0.856 0.971 0.767 0.996 0.82 0.777 0.906 1.358 0.75 1.065 0.948 1.222 0.797 1.212 0.79 0.969 0.939 0.871 1.303 0.748 1.034 0.994 0.785 0.769 1.152 0.691 1.165 1.0 1.139 0.794 1.146 1.094 1.0 1.26 0.964 0.745 1.181 1.0 0.71 0.64 1.003 1.153 1.0 1.176 0.863 1.15 1.017 1.0 1.061 1.009 0.681 0.976 1.0 0.78 0.754 1.061 0.846 1.0 0.712 1.064 0.989 0.788 1.0 0.741 1.052 0.994 1.227 1.0 0.738 1.092 1.077 1.079 1.0 0.728 0.735 1.127 0.75 1.0 0.754 0.893 1.135 0.752 1.0 1.585 0.97 0.618 1.077 1.0 0.926 1.015 1.11 0.759 1.0 0.72 0.694 0.911 1.246 1.0 0.725 0.729 0.614 0.761 1.0 1.0 0.68 0.814 1.069 1.0 1.0 0.83 1.392 1.263 1.0 1.0 0.997 1.043 1.265 1.0 1.0 1.073 0.726 0.719 1.0 1.0 0.654 0.891 0.759 1.0 1.0 0.655 0.872 1.291 1.0 1.0 1.0 0.684 1.304 1.0 1.0 1.0 1.221 1.241 1.0 1.0 1.0 0.684 0.753 1.0 1.0 1.0 0.703 1.172 1.0 1.0 1.0 0.693 0.859 1.0 1.0 1.0 0.687 0.875 1.0 1.0 1.0 0.75 1.061 1.0 1.0 1.0 0.699 0.715 1.0 1.0 1.0 0.681 0.696 1.0 1.0 1.0 1.02 0.698 1.0 1.0 1.0 0.887 0.678 1.0 1.0 1.0 0.671 0.698 1.0 1.0 1.0 1.097 0.664 1.0 1.0 1.0 0.901 0.595 1.0 1.0 1.0 1.024 0.624 1.0 1.0 1.0 0.696 1.0 1.0 1.0 1.0 0.638 1.0 1.0 1.0 1.0 0.664 1.0 1.0 1.0 1.0 0.745 1.0 1.0 1.0 1.0 0.659 1.0 1.0 1.0 1.0 0.67 1.0 1.0 1.0 1.0 0.698 1.0 1.0 1.0 1.0 0.718 1.0 1.0 1.0 1.0 0.724 1.0 1.0 1.0 1.0 0.698 1.0 1.0 1.0 1.0 0.685 1.0 1.0 1.0 1.0 1.0 1.0 1.0 1.0 1.0 1.0 1.0 1.0 1.0 1.0 1.0 1.0 1.0 1.0 1.0 1.0 1.0 1.0 1.0 1.0 1.0 1.0 1.0 1.0 1.0 1.0 1.0 1.0 1.0 1.0 1.0 1.0 1.0 1.0 1.0 1.0 1.0 1.0 1.0 1.0 1.0 1.0 1.0 1.0 1.0 1.0 1.0 1.0 1.0 1.0 1.0 1.0 1.0 1.0 1.0 1.0 1.0 1.0 1.0 1.0 1.0 1.0 1.0 1.0 1.0 1.0 1.0 1.0 1.0 1.0 1.0 1.0 1.0 1.0 1.0 1.0 1.0 1.0 1.0 1.212 1.215 1.05 1.157 0.828 1.146 1.304 1.232 1.233 1.212 1.335 0.882 0.802 1.281 1.209 0.814 0.855 1.069 0.727 0.833 0.891 1.182 1.222 0.998 1.117 0.821 1.133 0.952 1.193 0.799 1.272 0.48 1.066 0.743 1.245 1.009 1.16 0.746 0.948 1.082 1.152 1.252 1.331 1.148 1.138 0.946 1.314 1.333 1.271 0.824 0.784 1.135 1.229 1.196 1.322 1.062 0.639 1.125 0.953 1.213 1.264 1.328 1.388 1.346 1.021 1.268 0.472 1.427 1.126 1.33 1.089 1.53 0.676 0.873 0.854 1.275 1.231 0.681 1.428 0.836 1.028 0.989 1.25 1.319 1.0 1.382 0.619 1.273 1.489 1.0 1.46 1.314 1.288 0.646 1.0 0.839 1.225 1.311 1.385 1.0 1.113 0.641 1.37 0.651 1.0 1.104 1.297 1.112 1.213 1.0 0.81 1.177 0.937 0.964 1.0 1.104 1.495 1.446 0.709 1.0 1.136 1.505 0.88 1.079 1.0 1.311 0.988 0.742 0.999 1.0 1.268 1.525 1.121 1.042 1.0 1.193 0.849 0.769 0.728 1.0 0.99 1.593 1.161 0.886 1.0 1.178 0.551 1.092 0.648 1.0 1.111 0.803 1.12 0.869 1.0 0.698 1.184 0.785 0.983 1.0 0.705 1.299 1.068 0.75 1.0 0.705 0.969 0.763 1.0 1.0 0.718 0.601 0.887 1.0 1.0 0.7 0.685 1.0 1.0 1.0 0.667 0.647 1.0 1.0 1.0 0.63 0.692 1.0 1.0 1.0 1.061 0.701 1.0 1.0 1.0 0.738 0.704 1.0 1.0 1.0 1.203 0.702 1.0 1.0 1.0 1.221 1.0 1.0 1.0 1.0 0.964 1.0 1.0 1.0 1.0 1.277 1.0 1.0 1.0 1.0 0.769 1.0 1.0 1.0 1.0 0.889 1.0 1.0 1.0 1.0 1.102 1.0 1.0 1.0 1.0 0.749 1.0 1.0 1.0 1.0 0.815 1.0 1.0 1.0 1.0 1.0 1.0 1.0 1.0 1.0 1.0 1.0 1.0 1.0 1.0 1.0 1.0 1.0 1.0 1.0 1.0 1.0 1.0 1.0 1.0 1.0 1.0 1.0 1.0 1.0 1.0 1.0 1.0 1.0 1.0 1.0 1.0 1.0 1.0 1.0 1.0 1.0 1.0 1.0 1.0 1.0 1.0 1.0 1.0 1.0 1.0 1.0 1.0 1.0 1.0 1.0 1.0 1.0 1.0 1.0 1.0 1.0 1.0 1.0 1.0 1.0 1.0 1.0 1.0 1.0 1.0 1.0 1.0 1.0 1.0 1.0 1.0 1.0 1.0 1.0 1.0 1.0 1.0 1.0 1.0 1.0 1.0 1.0 1.0 1.0 1.0 1.0 1.0 1.0 1.0 1.0 1.0 1.0 1.0 1.0 1.0 1.0 1.0 1.0 1.0 1.0 1.0 1.0 1.0 1.0 1.0 1.0 1.0 1.0 1.0 1.0 1.0 1.0 1.0 1.0 1.0 1.0 1.0 1.0 1.0 1.0 1.0 1.0 1.0 1.0 1.0 1.0 1.0 1.0 1.0 1.0 1.0 1.0 1.0 1.0 0.867 0.911 1.155 1.157 0.828 1.295 1.133 1.249 0.776 1.225 0.797 0.745 1.056 1.153 1.219 0.921 0.737 1.276 0.766 1.085 0.936 1.344 1.271 0.869 0.868 0.948 0.84 0.717 1.036 1.117 0.953 0.96 1.279 1.065 0.927 1.162 0.894 0.706 1.252 1.201 0.862 1.019 0.851 1.363 1.115 0.717 0.849 1.076 1.353 1.218 1.348 0.987 1.114 1.332 1.091 1.029 0.975 0.85 1.39 0.552 0.609 1.161 0.905 1.478 1.233 1.34 0.898 0.876 0.856 1.443 0.81 1.282 1.0 0.96 0.614 1.318 1.315 0.956 1.0 1.208 0.863 1.253 1.336 1.0 1.309 0.873 1.173 0.832 1.0 1.286 1.166 1.244 1.204 1.0 1.489 0.907 0.912 0.968 1.0 0.735 1.041 0.609 1.314 1.0 0.828 0.966 0.625 1.151 1.0 0.871 1.171 0.821 0.675 1.0 0.853 1.407 0.884 1.045 1.0 1.95 0.992 0.892 0.986 1.0 1.039 0.869 1.264 1.09 1.0 0.732 1.439 0.885 1.101 1.0 2.037 0.829 0.956 1.084 1.0 0.93 1.097 1.091 0.826 1.0 0.668 0.89 0.8 0.724 1.0 0.788 0.941 0.789 0.756 1.0 0.789 0.993 1.471 0.864 1.0 0.653 1.0 0.932 1.121 1.0 0.755 1.0 1.017 0.825 1.0 0.699 1.0 0.762 0.884 1.0 0.682 1.0 0.912 0.709 1.0 0.716 1.0 0.865 0.792 1.0 0.746 1.0 0.825 0.703 1.0 0.696 1.0 0.708 1.362 1.0 2.399 1.0 1.0 0.708 1.0 0.637 1.0 1.0 0.71 1.0 0.647 1.0 1.0 1.009 1.0 1.0 1.0 1.0 0.739 1.0 1.0 1.0 1.0 0.761 1.0 1.0 1.0 1.0 1.945 1.0 1.0 1.0 1.0 1.0 1.0 1.0 1.0 1.0 1.0 1.0 1.0 1.0 1.0 1.0 1.0 1.0 1.0 1.0 1.0 1.0 1.0 1.0 1.0 1.0 1.0 1.0 1.0 1.0 1.0 1.0 1.0 1.0 1.0 1.0 1.0 1.0 1.0 1.0 1.0 1.0 1.0 1.0 1.0 1.0 1.0 1.0 1.0 1.0 1.0 1.0 1.0 1.0 1.0 1.0 1.0 1.0 1.0 1.0 1.0 1.0 1.0 1.0 1.0 1.0 1.0 1.0 1.0 1.0 1.0 1.0 1.0 1.0 1.0 1.0 1.0 1.0 1.0 1.0 1.0 1.0 1.0 1.0 1.0 1.0 1.0 1.0 1.0 1.0 1.0 1.0 1.0 1.0 1.0 1.0 1.0 1.0 1.0 1.0 1.0 1.0 1.0 1.0 1.0 1.0 1.0 1.0 1.0 1.0 1.0 1.0 1.0 1.0 1.0 1.0 1.0 1.0 1.0 1.0 1.0 1.0 1.0 1.0 1.0 1.0 1.0 1.0 1.0 1.0 1.0 1.0 1.0 1.0 1.0 1.0 1.0 1.0 1.0 1.0 1.0 1.0 1.0 1.0 1.0 1.0 1.0 1.0 1.0 1.0 1.0 1.0 1.0 1.0 1.0 1.0 1.0 1.0,2.3993568,1.3993568,0.4471616,0.3,0.7409356832504272,0.0003,5,5.297191
84,0.256546288728714,0.9926665,0.961 0.985 0.853 1.054 0.846 1.138 1.286 1.247 0.775 0.771 0.922 1.316 1.054 1.223 0.898 1.323 0.716 0.693 1.047 0.787 0.837 0.98 1.027 1.236 1.047 0.833 0.708 1.299 0.942 1.0 0.908 0.716 0.997 0.818 1.069 0.937 1.079 1.261 1.26 1.167 1.061 0.991 0.877 0.59 0.69 0.879 0.728 1.141 1.248 1.15 1.239 0.73 1.169 1.257 0.933 1.06 0.86 1.178 1.229 1.143 0.982 1.139 0.821 1.305 1.0 1.19 1.042 0.713 0.645 1.0 1.119 1.026 1.119 1.256 1.0 1.381 1.471 1.008 1.109 1.0 1.192 1.02 1.366 0.975 1.0 1.083 0.972 1.01 0.639 1.0 0.988 0.663 0.978 1.083 1.0 0.946 0.94 0.856 0.714 1.0 1.352 0.66 0.748 1.173 1.0 0.878 0.834 1.0 0.723 1.0 0.783 0.814 1.0 0.781 1.0 0.761 1.154 1.0 0.807 1.0 0.745 1.14 1.0 0.839 1.0 0.962 1.157 1.0 0.705 1.0 0.767 1.051 1.0 0.645 1.0 0.909 0.675 1.0 1.217 1.0 1.201 1.073 1.0 0.955 1.0 0.701 0.659 1.0 0.894 1.0 0.71 0.857 1.0 0.769 1.0 1.07 0.919 1.0 1.119 1.0 1.674 0.758 1.0 0.865 1.0 1.0 0.98 1.0 1.051 1.0 1.0 0.921 1.0 0.788 1.0 1.0 0.969 1.0 0.886 1.0 1.0 0.605 1.0 0.781 1.0 1.0 0.711 1.0 0.699 1.0 1.0 0.719 1.0 1.0 1.0 1.0 2.191 1.0 1.0 1.0 1.0 0.716 1.0 1.0 1.0 1.0 0.702 1.0 1.0 1.0 1.0 0.697 1.0 1.0 1.0 1.0 0.7 1.0 1.0 1.0 1.0 0.661 1.0 1.0 1.0 1.0 0.808 1.0 1.0 1.0 1.0 1.0 1.0 1.0 1.0 1.0 1.0 1.0 1.0 1.0 1.0 1.0 1.0 1.0 1.0 1.0 1.0 1.0 1.0 1.0 1.0 1.0 1.0 1.0 1.0 1.0 1.0 1.0 1.0 1.0 1.0 1.0 1.0 1.0 1.0 1.0 1.0 1.0 1.0 1.0 1.0 1.0 1.0 1.0 1.0 1.0 1.0 1.0 1.0 1.0 1.0 1.0 1.0 1.0 1.0 1.0 1.0 1.0 1.0 1.0 1.0 1.0 1.0 1.0 1.0 1.0 1.0 1.0 1.0 1.0 1.0 1.0 1.0 1.0 1.0 1.0 1.0 1.0 1.0 1.0 1.0 1.0 1.0 1.0 1.0 1.0 1.0 1.0 1.0 1.0 1.0 1.0 1.0 1.0 1.0 1.0 1.0 1.0 1.0 1.0 1.0 1.0 1.0 1.0 1.0 1.0 1.0 1.0 1.0 1.0 1.0 1.0 1.0 1.0 1.0 1.0 1.0 1.0 1.0 1.0 1.0 1.0 1.0 1.0 1.0 1.0 1.0 1.0 1.0 1.0 1.0 1.0 1.0 1.0 1.0 1.0 1.0 1.0 1.0 1.0 1.0 1.0 1.0 1.0 1.0 1.0 1.0 1.0 1.0 1.0 0.867 1.098 1.172 1.054 0.846 1.292 1.144 1.044 0.79 0.797 0.81 0.913 0.815 0.775 1.12 0.954 0.752 1.04 0.773 1.07 0.9 0.881 0.809 0.924 0.748 1.19 0.984 1.171 1.033 0.629 0.808 1.421 0.9 1.23 0.725 1.188 1.231 1.017 1.325 0.808 0.855 0.812 1.204 0.445 1.129 0.853 0.928 1.212 0.662 1.158 0.862 0.823 0.693 0.797 0.713 1.24 0.846 0.623 1.338 0.708 0.766 1.063 1.12 0.519 1.108 0.859 1.066 1.001 0.716 0.999 0.764 0.884 0.997 1.149 0.666 1.113 1.094 1.018 0.574 1.048 0.813 1.05 0.701 0.602 0.697 1.0 1.072 1.24 0.776 0.793 1.0 0.876 0.696 0.716 1.028 1.0 0.866 1.506 0.867 0.688 1.0 0.729 0.606 0.727 0.764 1.0 0.743 0.591 0.787 1.0 1.0 1.197 0.775 0.772 1.0 1.0 0.77 0.771 0.756 1.0 1.0 0.887 0.68 0.758 1.0 1.0 1.155 0.605 0.619 1.0 1.0 0.975 0.689 0.844 1.0 1.0 0.784 0.658 0.775 1.0 1.0 0.672 0.838 0.686 1.0 1.0 0.676 0.578 1.0 1.0 1.0 1.2 0.678 1.0 1.0 1.0 0.769 0.628 1.0 1.0 1.0 0.726 0.66 1.0 1.0 1.0 1.149 1.79 1.0 1.0 1.0 0.699 1.0 1.0 1.0 1.0 0.696 1.0 1.0 1.0 1.0 1.09 1.0 1.0 1.0 1.0 0.74 1.0 1.0 1.0 1.0 0.698 1.0 1.0 1.0 1.0 0.747 1.0 1.0 1.0 1.0 0.985 1.0 1.0 1.0 1.0 0.704 1.0 1.0 1.0 1.0 0.807 1.0 1.0 1.0 1.0 0.798 1.0 1.0 1.0 1.0 0.86 1.0 1.0 1.0 1.0 0.699 1.0 1.0 1.0 1.0 2.25 1.0 1.0 1.0 1.0 1.643 1.0 1.0 1.0 1.0 0.783 1.0 1.0 1.0 1.0 1.0 1.0 1.0 1.0 1.0 1.0 1.0 1.0 1.0 1.0 1.0 1.0 1.0 1.0 1.0 1.0 1.0 1.0 1.0 1.0 1.0 1.0 1.0 1.0 1.0 1.0 1.0 1.0 1.0 1.0 1.0 1.0 1.0 1.0 1.0 1.0 1.0 1.0 1.0 1.0 1.0 1.0 1.0 1.0 1.0 1.0 1.0 1.0 1.0 1.0 1.0 1.0 1.0 1.0 1.0 1.0 1.0 1.0 1.0 1.0 1.0 1.0 1.0 1.0 1.0 1.0 1.0 1.0 1.0 1.0 1.0 1.0 1.0 1.0 1.0 1.0 1.0 1.0 1.0 1.0 1.0 1.0 1.0 1.0 1.0 1.0 1.0 1.0 1.0 1.0 1.0 1.0 1.0 1.0 1.0 1.0 1.0 1.0 1.0 1.0 1.0 1.0 1.0 1.0 1.0 1.0 1.0 1.0 1.0 1.0 1.0 1.0 1.0 1.0 1.0 1.0 1.0 1.0 1.0 1.0 1.0 1.0 1.0 1.0 1.0 1.0 1.0 1.0 1.0 1.0 1.0 1.0 1.0 1.0 1.211 0.985 0.812 1.157 0.828 1.163 1.135 1.252 1.067 0.77 1.331 1.347 1.056 1.227 1.192 1.203 0.869 1.233 1.244 0.945 1.342 0.952 1.224 1.049 0.892 1.352 1.261 1.045 1.272 1.192 1.295 1.101 0.926 0.706 0.66 1.272 0.868 0.969 1.015 1.258 0.85 0.963 1.052 1.296 0.529 0.896 0.998 1.047 0.92 1.13 1.052 1.261 1.306 1.116 1.174 0.941 0.678 1.041 1.16 0.546 1.093 1.181 1.044 0.684 0.76 0.839 1.097 0.697 1.232 0.867 1.579 1.442 0.785 1.305 0.846 0.593 0.758 0.783 1.093 0.844 1.027 0.776 0.857 1.339 0.878 0.581 0.909 0.666 1.256 0.855 0.797 0.59 0.879 0.64 0.961 0.973 0.622 0.785 0.895 1.384 0.7 0.737 1.372 1.228 0.679 0.76 0.868 1.0 0.951 0.979 0.76 0.692 1.0 0.667 0.637 0.653 0.744 1.0 1.33 1.0 0.667 1.514 1.0 1.537 1.0 0.681 0.738 1.0 0.711 1.0 0.689 1.194 1.0 1.086 1.0 0.758 0.952 1.0 0.669 1.0 1.027 0.785 1.0 0.874 1.0 1.127 1.312 1.0 0.786 1.0 0.683 0.795 1.0 0.651 1.0 1.223 0.763 1.0 1.0 1.0 0.717 0.733 1.0 1.0 1.0 0.718 0.731 1.0 1.0 1.0 1.01 0.669 1.0 1.0 1.0 1.125 0.704 1.0 1.0 1.0 0.848 0.699 1.0 1.0 1.0 1.047 0.984 1.0 1.0 1.0 0.971 1.0 1.0 1.0 1.0 0.742 1.0 1.0 1.0 1.0 0.765 1.0 1.0 1.0 1.0 0.73 1.0 1.0 1.0 1.0 0.791 1.0 1.0 1.0 1.0 0.703 1.0 1.0 1.0 1.0 0.831 1.0 1.0 1.0 1.0 0.91 1.0 1.0 1.0 1.0 1.043 1.0 1.0 1.0 1.0 0.906 1.0 1.0 1.0 1.0 0.746 1.0 1.0 1.0 1.0 0.827 1.0 1.0 1.0 1.0 1.524 1.0 1.0 1.0 1.0 0.612 1.0 1.0 1.0 1.0 1.0 1.0 1.0 1.0 1.0 1.0 1.0 1.0 1.0 1.0 1.0 1.0 1.0 1.0 1.0 1.0 1.0 1.0 1.0 1.0 1.0 1.0 1.0 1.0 1.0 1.0 1.0 1.0 1.0 1.0 1.0 1.0 1.0 1.0 1.0 1.0 1.0 1.0 1.0 1.0 1.0 1.0 1.0 1.0 1.0 1.0 1.0 1.0 1.0 1.0 1.0 1.0 1.0 1.0 1.0 1.0 1.0 1.0 1.0 1.0 1.0 1.0 1.0 1.0 1.0 1.0 1.0 1.0 1.0 1.0 1.0 1.0 1.0 1.0 1.0 1.0 1.0 1.0 1.0 1.0 1.0 1.0 1.0 1.0 1.0 1.0 1.0 1.0 1.0 1.0 1.0 1.0 1.0 1.0 1.0 1.0 1.0 1.0 1.0 1.0 1.0 1.0 1.0 1.0 1.0 1.0 1.0 1.0 1.0 1.0 1.0 1.0 1.0 1.0 1.0 1.0 1.0 1.0 1.0 1.0 1.211 0.908 0.812 1.157 1.131 0.835 1.133 1.203 0.833 0.763 1.188 0.858 1.058 0.822 1.098 0.821 0.855 1.303 0.923 1.284 0.943 1.247 0.797 1.267 0.876 0.979 0.974 1.245 0.699 1.334 1.251 1.284 1.222 1.295 0.722 0.608 1.235 1.296 1.298 1.425 1.308 1.128 1.303 1.219 1.33 1.204 1.096 0.719 1.298 1.3 1.279 1.222 0.91 1.306 1.301 1.251 1.3 1.192 1.327 1.423 1.159 1.2 0.826 1.126 1.294 1.303 1.3 1.299 1.322 0.881 1.286 1.346 1.278 1.311 1.302 0.874 1.304 1.248 1.261 0.75 1.361 0.644 1.3 0.839 1.297 1.258 1.302 0.742 1.312 0.906 0.668 1.25 1.307 0.879 1.273 1.222 1.194 1.167 0.788 1.299 1.378 0.748 1.37 1.248 1.303 0.804 1.131 1.16 0.815 0.796 1.327 1.416 1.232 0.909 1.28 1.186 0.992 1.178 1.266 0.843 1.183 1.022 0.8 1.318 0.803 1.079 1.265 1.016 0.937 0.892 1.428 0.972 0.987 1.165 1.427 1.142 1.036 1.104 1.148 1.212 0.738 1.353 0.861 0.656 0.717 0.643 1.0 0.852 0.622 1.0 0.689 1.0 0.783 1.0 1.0 0.735 1.0 0.828 1.0 1.0 0.771 1.0 1.279 1.0 1.0 0.96 1.0 1.295 1.0 1.0 2.045 1.0 1.375 1.0 1.0 0.72 1.0 0.872 1.0 1.0 1.957 1.0 0.769 1.0 1.0 0.78 1.0 0.758 1.0 1.0 0.865 1.0 0.754 1.0 1.0 0.756 1.0 0.749 1.0 1.0 1.0 1.0 0.625 1.0 1.0 1.0 1.0 1.465 1.0 1.0 1.0 1.0 1.276 1.0 1.0 1.0 1.0 1.114 1.0 1.0 1.0 1.0 1.011 1.0 1.0 1.0 1.0 0.983 1.0 1.0 1.0 1.0 0.905 1.0 1.0 1.0 1.0 0.991 1.0 1.0 1.0 1.0 1.36 1.0 1.0 1.0 1.0 1.345 1.0 1.0 1.0 1.0 0.835 1.0 1.0 1.0 1.0 0.756 1.0 1.0 1.0 1.0 0.684 1.0 1.0 1.0 1.0 1.046 1.0 1.0 1.0 1.0 0.909 1.0 1.0 1.0 1.0 0.939 1.0 1.0 1.0 1.0 1.014 1.0 1.0 1.0 1.0 1.012 1.0 1.0 1.0 1.0 0.602 1.0 1.0 1.0 1.0 0.866 1.0 1.0 1.0 1.0 1.012 1.0 1.0 1.0 1.0 1.382 1.0 1.0 1.0 1.0 0.614 1.0 1.0 1.0 1.0 0.655 1.0 1.0 1.0 1.0 0.684 1.0 1.0 1.0 1.0 0.678 1.0 1.0 1.0 1.0 0.97 1.0 1.0 1.0 1.0 0.639 1.0 1.0 1.0 1.0 1.063 1.0 1.0 1.0 1.0 0.749 1.0 1.0 1.0 1.0 1.31 1.0 1.0 1.0 1.0 0.634 1.0 1.0 1.0 1.0 0.794 1.0 1.0 1.0 1.0 0.694 1.0 1.0 1.0 1.0 0.686 1.0 1.0 1.0 1.0 0.706 1.0 1.0 1.109 1.215 0.853 1.12 1.068 1.299 1.129 1.205 0.772 1.17 0.834 0.88 1.075 0.755 1.289 1.19 1.229 1.278 0.845 0.783 0.87 1.055 0.718 0.932 0.912 1.253 1.262 0.849 1.247 0.852 0.935 0.795 0.854 1.3 0.964 0.944 1.138 1.087 1.278 1.302 0.99 1.223 1.311 1.328 0.808 1.294 1.35 1.223 1.239 1.389 1.31 0.821 1.243 0.62 1.104 0.851 1.071 1.327 1.076 1.41 1.301 1.097 0.658 1.614 0.727 1.054 1.241 1.426 1.447 0.991 0.914 1.461 1.046 1.01 1.463 1.047 1.255 1.006 1.596 1.1 1.157 1.406 1.308 0.606 0.894 1.068 1.0 1.499 1.442 1.304 0.813 1.0 0.913 1.341 0.756 0.847 1.0 0.827 0.841 0.762 0.717 1.0 0.811 0.664 1.298 1.163 1.0 0.669 1.124 0.804 1.18 1.0 0.774 1.663 1.067 1.098 1.0 0.971 0.732 1.032 1.188 1.0 0.848 0.722 1.232 0.75 1.0 0.889 0.723 0.669 1.053 1.0 0.902 1.124 0.68 0.977 1.0 0.696 0.946 0.687 1.032 1.0 0.7 0.946 0.885 1.025 1.0 0.743 0.731 0.917 1.034 1.0 0.81 0.937 0.636 0.848 1.0 0.848 1.151 1.0 0.987 1.0 0.68 1.096 1.0 1.051 1.0 0.742 0.97 1.0 0.775 1.0 0.755 0.811 1.0 0.881 1.0 1.0 1.093 1.0 0.814 1.0 1.0 0.947 1.0 0.709 1.0 1.0 0.997 1.0 0.719 1.0 1.0 1.285 1.0 0.748 1.0 1.0 1.272 1.0 0.669 1.0 1.0 0.749 1.0 0.674 1.0 1.0 0.752 1.0 0.643 1.0 1.0 0.73 1.0 0.7 1.0 1.0 0.777 1.0 1.0 1.0 1.0 0.731 1.0 1.0 1.0 1.0 0.769 1.0 1.0 1.0 1.0 0.677 1.0 1.0 1.0 1.0 1.0 1.0 1.0 1.0 1.0 1.0 1.0 1.0 1.0 1.0 1.0 1.0 1.0 1.0 1.0 1.0 1.0 1.0 1.0 1.0 1.0 1.0 1.0 1.0 1.0 1.0 1.0 1.0 1.0 1.0 1.0 1.0 1.0 1.0 1.0 1.0 1.0 1.0 1.0 1.0 1.0 1.0 1.0 1.0 1.0 1.0 1.0 1.0 1.0 1.0 1.0 1.0 1.0 1.0 1.0 1.0 1.0 1.0 1.0 1.0 1.0 1.0 1.0 1.0 1.0 1.0 1.0 1.0 1.0 1.0 1.0 1.0 1.0 1.0 1.0 1.0 1.0 1.0 1.0 1.0 1.0 1.0 1.0 1.0 1.0 1.0 1.0 1.0 1.0 1.0 1.0 1.0 1.0 1.0 1.0 1.0 1.0 1.0 1.0 1.0 1.0 1.0 1.0 1.0 1.0 1.0 1.0 1.0 1.0 1.0 1.0 1.0 1.0 1.0 1.0 1.0 1.0 1.0 1.0 1.0 1.0 1.0 1.0 1.0 1.0 1.0 1.0 1.0 1.0 1.0 1.0 1.0 1.0 1.0 1.0 1.0 1.0 1.0 1.0 1.0 1.0 1.0 0.868 0.985 1.155 0.87 1.068 0.938 1.298 1.244 0.837 1.14 1.153 1.32 0.797 1.009 1.311 0.816 0.854 0.735 0.682 0.795 1.333 1.318 1.313 1.237 1.127 0.818 0.812 0.744 0.489 0.79 0.996 0.893 1.309 0.848 0.833 0.963 0.86 0.977 0.77 0.993 0.821 0.778 0.902 1.362 0.752 1.061 0.942 1.217 0.8 1.214 0.788 0.964 0.935 0.871 1.305 0.749 1.041 0.999 0.787 0.769 1.148 0.693 1.171 1.0 1.138 0.794 1.139 1.098 1.0 1.26 0.961 0.748 1.183 1.0 0.711 0.639 0.999 1.155 1.0 1.174 0.861 1.159 1.021 1.0 1.061 1.005 0.676 0.977 1.0 0.779 0.756 1.059 0.85 1.0 0.712 1.063 0.986 0.785 1.0 0.742 1.049 0.994 1.235 1.0 0.737 1.091 1.078 1.079 1.0 0.727 0.736 1.135 0.746 1.0 0.754 0.896 1.134 0.748 1.0 1.589 0.976 0.613 1.078 1.0 0.924 1.019 1.107 0.755 1.0 0.72 0.693 0.912 1.237 1.0 0.726 0.73 0.609 0.757 1.0 1.0 0.678 0.814 1.07 1.0 1.0 0.831 1.403 1.272 1.0 1.0 0.992 1.036 1.274 1.0 1.0 1.078 0.726 0.72 1.0 1.0 0.653 0.889 0.756 1.0 1.0 0.656 0.869 1.282 1.0 1.0 1.0 0.686 1.295 1.0 1.0 1.0 1.211 1.233 1.0 1.0 1.0 0.686 0.754 1.0 1.0 1.0 0.701 1.177 1.0 1.0 1.0 0.691 0.859 1.0 1.0 1.0 0.684 0.871 1.0 1.0 1.0 0.748 1.064 1.0 1.0 1.0 0.698 0.712 1.0 1.0 1.0 0.68 0.699 1.0 1.0 1.0 1.014 0.697 1.0 1.0 1.0 0.881 0.678 1.0 1.0 1.0 0.673 0.697 1.0 1.0 1.0 1.101 0.661 1.0 1.0 1.0 0.902 0.595 1.0 1.0 1.0 1.025 0.624 1.0 1.0 1.0 0.69 1.0 1.0 1.0 1.0 0.633 1.0 1.0 1.0 1.0 0.664 1.0 1.0 1.0 1.0 0.738 1.0 1.0 1.0 1.0 0.66 1.0 1.0 1.0 1.0 0.671 1.0 1.0 1.0 1.0 0.7 1.0 1.0 1.0 1.0 0.718 1.0 1.0 1.0 1.0 0.721 1.0 1.0 1.0 1.0 0.698 1.0 1.0 1.0 1.0 0.683 1.0 1.0 1.0 1.0 1.0 1.0 1.0 1.0 1.0 1.0 1.0 1.0 1.0 1.0 1.0 1.0 1.0 1.0 1.0 1.0 1.0 1.0 1.0 1.0 1.0 1.0 1.0 1.0 1.0 1.0 1.0 1.0 1.0 1.0 1.0 1.0 1.0 1.0 1.0 1.0 1.0 1.0 1.0 1.0 1.0 1.0 1.0 1.0 1.0 1.0 1.0 1.0 1.0 1.0 1.0 1.0 1.0 1.0 1.0 1.0 1.0 1.0 1.0 1.0 1.0 1.0 1.0 1.0 1.0 1.0 1.0 1.0 1.0 1.0 1.0 1.0 1.0 1.0 1.0 1.0 1.0 1.0 1.0 1.211 1.215 1.054 1.157 0.828 1.154 1.304 1.231 1.232 1.211 1.334 0.877 0.798 1.28 1.209 0.816 0.856 1.076 0.728 0.835 0.885 1.183 1.224 1.004 1.119 0.822 1.132 0.955 1.19 0.799 1.273 0.479 1.065 0.745 1.248 1.013 1.16 0.747 0.945 1.081 1.154 1.253 1.332 1.153 1.139 0.943 1.312 1.334 1.271 0.829 0.785 1.135 1.229 1.194 1.324 1.06 0.638 1.127 0.947 1.212 1.268 1.331 1.388 1.346 1.02 1.272 0.469 1.427 1.129 1.332 1.088 1.53 0.677 0.878 0.859 1.275 1.232 0.682 1.426 0.841 1.028 0.99 1.251 1.323 1.0 1.382 0.618 1.272 1.488 1.0 1.463 1.312 1.29 0.647 1.0 0.829 1.238 1.31 1.384 1.0 1.118 0.637 1.37 0.651 1.0 1.113 1.297 1.114 1.213 1.0 0.809 1.188 0.941 0.962 1.0 1.108 1.498 1.445 0.71 1.0 1.141 1.508 0.884 1.075 1.0 1.312 0.991 0.744 0.998 1.0 1.269 1.528 1.115 1.042 1.0 1.193 0.853 0.771 0.728 1.0 0.993 1.597 1.156 0.887 1.0 1.172 0.549 1.086 0.647 1.0 1.103 0.805 1.114 0.87 1.0 0.697 1.188 0.78 0.982 1.0 0.704 1.298 1.061 0.75 1.0 0.704 0.957 0.765 1.0 1.0 0.716 0.598 0.887 1.0 1.0 0.699 0.685 1.0 1.0 1.0 0.666 0.646 1.0 1.0 1.0 0.629 0.692 1.0 1.0 1.0 1.06 0.701 1.0 1.0 1.0 0.736 0.701 1.0 1.0 1.0 1.204 0.703 1.0 1.0 1.0 1.222 1.0 1.0 1.0 1.0 0.966 1.0 1.0 1.0 1.0 1.264 1.0 1.0 1.0 1.0 0.768 1.0 1.0 1.0 1.0 0.89 1.0 1.0 1.0 1.0 1.099 1.0 1.0 1.0 1.0 0.749 1.0 1.0 1.0 1.0 0.817 1.0 1.0 1.0 1.0 1.0 1.0 1.0 1.0 1.0 1.0 1.0 1.0 1.0 1.0 1.0 1.0 1.0 1.0 1.0 1.0 1.0 1.0 1.0 1.0 1.0 1.0 1.0 1.0 1.0 1.0 1.0 1.0 1.0 1.0 1.0 1.0 1.0 1.0 1.0 1.0 1.0 1.0 1.0 1.0 1.0 1.0 1.0 1.0 1.0 1.0 1.0 1.0 1.0 1.0 1.0 1.0 1.0 1.0 1.0 1.0 1.0 1.0 1.0 1.0 1.0 1.0 1.0 1.0 1.0 1.0 1.0 1.0 1.0 1.0 1.0 1.0 1.0 1.0 1.0 1.0 1.0 1.0 1.0 1.0 1.0 1.0 1.0 1.0 1.0 1.0 1.0 1.0 1.0 1.0 1.0 1.0 1.0 1.0 1.0 1.0 1.0 1.0 1.0 1.0 1.0 1.0 1.0 1.0 1.0 1.0 1.0 1.0 1.0 1.0 1.0 1.0 1.0 1.0 1.0 1.0 1.0 1.0 1.0 1.0 1.0 1.0 1.0 1.0 1.0 1.0 1.0 1.0 1.0 1.0 1.0 1.0 1.0 1.0 1.0 0.868 0.908 1.155 1.157 0.828 1.294 1.141 1.248 0.777 1.225 0.791 0.746 1.062 1.15 1.216 0.922 0.739 1.274 0.768 1.092 0.932 1.343 1.269 0.864 0.869 0.945 0.833 0.719 1.034 1.114 0.95 0.965 1.278 1.061 0.927 1.162 0.896 0.708 1.253 1.199 0.864 1.022 0.847 1.361 1.114 0.717 0.849 1.084 1.356 1.219 1.348 0.985 1.122 1.331 1.091 1.029 0.974 0.846 1.394 0.551 0.608 1.161 0.902 1.484 1.236 1.341 0.901 0.878 0.857 1.445 0.812 1.282 1.003 0.962 0.613 1.318 1.315 0.954 1.0 1.208 0.866 1.252 1.338 1.0 1.309 0.875 1.173 0.833 1.0 1.288 1.166 1.249 1.209 1.0 1.492 0.911 0.916 0.968 1.0 0.735 1.039 0.608 1.315 1.0 0.827 0.963 0.624 1.153 1.0 0.866 1.172 0.818 0.674 1.0 0.847 1.41 0.885 1.039 1.0 1.96 0.995 0.894 0.984 1.0 1.035 0.867 1.271 1.085 1.0 0.733 1.444 0.886 1.103 1.0 2.048 0.827 0.96 1.078 1.0 0.925 1.096 1.09 0.827 1.0 0.667 0.892 0.788 0.722 1.0 0.781 0.931 0.787 0.755 1.0 0.788 0.992 1.476 0.86 1.0 0.652 1.0 0.919 1.113 1.0 0.748 1.0 1.004 0.827 1.0 0.699 1.0 0.76 0.886 1.0 0.683 1.0 0.91 0.707 1.0 0.715 1.0 0.866 0.793 1.0 0.748 1.0 0.826 0.703 1.0 0.692 1.0 0.704 1.355 1.0 2.399 1.0 1.0 0.709 1.0 0.637 1.0 1.0 0.709 1.0 0.644 1.0 1.0 1.005 1.0 1.0 1.0 1.0 0.741 1.0 1.0 1.0 1.0 0.758 1.0 1.0 1.0 1.0 1.94 1.0 1.0 1.0 1.0 1.0 1.0 1.0 1.0 1.0 1.0 1.0 1.0 1.0 1.0 1.0 1.0 1.0 1.0 1.0 1.0 1.0 1.0 1.0 1.0 1.0 1.0 1.0 1.0 1.0 1.0 1.0 1.0 1.0 1.0 1.0 1.0 1.0 1.0 1.0 1.0 1.0 1.0 1.0 1.0 1.0 1.0 1.0 1.0 1.0 1.0 1.0 1.0 1.0 1.0 1.0 1.0 1.0 1.0 1.0 1.0 1.0 1.0 1.0 1.0 1.0 1.0 1.0 1.0 1.0 1.0 1.0 1.0 1.0 1.0 1.0 1.0 1.0 1.0 1.0 1.0 1.0 1.0 1.0 1.0 1.0 1.0 1.0 1.0 1.0 1.0 1.0 1.0 1.0 1.0 1.0 1.0 1.0 1.0 1.0 1.0 1.0 1.0 1.0 1.0 1.0 1.0 1.0 1.0 1.0 1.0 1.0 1.0 1.0 1.0 1.0 1.0 1.0 1.0 1.0 1.0 1.0 1.0 1.0 1.0 1.0 1.0 1.0 1.0 1.0 1.0 1.0 1.0 1.0 1.0 1.0 1.0 1.0 1.0 1.0 1.0 1.0 1.0 1.0 1.0 1.0 1.0 1.0 1.0 1.0 1.0 1.0 1.0 1.0 1.0 1.0 1.0 1.0,2.399118,1.399118,0.44473514,0.3,0.7450357675552368,0.0003,5,5.2967916
85,0.25874167680740356,0.99258333,0.958 0.982 0.85 1.057 0.843 1.145 1.286 1.246 0.776 0.771 0.915 1.315 1.06 1.221 0.894 1.321 0.717 0.693 1.053 0.787 0.831 0.972 1.033 1.235 1.045 0.828 0.709 1.299 0.939 0.998 0.902 0.718 0.994 0.819 1.067 0.94 1.087 1.262 1.262 1.165 1.059 0.985 0.875 0.59 0.692 0.878 0.732 1.139 1.252 1.15 1.237 0.734 1.167 1.26 0.94 1.067 0.856 1.176 1.231 1.144 0.989 1.147 0.824 1.303 1.0 1.188 1.038 0.714 0.643 1.0 1.12 1.022 1.122 1.254 1.0 1.38 1.467 1.005 1.111 1.0 1.186 1.023 1.366 0.975 1.0 1.076 0.974 1.004 0.639 1.0 0.988 0.666 0.977 1.085 1.0 0.945 0.941 0.859 0.713 1.0 1.352 0.663 0.749 1.17 1.0 0.877 0.829 1.0 0.721 1.0 0.786 0.814 1.0 0.781 1.0 0.764 1.152 1.0 0.807 1.0 0.746 1.147 1.0 0.839 1.0 0.962 1.164 1.0 0.705 1.0 0.77 1.044 1.0 0.643 1.0 0.908 0.674 1.0 1.222 1.0 1.2 1.078 1.0 0.951 1.0 0.701 0.659 1.0 0.894 1.0 0.71 0.849 1.0 0.768 1.0 1.068 0.915 1.0 1.123 1.0 1.668 0.75 1.0 0.864 1.0 1.0 0.984 1.0 1.054 1.0 1.0 0.917 1.0 0.786 1.0 1.0 0.973 1.0 0.881 1.0 1.0 0.605 1.0 0.78 1.0 1.0 0.712 1.0 0.697 1.0 1.0 0.713 1.0 1.0 1.0 1.0 2.191 1.0 1.0 1.0 1.0 0.713 1.0 1.0 1.0 1.0 0.703 1.0 1.0 1.0 1.0 0.697 1.0 1.0 1.0 1.0 0.7 1.0 1.0 1.0 1.0 0.662 1.0 1.0 1.0 1.0 0.805 1.0 1.0 1.0 1.0 1.0 1.0 1.0 1.0 1.0 1.0 1.0 1.0 1.0 1.0 1.0 1.0 1.0 1.0 1.0 1.0 1.0 1.0 1.0 1.0 1.0 1.0 1.0 1.0 1.0 1.0 1.0 1.0 1.0 1.0 1.0 1.0 1.0 1.0 1.0 1.0 1.0 1.0 1.0 1.0 1.0 1.0 1.0 1.0 1.0 1.0 1.0 1.0 1.0 1.0 1.0 1.0 1.0 1.0 1.0 1.0 1.0 1.0 1.0 1.0 1.0 1.0 1.0 1.0 1.0 1.0 1.0 1.0 1.0 1.0 1.0 1.0 1.0 1.0 1.0 1.0 1.0 1.0 1.0 1.0 1.0 1.0 1.0 1.0 1.0 1.0 1.0 1.0 1.0 1.0 1.0 1.0 1.0 1.0 1.0 1.0 1.0 1.0 1.0 1.0 1.0 1.0 1.0 1.0 1.0 1.0 1.0 1.0 1.0 1.0 1.0 1.0 1.0 1.0 1.0 1.0 1.0 1.0 1.0 1.0 1.0 1.0 1.0 1.0 1.0 1.0 1.0 1.0 1.0 1.0 1.0 1.0 1.0 1.0 1.0 1.0 1.0 1.0 1.0 1.0 1.0 1.0 1.0 1.0 1.0 1.0 1.0 1.0 1.0 0.864 1.103 1.172 1.057 0.843 1.291 1.152 1.05 0.791 0.792 0.805 0.907 0.81 0.777 1.118 0.95 0.754 1.046 0.775 1.072 0.896 0.876 0.804 0.926 0.749 1.188 0.989 1.169 1.031 0.629 0.811 1.421 0.902 1.234 0.726 1.186 1.23 1.014 1.328 0.811 0.859 0.814 1.205 0.442 1.128 0.858 0.926 1.215 0.662 1.157 0.866 0.825 0.693 0.799 0.714 1.24 0.849 0.619 1.335 0.709 0.757 1.066 1.118 0.518 1.107 0.855 1.063 0.998 0.718 0.993 0.759 0.881 0.994 1.146 0.666 1.114 1.095 1.018 0.574 1.043 0.808 1.051 0.701 0.602 0.697 1.0 1.066 1.244 0.771 0.796 1.0 0.875 0.696 0.717 1.024 1.0 0.864 1.509 0.862 0.682 1.0 0.727 0.605 0.728 0.766 1.0 0.739 0.584 0.781 1.0 1.0 1.199 0.774 0.77 1.0 1.0 0.766 0.772 0.754 1.0 1.0 0.871 0.678 0.752 1.0 1.0 1.161 0.602 0.617 1.0 1.0 0.958 0.688 0.834 1.0 1.0 0.788 0.653 0.775 1.0 1.0 0.674 0.828 0.685 1.0 1.0 0.675 0.573 1.0 1.0 1.0 1.193 0.681 1.0 1.0 1.0 0.772 0.629 1.0 1.0 1.0 0.729 0.662 1.0 1.0 1.0 1.153 1.789 1.0 1.0 1.0 0.702 1.0 1.0 1.0 1.0 0.699 1.0 1.0 1.0 1.0 1.092 1.0 1.0 1.0 1.0 0.735 1.0 1.0 1.0 1.0 0.697 1.0 1.0 1.0 1.0 0.742 1.0 1.0 1.0 1.0 0.986 1.0 1.0 1.0 1.0 0.702 1.0 1.0 1.0 1.0 0.803 1.0 1.0 1.0 1.0 0.795 1.0 1.0 1.0 1.0 0.851 1.0 1.0 1.0 1.0 0.702 1.0 1.0 1.0 1.0 2.254 1.0 1.0 1.0 1.0 1.643 1.0 1.0 1.0 1.0 0.782 1.0 1.0 1.0 1.0 1.0 1.0 1.0 1.0 1.0 1.0 1.0 1.0 1.0 1.0 1.0 1.0 1.0 1.0 1.0 1.0 1.0 1.0 1.0 1.0 1.0 1.0 1.0 1.0 1.0 1.0 1.0 1.0 1.0 1.0 1.0 1.0 1.0 1.0 1.0 1.0 1.0 1.0 1.0 1.0 1.0 1.0 1.0 1.0 1.0 1.0 1.0 1.0 1.0 1.0 1.0 1.0 1.0 1.0 1.0 1.0 1.0 1.0 1.0 1.0 1.0 1.0 1.0 1.0 1.0 1.0 1.0 1.0 1.0 1.0 1.0 1.0 1.0 1.0 1.0 1.0 1.0 1.0 1.0 1.0 1.0 1.0 1.0 1.0 1.0 1.0 1.0 1.0 1.0 1.0 1.0 1.0 1.0 1.0 1.0 1.0 1.0 1.0 1.0 1.0 1.0 1.0 1.0 1.0 1.0 1.0 1.0 1.0 1.0 1.0 1.0 1.0 1.0 1.0 1.0 1.0 1.0 1.0 1.0 1.0 1.0 1.0 1.0 1.0 1.0 1.0 1.0 1.0 1.0 1.0 1.0 1.0 1.0 1.0 1.211 0.982 0.812 1.156 0.828 1.171 1.143 1.251 1.072 0.77 1.33 1.346 1.062 1.225 1.191 1.213 0.864 1.232 1.242 0.949 1.341 0.946 1.222 1.056 0.894 1.364 1.273 1.052 1.27 1.192 1.294 1.108 0.921 0.708 0.659 1.282 0.868 0.965 1.022 1.261 0.845 0.961 1.049 1.295 0.529 0.891 0.997 1.045 0.923 1.128 1.055 1.263 1.309 1.113 1.173 0.947 0.68 1.04 1.164 0.545 1.097 1.178 1.04 0.684 0.763 0.834 1.095 0.698 1.23 0.866 1.587 1.446 0.783 1.308 0.85 0.587 0.749 0.787 1.09 0.847 1.022 0.767 0.857 1.341 0.871 0.581 0.907 0.661 1.253 0.848 0.798 0.59 0.877 0.64 0.957 0.968 0.622 0.789 0.898 1.384 0.701 0.739 1.369 1.226 0.679 0.754 0.867 1.0 0.952 0.977 0.761 0.692 1.0 0.666 0.637 0.648 0.746 1.0 1.329 1.0 0.668 1.519 1.0 1.535 1.0 0.68 0.74 1.0 0.71 1.0 0.691 1.188 1.0 1.085 1.0 0.76 0.952 1.0 0.668 1.0 1.032 0.785 1.0 0.87 1.0 1.125 1.313 1.0 0.787 1.0 0.68 0.795 1.0 0.652 1.0 1.23 0.764 1.0 1.0 1.0 0.714 0.732 1.0 1.0 1.0 0.714 0.729 1.0 1.0 1.0 1.005 0.668 1.0 1.0 1.0 1.132 0.705 1.0 1.0 1.0 0.845 0.698 1.0 1.0 1.0 1.046 0.984 1.0 1.0 1.0 0.97 1.0 1.0 1.0 1.0 0.741 1.0 1.0 1.0 1.0 0.76 1.0 1.0 1.0 1.0 0.725 1.0 1.0 1.0 1.0 0.789 1.0 1.0 1.0 1.0 0.703 1.0 1.0 1.0 1.0 0.818 1.0 1.0 1.0 1.0 0.898 1.0 1.0 1.0 1.0 1.026 1.0 1.0 1.0 1.0 0.903 1.0 1.0 1.0 1.0 0.745 1.0 1.0 1.0 1.0 0.832 1.0 1.0 1.0 1.0 1.511 1.0 1.0 1.0 1.0 0.611 1.0 1.0 1.0 1.0 1.0 1.0 1.0 1.0 1.0 1.0 1.0 1.0 1.0 1.0 1.0 1.0 1.0 1.0 1.0 1.0 1.0 1.0 1.0 1.0 1.0 1.0 1.0 1.0 1.0 1.0 1.0 1.0 1.0 1.0 1.0 1.0 1.0 1.0 1.0 1.0 1.0 1.0 1.0 1.0 1.0 1.0 1.0 1.0 1.0 1.0 1.0 1.0 1.0 1.0 1.0 1.0 1.0 1.0 1.0 1.0 1.0 1.0 1.0 1.0 1.0 1.0 1.0 1.0 1.0 1.0 1.0 1.0 1.0 1.0 1.0 1.0 1.0 1.0 1.0 1.0 1.0 1.0 1.0 1.0 1.0 1.0 1.0 1.0 1.0 1.0 1.0 1.0 1.0 1.0 1.0 1.0 1.0 1.0 1.0 1.0 1.0 1.0 1.0 1.0 1.0 1.0 1.0 1.0 1.0 1.0 1.0 1.0 1.0 1.0 1.0 1.0 1.0 1.0 1.0 1.0 1.0 1.0 1.0 1.0 1.211 0.905 0.812 1.156 1.13 0.837 1.141 1.202 0.829 0.764 1.197 0.854 1.064 0.818 1.105 0.823 0.85 1.301 0.926 1.284 0.946 1.248 0.792 1.27 0.877 0.976 0.972 1.244 0.699 1.335 1.256 1.286 1.222 1.298 0.722 0.608 1.235 1.294 1.301 1.427 1.309 1.14 1.302 1.217 1.334 1.218 1.109 0.719 1.301 1.302 1.275 1.227 0.908 1.304 1.302 1.246 1.301 1.198 1.328 1.425 1.156 1.206 0.824 1.123 1.293 1.3 1.297 1.302 1.322 0.88 1.287 1.344 1.284 1.311 1.301 0.874 1.304 1.247 1.26 0.752 1.362 0.645 1.3 0.84 1.297 1.255 1.3 0.738 1.311 0.912 0.669 1.249 1.311 0.883 1.278 1.229 1.194 1.171 0.791 1.298 1.378 0.75 1.375 1.252 1.302 0.803 1.129 1.161 0.817 0.799 1.326 1.416 1.233 0.913 1.281 1.184 0.998 1.185 1.265 0.844 1.18 1.029 0.793 1.318 0.804 1.083 1.262 1.018 0.94 0.896 1.425 0.977 0.989 1.165 1.427 1.14 1.044 1.108 1.154 1.209 0.738 1.35 0.858 0.657 0.717 0.64 1.0 0.85 0.621 1.0 0.687 1.0 0.78 1.0 1.0 0.733 1.0 0.831 1.0 1.0 0.769 1.0 1.286 1.0 1.0 0.956 1.0 1.301 1.0 1.0 2.039 1.0 1.369 1.0 1.0 0.722 1.0 0.871 1.0 1.0 1.946 1.0 0.772 1.0 1.0 0.783 1.0 0.761 1.0 1.0 0.867 1.0 0.756 1.0 1.0 0.752 1.0 0.751 1.0 1.0 1.0 1.0 0.622 1.0 1.0 1.0 1.0 1.46 1.0 1.0 1.0 1.0 1.27 1.0 1.0 1.0 1.0 1.109 1.0 1.0 1.0 1.0 1.011 1.0 1.0 1.0 1.0 0.984 1.0 1.0 1.0 1.0 0.906 1.0 1.0 1.0 1.0 0.985 1.0 1.0 1.0 1.0 1.367 1.0 1.0 1.0 1.0 1.351 1.0 1.0 1.0 1.0 0.831 1.0 1.0 1.0 1.0 0.757 1.0 1.0 1.0 1.0 0.682 1.0 1.0 1.0 1.0 1.041 1.0 1.0 1.0 1.0 0.911 1.0 1.0 1.0 1.0 0.939 1.0 1.0 1.0 1.0 1.008 1.0 1.0 1.0 1.0 1.006 1.0 1.0 1.0 1.0 0.602 1.0 1.0 1.0 1.0 0.867 1.0 1.0 1.0 1.0 1.006 1.0 1.0 1.0 1.0 1.388 1.0 1.0 1.0 1.0 0.613 1.0 1.0 1.0 1.0 0.655 1.0 1.0 1.0 1.0 0.683 1.0 1.0 1.0 1.0 0.679 1.0 1.0 1.0 1.0 0.97 1.0 1.0 1.0 1.0 0.638 1.0 1.0 1.0 1.0 1.056 1.0 1.0 1.0 1.0 0.749 1.0 1.0 1.0 1.0 1.314 1.0 1.0 1.0 1.0 0.633 1.0 1.0 1.0 1.0 0.793 1.0 1.0 1.0 1.0 0.696 1.0 1.0 1.0 1.0 0.683 1.0 1.0 1.0 1.0 0.708 1.0 1.0 1.114 1.215 0.85 1.119 1.072 1.298 1.137 1.204 0.773 1.167 0.837 0.876 1.082 0.756 1.29 1.2 1.23 1.276 0.848 0.778 0.872 1.053 0.719 0.936 0.908 1.255 1.262 0.852 1.246 0.853 0.932 0.797 0.857 1.301 0.961 0.948 1.137 1.086 1.283 1.305 0.994 1.222 1.312 1.323 0.811 1.293 1.352 1.228 1.243 1.39 1.309 0.825 1.24 0.62 1.103 0.843 1.069 1.333 1.068 1.41 1.301 1.094 0.659 1.615 0.729 1.061 1.243 1.431 1.452 0.991 0.911 1.465 1.053 1.014 1.465 1.052 1.258 1.011 1.593 1.098 1.155 1.408 1.305 0.606 0.893 1.068 1.0 1.5 1.439 1.307 0.811 1.0 0.914 1.34 0.757 0.846 1.0 0.827 0.843 0.763 0.713 1.0 0.811 0.664 1.302 1.162 1.0 0.67 1.123 0.804 1.181 1.0 0.773 1.665 1.063 1.098 1.0 0.97 0.732 1.03 1.199 1.0 0.85 0.723 1.233 0.746 1.0 0.89 0.724 0.669 1.049 1.0 0.904 1.122 0.679 0.976 1.0 0.687 0.943 0.687 1.032 1.0 0.701 0.943 0.881 1.025 1.0 0.738 0.732 0.914 1.03 1.0 0.805 0.936 0.635 0.848 1.0 0.844 1.153 1.0 0.982 1.0 0.68 1.097 1.0 1.054 1.0 0.741 0.972 1.0 0.775 1.0 0.75 0.811 1.0 0.882 1.0 1.0 1.089 1.0 0.817 1.0 1.0 0.95 1.0 0.709 1.0 1.0 1.0 1.0 0.718 1.0 1.0 1.276 1.0 0.74 1.0 1.0 1.267 1.0 0.668 1.0 1.0 0.75 1.0 0.676 1.0 1.0 0.754 1.0 0.64 1.0 1.0 0.733 1.0 0.702 1.0 1.0 0.771 1.0 1.0 1.0 1.0 0.724 1.0 1.0 1.0 1.0 0.766 1.0 1.0 1.0 1.0 0.68 1.0 1.0 1.0 1.0 1.0 1.0 1.0 1.0 1.0 1.0 1.0 1.0 1.0 1.0 1.0 1.0 1.0 1.0 1.0 1.0 1.0 1.0 1.0 1.0 1.0 1.0 1.0 1.0 1.0 1.0 1.0 1.0 1.0 1.0 1.0 1.0 1.0 1.0 1.0 1.0 1.0 1.0 1.0 1.0 1.0 1.0 1.0 1.0 1.0 1.0 1.0 1.0 1.0 1.0 1.0 1.0 1.0 1.0 1.0 1.0 1.0 1.0 1.0 1.0 1.0 1.0 1.0 1.0 1.0 1.0 1.0 1.0 1.0 1.0 1.0 1.0 1.0 1.0 1.0 1.0 1.0 1.0 1.0 1.0 1.0 1.0 1.0 1.0 1.0 1.0 1.0 1.0 1.0 1.0 1.0 1.0 1.0 1.0 1.0 1.0 1.0 1.0 1.0 1.0 1.0 1.0 1.0 1.0 1.0 1.0 1.0 1.0 1.0 1.0 1.0 1.0 1.0 1.0 1.0 1.0 1.0 1.0 1.0 1.0 1.0 1.0 1.0 1.0 1.0 1.0 1.0 1.0 1.0 1.0 1.0 1.0 1.0 1.0 1.0 1.0 1.0 1.0 1.0 1.0 1.0 1.0 0.869 0.982 1.155 0.867 1.072 0.933 1.296 1.244 0.832 1.137 1.162 1.318 0.792 1.006 1.311 0.819 0.851 0.736 0.682 0.789 1.329 1.315 1.312 1.239 1.124 0.822 0.816 0.747 0.487 0.791 1.001 0.888 1.308 0.842 0.835 0.96 0.864 0.983 0.773 0.989 0.823 0.779 0.898 1.368 0.753 1.056 0.937 1.213 0.803 1.216 0.785 0.959 0.932 0.871 1.307 0.751 1.048 1.004 0.791 0.77 1.143 0.696 1.176 1.0 1.138 0.794 1.132 1.102 1.0 1.261 0.958 0.75 1.186 1.0 0.712 0.639 0.994 1.158 1.0 1.172 0.859 1.169 1.024 1.0 1.059 1.001 0.671 0.98 1.0 0.779 0.759 1.056 0.853 1.0 0.711 1.061 0.982 0.781 1.0 0.742 1.046 0.994 1.241 1.0 0.736 1.09 1.079 1.08 1.0 0.727 0.737 1.142 0.743 1.0 0.755 0.899 1.134 0.745 1.0 1.591 0.981 0.607 1.079 1.0 0.921 1.024 1.102 0.752 1.0 0.72 0.692 0.914 1.228 1.0 0.727 0.731 0.603 0.754 1.0 1.0 0.676 0.814 1.071 1.0 1.0 0.833 1.414 1.28 1.0 1.0 0.987 1.028 1.282 1.0 1.0 1.083 0.726 0.722 1.0 1.0 0.653 0.888 0.753 1.0 1.0 0.656 0.868 1.273 1.0 1.0 1.0 0.687 1.286 1.0 1.0 1.0 1.201 1.225 1.0 1.0 1.0 0.687 0.755 1.0 1.0 1.0 0.699 1.181 1.0 1.0 1.0 0.689 0.86 1.0 1.0 1.0 0.683 0.868 1.0 1.0 1.0 0.747 1.068 1.0 1.0 1.0 0.699 0.708 1.0 1.0 1.0 0.681 0.702 1.0 1.0 1.0 1.007 0.697 1.0 1.0 1.0 0.874 0.678 1.0 1.0 1.0 0.677 0.695 1.0 1.0 1.0 1.104 0.659 1.0 1.0 1.0 0.903 0.596 1.0 1.0 1.0 1.027 0.626 1.0 1.0 1.0 0.685 1.0 1.0 1.0 1.0 0.629 1.0 1.0 1.0 1.0 0.664 1.0 1.0 1.0 1.0 0.732 1.0 1.0 1.0 1.0 0.661 1.0 1.0 1.0 1.0 0.673 1.0 1.0 1.0 1.0 0.701 1.0 1.0 1.0 1.0 0.718 1.0 1.0 1.0 1.0 0.719 1.0 1.0 1.0 1.0 0.699 1.0 1.0 1.0 1.0 0.68 1.0 1.0 1.0 1.0 1.0 1.0 1.0 1.0 1.0 1.0 1.0 1.0 1.0 1.0 1.0 1.0 1.0 1.0 1.0 1.0 1.0 1.0 1.0 1.0 1.0 1.0 1.0 1.0 1.0 1.0 1.0 1.0 1.0 1.0 1.0 1.0 1.0 1.0 1.0 1.0 1.0 1.0 1.0 1.0 1.0 1.0 1.0 1.0 1.0 1.0 1.0 1.0 1.0 1.0 1.0 1.0 1.0 1.0 1.0 1.0 1.0 1.0 1.0 1.0 1.0 1.0 1.0 1.0 1.0 1.0 1.0 1.0 1.0 1.0 1.0 1.0 1.0 1.0 1.0 1.0 1.0 1.0 1.0 1.211 1.215 1.057 1.156 0.828 1.161 1.303 1.231 1.231 1.211 1.333 0.873 0.793 1.279 1.208 0.818 0.856 1.082 0.73 0.837 0.878 1.185 1.226 1.009 1.122 0.823 1.133 0.957 1.187 0.799 1.273 0.478 1.065 0.747 1.25 1.017 1.157 0.748 0.941 1.079 1.156 1.256 1.332 1.157 1.139 0.942 1.31 1.336 1.273 0.834 0.786 1.135 1.227 1.191 1.327 1.059 0.638 1.128 0.942 1.211 1.271 1.336 1.386 1.348 1.019 1.275 0.467 1.425 1.133 1.334 1.088 1.529 0.678 0.882 0.864 1.274 1.235 0.684 1.423 0.846 1.028 0.991 1.251 1.325 1.0 1.381 0.617 1.272 1.486 1.0 1.466 1.311 1.291 0.648 1.0 0.818 1.251 1.31 1.381 1.0 1.123 0.633 1.372 0.652 1.0 1.122 1.297 1.115 1.211 1.0 0.809 1.2 0.944 0.961 1.0 1.113 1.499 1.443 0.711 1.0 1.147 1.51 0.888 1.072 1.0 1.312 0.994 0.746 0.998 1.0 1.269 1.53 1.11 1.043 1.0 1.194 0.858 0.772 0.73 1.0 0.997 1.601 1.15 0.888 1.0 1.165 0.547 1.08 0.646 1.0 1.094 0.808 1.106 0.87 1.0 0.695 1.194 0.776 0.981 1.0 0.703 1.298 1.054 0.75 1.0 0.702 0.945 0.766 1.0 1.0 0.714 0.596 0.886 1.0 1.0 0.698 0.685 1.0 1.0 1.0 0.665 0.646 1.0 1.0 1.0 0.627 0.692 1.0 1.0 1.0 1.058 0.702 1.0 1.0 1.0 0.734 0.698 1.0 1.0 1.0 1.204 0.704 1.0 1.0 1.0 1.222 1.0 1.0 1.0 1.0 0.968 1.0 1.0 1.0 1.0 1.25 1.0 1.0 1.0 1.0 0.767 1.0 1.0 1.0 1.0 0.892 1.0 1.0 1.0 1.0 1.096 1.0 1.0 1.0 1.0 0.75 1.0 1.0 1.0 1.0 0.821 1.0 1.0 1.0 1.0 1.0 1.0 1.0 1.0 1.0 1.0 1.0 1.0 1.0 1.0 1.0 1.0 1.0 1.0 1.0 1.0 1.0 1.0 1.0 1.0 1.0 1.0 1.0 1.0 1.0 1.0 1.0 1.0 1.0 1.0 1.0 1.0 1.0 1.0 1.0 1.0 1.0 1.0 1.0 1.0 1.0 1.0 1.0 1.0 1.0 1.0 1.0 1.0 1.0 1.0 1.0 1.0 1.0 1.0 1.0 1.0 1.0 1.0 1.0 1.0 1.0 1.0 1.0 1.0 1.0 1.0 1.0 1.0 1.0 1.0 1.0 1.0 1.0 1.0 1.0 1.0 1.0 1.0 1.0 1.0 1.0 1.0 1.0 1.0 1.0 1.0 1.0 1.0 1.0 1.0 1.0 1.0 1.0 1.0 1.0 1.0 1.0 1.0 1.0 1.0 1.0 1.0 1.0 1.0 1.0 1.0 1.0 1.0 1.0 1.0 1.0 1.0 1.0 1.0 1.0 1.0 1.0 1.0 1.0 1.0 1.0 1.0 1.0 1.0 1.0 1.0 1.0 1.0 1.0 1.0 1.0 1.0 1.0 1.0 1.0 0.869 0.905 1.155 1.156 0.828 1.293 1.149 1.247 0.778 1.225 0.786 0.747 1.068 1.148 1.213 0.923 0.74 1.272 0.77 1.099 0.93 1.341 1.267 0.859 0.869 0.943 0.827 0.721 1.03 1.112 0.948 0.97 1.276 1.058 0.928 1.161 0.898 0.71 1.251 1.2 0.865 1.024 0.842 1.359 1.113 0.718 0.85 1.091 1.356 1.221 1.348 0.985 1.13 1.33 1.088 1.03 0.973 0.843 1.396 0.55 0.607 1.16 0.899 1.491 1.238 1.342 0.905 0.88 0.859 1.45 0.814 1.282 1.007 0.965 0.614 1.318 1.314 0.951 1.0 1.206 0.869 1.251 1.34 1.0 1.307 0.878 1.171 0.834 1.0 1.291 1.166 1.256 1.216 1.0 1.493 0.915 0.92 0.966 1.0 0.735 1.036 0.607 1.317 1.0 0.827 0.961 0.623 1.154 1.0 0.861 1.17 0.815 0.673 1.0 0.842 1.413 0.887 1.033 1.0 1.969 0.998 0.897 0.982 1.0 1.03 0.865 1.278 1.079 1.0 0.734 1.448 0.888 1.104 1.0 2.058 0.825 0.964 1.072 1.0 0.92 1.095 1.087 0.828 1.0 0.667 0.894 0.775 0.721 1.0 0.775 0.92 0.785 0.754 1.0 0.786 0.989 1.481 0.856 1.0 0.653 1.0 0.906 1.103 1.0 0.741 1.0 0.99 0.829 1.0 0.7 1.0 0.759 0.888 1.0 0.683 1.0 0.908 0.705 1.0 0.715 1.0 0.867 0.795 1.0 0.75 1.0 0.826 0.703 1.0 0.689 1.0 0.7 1.347 1.0 2.395 1.0 1.0 0.709 1.0 0.638 1.0 1.0 0.707 1.0 0.641 1.0 1.0 1.002 1.0 1.0 1.0 1.0 0.742 1.0 1.0 1.0 1.0 0.755 1.0 1.0 1.0 1.0 1.932 1.0 1.0 1.0 1.0 1.0 1.0 1.0 1.0 1.0 1.0 1.0 1.0 1.0 1.0 1.0 1.0 1.0 1.0 1.0 1.0 1.0 1.0 1.0 1.0 1.0 1.0 1.0 1.0 1.0 1.0 1.0 1.0 1.0 1.0 1.0 1.0 1.0 1.0 1.0 1.0 1.0 1.0 1.0 1.0 1.0 1.0 1.0 1.0 1.0 1.0 1.0 1.0 1.0 1.0 1.0 1.0 1.0 1.0 1.0 1.0 1.0 1.0 1.0 1.0 1.0 1.0 1.0 1.0 1.0 1.0 1.0 1.0 1.0 1.0 1.0 1.0 1.0 1.0 1.0 1.0 1.0 1.0 1.0 1.0 1.0 1.0 1.0 1.0 1.0 1.0 1.0 1.0 1.0 1.0 1.0 1.0 1.0 1.0 1.0 1.0 1.0 1.0 1.0 1.0 1.0 1.0 1.0 1.0 1.0 1.0 1.0 1.0 1.0 1.0 1.0 1.0 1.0 1.0 1.0 1.0 1.0 1.0 1.0 1.0 1.0 1.0 1.0 1.0 1.0 1.0 1.0 1.0 1.0 1.0 1.0 1.0 1.0 1.0 1.0 1.0 1.0 1.0 1.0 1.0 1.0 1.0 1.0 1.0 1.0 1.0 1.0 1.0 1.0 1.0 1.0 1.0 1.0,2.3954248,1.3954248,0.44230124,0.3,0.7486522197723389,0.0003,5,5.2851243
86,0.26082995533943176,0.99250746,0.954 0.979 0.847 1.061 0.84 1.153 1.285 1.245 0.776 0.771 0.909 1.314 1.066 1.219 0.89 1.319 0.718 0.693 1.06 0.788 0.826 0.965 1.039 1.234 1.043 0.823 0.71 1.3 0.935 0.996 0.896 0.719 0.992 0.821 1.065 0.942 1.095 1.261 1.263 1.165 1.058 0.979 0.874 0.592 0.695 0.877 0.734 1.138 1.256 1.15 1.236 0.737 1.165 1.263 0.948 1.076 0.854 1.175 1.232 1.145 0.996 1.153 0.828 1.302 1.0 1.186 1.035 0.716 0.643 1.0 1.12 1.018 1.126 1.253 1.0 1.38 1.462 1.003 1.112 1.0 1.179 1.025 1.365 0.974 1.0 1.069 0.975 0.998 0.638 1.0 0.989 0.667 0.976 1.086 1.0 0.944 0.941 0.862 0.711 1.0 1.352 0.664 0.749 1.169 1.0 0.875 0.824 1.0 0.721 1.0 0.789 0.812 1.0 0.781 1.0 0.767 1.151 1.0 0.806 1.0 0.747 1.153 1.0 0.839 1.0 0.962 1.171 1.0 0.705 1.0 0.772 1.038 1.0 0.641 1.0 0.908 0.673 1.0 1.227 1.0 1.2 1.082 1.0 0.946 1.0 0.701 0.658 1.0 0.893 1.0 0.71 0.841 1.0 0.767 1.0 1.067 0.911 1.0 1.127 1.0 1.662 0.744 1.0 0.864 1.0 1.0 0.989 1.0 1.057 1.0 1.0 0.913 1.0 0.784 1.0 1.0 0.977 1.0 0.876 1.0 1.0 0.605 1.0 0.778 1.0 1.0 0.713 1.0 0.695 1.0 1.0 0.709 1.0 1.0 1.0 1.0 2.19 1.0 1.0 1.0 1.0 0.711 1.0 1.0 1.0 1.0 0.703 1.0 1.0 1.0 1.0 0.698 1.0 1.0 1.0 1.0 0.7 1.0 1.0 1.0 1.0 0.661 1.0 1.0 1.0 1.0 0.804 1.0 1.0 1.0 1.0 1.0 1.0 1.0 1.0 1.0 1.0 1.0 1.0 1.0 1.0 1.0 1.0 1.0 1.0 1.0 1.0 1.0 1.0 1.0 1.0 1.0 1.0 1.0 1.0 1.0 1.0 1.0 1.0 1.0 1.0 1.0 1.0 1.0 1.0 1.0 1.0 1.0 1.0 1.0 1.0 1.0 1.0 1.0 1.0 1.0 1.0 1.0 1.0 1.0 1.0 1.0 1.0 1.0 1.0 1.0 1.0 1.0 1.0 1.0 1.0 1.0 1.0 1.0 1.0 1.0 1.0 1.0 1.0 1.0 1.0 1.0 1.0 1.0 1.0 1.0 1.0 1.0 1.0 1.0 1.0 1.0 1.0 1.0 1.0 1.0 1.0 1.0 1.0 1.0 1.0 1.0 1.0 1.0 1.0 1.0 1.0 1.0 1.0 1.0 1.0 1.0 1.0 1.0 1.0 1.0 1.0 1.0 1.0 1.0 1.0 1.0 1.0 1.0 1.0 1.0 1.0 1.0 1.0 1.0 1.0 1.0 1.0 1.0 1.0 1.0 1.0 1.0 1.0 1.0 1.0 1.0 1.0 1.0 1.0 1.0 1.0 1.0 1.0 1.0 1.0 1.0 1.0 1.0 1.0 1.0 1.0 1.0 1.0 1.0 0.861 1.108 1.171 1.061 0.84 1.291 1.159 1.055 0.791 0.788 0.8 0.9 0.806 0.778 1.115 0.947 0.755 1.052 0.776 1.075 0.893 0.872 0.8 0.928 0.75 1.188 0.994 1.167 1.029 0.63 0.814 1.422 0.902 1.237 0.727 1.185 1.228 1.013 1.331 0.814 0.864 0.815 1.205 0.44 1.126 0.863 0.925 1.217 0.662 1.156 0.87 0.827 0.692 0.802 0.716 1.241 0.852 0.616 1.335 0.71 0.747 1.068 1.116 0.517 1.107 0.849 1.06 0.992 0.72 0.987 0.753 0.878 0.992 1.141 0.666 1.116 1.095 1.017 0.574 1.038 0.803 1.051 0.701 0.602 0.698 1.0 1.06 1.247 0.766 0.798 1.0 0.875 0.696 0.718 1.019 1.0 0.862 1.511 0.857 0.677 1.0 0.724 0.605 0.729 0.768 1.0 0.735 0.578 0.776 1.0 1.0 1.201 0.774 0.768 1.0 1.0 0.763 0.773 0.752 1.0 1.0 0.854 0.676 0.746 1.0 1.0 1.166 0.6 0.616 1.0 1.0 0.94 0.687 0.823 1.0 1.0 0.792 0.65 0.775 1.0 1.0 0.677 0.818 0.684 1.0 1.0 0.675 0.568 1.0 1.0 1.0 1.186 0.684 1.0 1.0 1.0 0.774 0.629 1.0 1.0 1.0 0.731 0.665 1.0 1.0 1.0 1.155 1.789 1.0 1.0 1.0 0.704 1.0 1.0 1.0 1.0 0.701 1.0 1.0 1.0 1.0 1.094 1.0 1.0 1.0 1.0 0.731 1.0 1.0 1.0 1.0 0.696 1.0 1.0 1.0 1.0 0.739 1.0 1.0 1.0 1.0 0.987 1.0 1.0 1.0 1.0 0.7 1.0 1.0 1.0 1.0 0.8 1.0 1.0 1.0 1.0 0.792 1.0 1.0 1.0 1.0 0.842 1.0 1.0 1.0 1.0 0.705 1.0 1.0 1.0 1.0 2.259 1.0 1.0 1.0 1.0 1.643 1.0 1.0 1.0 1.0 0.782 1.0 1.0 1.0 1.0 1.0 1.0 1.0 1.0 1.0 1.0 1.0 1.0 1.0 1.0 1.0 1.0 1.0 1.0 1.0 1.0 1.0 1.0 1.0 1.0 1.0 1.0 1.0 1.0 1.0 1.0 1.0 1.0 1.0 1.0 1.0 1.0 1.0 1.0 1.0 1.0 1.0 1.0 1.0 1.0 1.0 1.0 1.0 1.0 1.0 1.0 1.0 1.0 1.0 1.0 1.0 1.0 1.0 1.0 1.0 1.0 1.0 1.0 1.0 1.0 1.0 1.0 1.0 1.0 1.0 1.0 1.0 1.0 1.0 1.0 1.0 1.0 1.0 1.0 1.0 1.0 1.0 1.0 1.0 1.0 1.0 1.0 1.0 1.0 1.0 1.0 1.0 1.0 1.0 1.0 1.0 1.0 1.0 1.0 1.0 1.0 1.0 1.0 1.0 1.0 1.0 1.0 1.0 1.0 1.0 1.0 1.0 1.0 1.0 1.0 1.0 1.0 1.0 1.0 1.0 1.0 1.0 1.0 1.0 1.0 1.0 1.0 1.0 1.0 1.0 1.0 1.0 1.0 1.0 1.0 1.0 1.0 1.0 1.0 1.211 0.979 0.812 1.156 0.828 1.179 1.15 1.25 1.077 0.77 1.329 1.345 1.068 1.222 1.19 1.222 0.86 1.231 1.239 0.952 1.34 0.94 1.221 1.062 0.895 1.376 1.283 1.059 1.267 1.192 1.294 1.114 0.918 0.709 0.659 1.292 0.867 0.961 1.028 1.265 0.841 0.959 1.047 1.295 0.529 0.887 0.996 1.044 0.926 1.127 1.059 1.266 1.311 1.112 1.174 0.953 0.682 1.039 1.167 0.546 1.102 1.173 1.036 0.684 0.766 0.829 1.091 0.699 1.229 0.864 1.595 1.451 0.781 1.31 0.855 0.581 0.738 0.791 1.089 0.851 1.016 0.756 0.857 1.343 0.865 0.58 0.904 0.657 1.25 0.842 0.799 0.591 0.875 0.64 0.954 0.963 0.622 0.793 0.901 1.385 0.701 0.741 1.365 1.225 0.678 0.75 0.866 1.0 0.952 0.976 0.762 0.692 1.0 0.666 0.636 0.643 0.748 1.0 1.33 1.0 0.667 1.524 1.0 1.532 1.0 0.678 0.741 1.0 0.709 1.0 0.692 1.18 1.0 1.084 1.0 0.762 0.952 1.0 0.667 1.0 1.037 0.783 1.0 0.866 1.0 1.124 1.315 1.0 0.786 1.0 0.677 0.794 1.0 0.652 1.0 1.237 0.766 1.0 1.0 1.0 0.71 0.731 1.0 1.0 1.0 0.711 0.728 1.0 1.0 1.0 0.999 0.667 1.0 1.0 1.0 1.139 0.705 1.0 1.0 1.0 0.842 0.697 1.0 1.0 1.0 1.046 0.984 1.0 1.0 1.0 0.969 1.0 1.0 1.0 1.0 0.74 1.0 1.0 1.0 1.0 0.756 1.0 1.0 1.0 1.0 0.721 1.0 1.0 1.0 1.0 0.787 1.0 1.0 1.0 1.0 0.704 1.0 1.0 1.0 1.0 0.805 1.0 1.0 1.0 1.0 0.886 1.0 1.0 1.0 1.0 1.009 1.0 1.0 1.0 1.0 0.899 1.0 1.0 1.0 1.0 0.744 1.0 1.0 1.0 1.0 0.838 1.0 1.0 1.0 1.0 1.499 1.0 1.0 1.0 1.0 0.611 1.0 1.0 1.0 1.0 1.0 1.0 1.0 1.0 1.0 1.0 1.0 1.0 1.0 1.0 1.0 1.0 1.0 1.0 1.0 1.0 1.0 1.0 1.0 1.0 1.0 1.0 1.0 1.0 1.0 1.0 1.0 1.0 1.0 1.0 1.0 1.0 1.0 1.0 1.0 1.0 1.0 1.0 1.0 1.0 1.0 1.0 1.0 1.0 1.0 1.0 1.0 1.0 1.0 1.0 1.0 1.0 1.0 1.0 1.0 1.0 1.0 1.0 1.0 1.0 1.0 1.0 1.0 1.0 1.0 1.0 1.0 1.0 1.0 1.0 1.0 1.0 1.0 1.0 1.0 1.0 1.0 1.0 1.0 1.0 1.0 1.0 1.0 1.0 1.0 1.0 1.0 1.0 1.0 1.0 1.0 1.0 1.0 1.0 1.0 1.0 1.0 1.0 1.0 1.0 1.0 1.0 1.0 1.0 1.0 1.0 1.0 1.0 1.0 1.0 1.0 1.0 1.0 1.0 1.0 1.0 1.0 1.0 1.0 1.0 1.211 0.903 0.812 1.156 1.128 0.838 1.149 1.202 0.826 0.764 1.206 0.85 1.07 0.814 1.112 0.825 0.847 1.299 0.929 1.284 0.949 1.25 0.788 1.271 0.879 0.973 0.97 1.243 0.7 1.336 1.259 1.288 1.221 1.301 0.723 0.608 1.233 1.294 1.304 1.427 1.308 1.153 1.302 1.216 1.337 1.233 1.122 0.718 1.302 1.303 1.273 1.231 0.908 1.304 1.301 1.243 1.301 1.204 1.327 1.426 1.152 1.212 0.824 1.121 1.293 1.298 1.296 1.303 1.322 0.879 1.286 1.343 1.289 1.31 1.3 0.873 1.304 1.248 1.258 0.754 1.361 0.646 1.299 0.84 1.298 1.253 1.299 0.736 1.308 0.918 0.669 1.248 1.315 0.888 1.281 1.236 1.193 1.174 0.794 1.296 1.377 0.751 1.378 1.257 1.3 0.801 1.128 1.162 0.82 0.802 1.325 1.417 1.235 0.917 1.283 1.183 1.005 1.191 1.263 0.844 1.179 1.036 0.787 1.316 0.804 1.088 1.259 1.019 0.944 0.9 1.421 0.983 0.989 1.165 1.426 1.139 1.051 1.113 1.16 1.204 0.737 1.347 0.855 0.657 0.717 0.637 1.0 0.848 0.62 1.0 0.685 1.0 0.778 1.0 1.0 0.731 1.0 0.834 1.0 1.0 0.767 1.0 1.29 1.0 1.0 0.953 1.0 1.306 1.0 1.0 2.032 1.0 1.363 1.0 1.0 0.725 1.0 0.869 1.0 1.0 1.934 1.0 0.774 1.0 1.0 0.785 1.0 0.763 1.0 1.0 0.869 1.0 0.758 1.0 1.0 0.749 1.0 0.753 1.0 1.0 1.0 1.0 0.621 1.0 1.0 1.0 1.0 1.455 1.0 1.0 1.0 1.0 1.263 1.0 1.0 1.0 1.0 1.105 1.0 1.0 1.0 1.0 1.012 1.0 1.0 1.0 1.0 0.984 1.0 1.0 1.0 1.0 0.907 1.0 1.0 1.0 1.0 0.979 1.0 1.0 1.0 1.0 1.372 1.0 1.0 1.0 1.0 1.355 1.0 1.0 1.0 1.0 0.827 1.0 1.0 1.0 1.0 0.757 1.0 1.0 1.0 1.0 0.681 1.0 1.0 1.0 1.0 1.036 1.0 1.0 1.0 1.0 0.913 1.0 1.0 1.0 1.0 0.939 1.0 1.0 1.0 1.0 1.002 1.0 1.0 1.0 1.0 1.0 1.0 1.0 1.0 1.0 0.602 1.0 1.0 1.0 1.0 0.869 1.0 1.0 1.0 1.0 1.0 1.0 1.0 1.0 1.0 1.393 1.0 1.0 1.0 1.0 0.613 1.0 1.0 1.0 1.0 0.655 1.0 1.0 1.0 1.0 0.683 1.0 1.0 1.0 1.0 0.679 1.0 1.0 1.0 1.0 0.97 1.0 1.0 1.0 1.0 0.638 1.0 1.0 1.0 1.0 1.05 1.0 1.0 1.0 1.0 0.749 1.0 1.0 1.0 1.0 1.316 1.0 1.0 1.0 1.0 0.633 1.0 1.0 1.0 1.0 0.793 1.0 1.0 1.0 1.0 0.698 1.0 1.0 1.0 1.0 0.681 1.0 1.0 1.0 1.0 0.709 1.0 1.0 1.119 1.215 0.847 1.119 1.076 1.297 1.144 1.204 0.773 1.165 0.839 0.872 1.088 0.757 1.291 1.209 1.232 1.273 0.851 0.773 0.873 1.052 0.72 0.938 0.905 1.257 1.264 0.853 1.247 0.856 0.929 0.799 0.859 1.302 0.959 0.951 1.135 1.086 1.286 1.307 0.998 1.221 1.312 1.319 0.815 1.293 1.353 1.233 1.248 1.391 1.309 0.829 1.238 0.62 1.1 0.834 1.068 1.339 1.059 1.41 1.301 1.09 0.66 1.617 0.731 1.068 1.245 1.435 1.456 0.99 0.909 1.467 1.06 1.016 1.466 1.058 1.261 1.018 1.592 1.096 1.154 1.41 1.304 0.606 0.892 1.068 1.0 1.499 1.438 1.309 0.809 1.0 0.915 1.34 0.759 0.846 1.0 0.826 0.845 0.764 0.709 1.0 0.812 0.664 1.306 1.16 1.0 0.67 1.124 0.805 1.181 1.0 0.772 1.666 1.061 1.098 1.0 0.969 0.732 1.027 1.209 1.0 0.851 0.723 1.235 0.743 1.0 0.892 0.725 0.667 1.045 1.0 0.907 1.12 0.678 0.975 1.0 0.68 0.94 0.686 1.031 1.0 0.701 0.94 0.877 1.024 1.0 0.734 0.733 0.912 1.026 1.0 0.802 0.934 0.633 0.848 1.0 0.84 1.155 1.0 0.977 1.0 0.679 1.099 1.0 1.056 1.0 0.74 0.974 1.0 0.775 1.0 0.746 0.812 1.0 0.884 1.0 1.0 1.086 1.0 0.82 1.0 1.0 0.952 1.0 0.708 1.0 1.0 1.004 1.0 0.718 1.0 1.0 1.266 1.0 0.731 1.0 1.0 1.262 1.0 0.668 1.0 1.0 0.75 1.0 0.676 1.0 1.0 0.757 1.0 0.637 1.0 1.0 0.735 1.0 0.702 1.0 1.0 0.764 1.0 1.0 1.0 1.0 0.717 1.0 1.0 1.0 1.0 0.763 1.0 1.0 1.0 1.0 0.682 1.0 1.0 1.0 1.0 1.0 1.0 1.0 1.0 1.0 1.0 1.0 1.0 1.0 1.0 1.0 1.0 1.0 1.0 1.0 1.0 1.0 1.0 1.0 1.0 1.0 1.0 1.0 1.0 1.0 1.0 1.0 1.0 1.0 1.0 1.0 1.0 1.0 1.0 1.0 1.0 1.0 1.0 1.0 1.0 1.0 1.0 1.0 1.0 1.0 1.0 1.0 1.0 1.0 1.0 1.0 1.0 1.0 1.0 1.0 1.0 1.0 1.0 1.0 1.0 1.0 1.0 1.0 1.0 1.0 1.0 1.0 1.0 1.0 1.0 1.0 1.0 1.0 1.0 1.0 1.0 1.0 1.0 1.0 1.0 1.0 1.0 1.0 1.0 1.0 1.0 1.0 1.0 1.0 1.0 1.0 1.0 1.0 1.0 1.0 1.0 1.0 1.0 1.0 1.0 1.0 1.0 1.0 1.0 1.0 1.0 1.0 1.0 1.0 1.0 1.0 1.0 1.0 1.0 1.0 1.0 1.0 1.0 1.0 1.0 1.0 1.0 1.0 1.0 1.0 1.0 1.0 1.0 1.0 1.0 1.0 1.0 1.0 1.0 1.0 1.0 1.0 1.0 1.0 1.0 1.0 1.0 0.87 0.979 1.155 0.864 1.076 0.927 1.296 1.243 0.828 1.134 1.17 1.316 0.788 1.003 1.312 0.821 0.847 0.737 0.682 0.784 1.327 1.312 1.309 1.24 1.12 0.825 0.819 0.748 0.486 0.792 1.006 0.882 1.305 0.836 0.837 0.957 0.868 0.989 0.777 0.985 0.824 0.78 0.895 1.374 0.755 1.052 0.932 1.21 0.807 1.216 0.783 0.954 0.929 0.871 1.308 0.753 1.054 1.008 0.794 0.771 1.139 0.697 1.181 1.0 1.138 0.795 1.125 1.105 1.0 1.259 0.955 0.753 1.188 1.0 0.714 0.638 0.991 1.161 1.0 1.17 0.857 1.179 1.027 1.0 1.059 0.997 0.666 0.982 1.0 0.778 0.761 1.055 0.857 1.0 0.711 1.061 0.979 0.779 1.0 0.743 1.044 0.993 1.247 1.0 0.735 1.089 1.08 1.081 1.0 0.726 0.739 1.149 0.74 1.0 0.755 0.903 1.132 0.743 1.0 1.593 0.986 0.602 1.08 1.0 0.92 1.029 1.1 0.75 1.0 0.72 0.692 0.916 1.22 1.0 0.728 0.732 0.597 0.752 1.0 1.0 0.675 0.815 1.073 1.0 1.0 0.835 1.423 1.286 1.0 1.0 0.983 1.02 1.288 1.0 1.0 1.087 0.726 0.723 1.0 1.0 0.653 0.888 0.75 1.0 1.0 0.657 0.867 1.265 1.0 1.0 1.0 0.688 1.277 1.0 1.0 1.0 1.191 1.217 1.0 1.0 1.0 0.689 0.755 1.0 1.0 1.0 0.698 1.184 1.0 1.0 1.0 0.689 0.86 1.0 1.0 1.0 0.683 0.865 1.0 1.0 1.0 0.747 1.07 1.0 1.0 1.0 0.7 0.706 1.0 1.0 1.0 0.682 0.705 1.0 1.0 1.0 0.999 0.697 1.0 1.0 1.0 0.866 0.678 1.0 1.0 1.0 0.681 0.694 1.0 1.0 1.0 1.105 0.657 1.0 1.0 1.0 0.904 0.596 1.0 1.0 1.0 1.027 0.626 1.0 1.0 1.0 0.682 1.0 1.0 1.0 1.0 0.625 1.0 1.0 1.0 1.0 0.663 1.0 1.0 1.0 1.0 0.726 1.0 1.0 1.0 1.0 0.661 1.0 1.0 1.0 1.0 0.673 1.0 1.0 1.0 1.0 0.702 1.0 1.0 1.0 1.0 0.717 1.0 1.0 1.0 1.0 0.717 1.0 1.0 1.0 1.0 0.699 1.0 1.0 1.0 1.0 0.679 1.0 1.0 1.0 1.0 1.0 1.0 1.0 1.0 1.0 1.0 1.0 1.0 1.0 1.0 1.0 1.0 1.0 1.0 1.0 1.0 1.0 1.0 1.0 1.0 1.0 1.0 1.0 1.0 1.0 1.0 1.0 1.0 1.0 1.0 1.0 1.0 1.0 1.0 1.0 1.0 1.0 1.0 1.0 1.0 1.0 1.0 1.0 1.0 1.0 1.0 1.0 1.0 1.0 1.0 1.0 1.0 1.0 1.0 1.0 1.0 1.0 1.0 1.0 1.0 1.0 1.0 1.0 1.0 1.0 1.0 1.0 1.0 1.0 1.0 1.0 1.0 1.0 1.0 1.0 1.0 1.0 1.0 1.0 1.211 1.215 1.061 1.156 0.828 1.169 1.303 1.231 1.23 1.212 1.332 0.869 0.79 1.277 1.209 0.82 0.855 1.089 0.731 0.838 0.872 1.185 1.228 1.015 1.125 0.824 1.135 0.959 1.185 0.8 1.275 0.477 1.064 0.749 1.251 1.02 1.156 0.75 0.938 1.077 1.158 1.26 1.332 1.16 1.14 0.941 1.308 1.335 1.274 0.841 0.787 1.133 1.226 1.19 1.33 1.059 0.637 1.129 0.937 1.209 1.273 1.341 1.385 1.35 1.019 1.278 0.464 1.424 1.136 1.336 1.088 1.528 0.68 0.888 0.87 1.274 1.238 0.686 1.421 0.852 1.029 0.991 1.25 1.326 1.0 1.38 0.615 1.271 1.484 1.0 1.47 1.31 1.293 0.649 1.0 0.806 1.265 1.31 1.379 1.0 1.127 0.628 1.373 0.652 1.0 1.131 1.297 1.117 1.211 1.0 0.809 1.211 0.947 0.96 1.0 1.117 1.501 1.441 0.712 1.0 1.152 1.514 0.892 1.068 1.0 1.312 0.997 0.747 0.998 1.0 1.271 1.534 1.105 1.045 1.0 1.195 0.863 0.774 0.732 1.0 1.0 1.606 1.144 0.889 1.0 1.156 0.545 1.073 0.645 1.0 1.084 0.81 1.098 0.871 1.0 0.694 1.199 0.772 0.979 1.0 0.702 1.297 1.046 0.75 1.0 0.7 0.932 0.767 1.0 1.0 0.712 0.594 0.886 1.0 1.0 0.698 0.686 1.0 1.0 1.0 0.664 0.645 1.0 1.0 1.0 0.626 0.692 1.0 1.0 1.0 1.056 0.701 1.0 1.0 1.0 0.733 0.696 1.0 1.0 1.0 1.204 0.704 1.0 1.0 1.0 1.221 1.0 1.0 1.0 1.0 0.969 1.0 1.0 1.0 1.0 1.236 1.0 1.0 1.0 1.0 0.766 1.0 1.0 1.0 1.0 0.892 1.0 1.0 1.0 1.0 1.094 1.0 1.0 1.0 1.0 0.749 1.0 1.0 1.0 1.0 0.824 1.0 1.0 1.0 1.0 1.0 1.0 1.0 1.0 1.0 1.0 1.0 1.0 1.0 1.0 1.0 1.0 1.0 1.0 1.0 1.0 1.0 1.0 1.0 1.0 1.0 1.0 1.0 1.0 1.0 1.0 1.0 1.0 1.0 1.0 1.0 1.0 1.0 1.0 1.0 1.0 1.0 1.0 1.0 1.0 1.0 1.0 1.0 1.0 1.0 1.0 1.0 1.0 1.0 1.0 1.0 1.0 1.0 1.0 1.0 1.0 1.0 1.0 1.0 1.0 1.0 1.0 1.0 1.0 1.0 1.0 1.0 1.0 1.0 1.0 1.0 1.0 1.0 1.0 1.0 1.0 1.0 1.0 1.0 1.0 1.0 1.0 1.0 1.0 1.0 1.0 1.0 1.0 1.0 1.0 1.0 1.0 1.0 1.0 1.0 1.0 1.0 1.0 1.0 1.0 1.0 1.0 1.0 1.0 1.0 1.0 1.0 1.0 1.0 1.0 1.0 1.0 1.0 1.0 1.0 1.0 1.0 1.0 1.0 1.0 1.0 1.0 1.0 1.0 1.0 1.0 1.0 1.0 1.0 1.0 1.0 1.0 1.0 1.0 1.0 0.87 0.903 1.155 1.156 0.828 1.293 1.157 1.246 0.778 1.225 0.781 0.748 1.074 1.146 1.21 0.924 0.741 1.27 0.771 1.106 0.928 1.34 1.264 0.854 0.869 0.942 0.82 0.723 1.028 1.11 0.946 0.975 1.274 1.055 0.927 1.161 0.899 0.712 1.251 1.2 0.867 1.025 0.839 1.358 1.113 0.719 0.851 1.098 1.357 1.221 1.346 0.984 1.138 1.329 1.087 1.032 0.973 0.84 1.4 0.549 0.607 1.159 0.897 1.498 1.239 1.341 0.908 0.882 0.859 1.455 0.816 1.281 1.01 0.966 0.614 1.316 1.312 0.949 1.0 1.203 0.872 1.248 1.341 1.0 1.306 0.88 1.17 0.835 1.0 1.294 1.166 1.263 1.223 1.0 1.493 0.919 0.924 0.965 1.0 0.736 1.033 0.606 1.317 1.0 0.827 0.958 0.622 1.155 1.0 0.857 1.17 0.811 0.672 1.0 0.837 1.417 0.888 1.026 1.0 1.977 1.001 0.899 0.981 1.0 1.025 0.862 1.286 1.073 1.0 0.735 1.453 0.889 1.106 1.0 2.067 0.823 0.968 1.066 1.0 0.916 1.094 1.085 0.828 1.0 0.667 0.896 0.762 0.719 1.0 0.769 0.908 0.783 0.753 1.0 0.785 0.988 1.487 0.853 1.0 0.653 1.0 0.892 1.094 1.0 0.735 1.0 0.977 0.83 1.0 0.701 1.0 0.757 0.89 1.0 0.683 1.0 0.907 0.703 1.0 0.714 1.0 0.867 0.796 1.0 0.752 1.0 0.826 0.704 1.0 0.686 1.0 0.696 1.339 1.0 2.39 1.0 1.0 0.71 1.0 0.639 1.0 1.0 0.707 1.0 0.64 1.0 1.0 0.999 1.0 1.0 1.0 1.0 0.744 1.0 1.0 1.0 1.0 0.753 1.0 1.0 1.0 1.0 1.924 1.0 1.0 1.0 1.0 1.0 1.0 1.0 1.0 1.0 1.0 1.0 1.0 1.0 1.0 1.0 1.0 1.0 1.0 1.0 1.0 1.0 1.0 1.0 1.0 1.0 1.0 1.0 1.0 1.0 1.0 1.0 1.0 1.0 1.0 1.0 1.0 1.0 1.0 1.0 1.0 1.0 1.0 1.0 1.0 1.0 1.0 1.0 1.0 1.0 1.0 1.0 1.0 1.0 1.0 1.0 1.0 1.0 1.0 1.0 1.0 1.0 1.0 1.0 1.0 1.0 1.0 1.0 1.0 1.0 1.0 1.0 1.0 1.0 1.0 1.0 1.0 1.0 1.0 1.0 1.0 1.0 1.0 1.0 1.0 1.0 1.0 1.0 1.0 1.0 1.0 1.0 1.0 1.0 1.0 1.0 1.0 1.0 1.0 1.0 1.0 1.0 1.0 1.0 1.0 1.0 1.0 1.0 1.0 1.0 1.0 1.0 1.0 1.0 1.0 1.0 1.0 1.0 1.0 1.0 1.0 1.0 1.0 1.0 1.0 1.0 1.0 1.0 1.0 1.0 1.0 1.0 1.0 1.0 1.0 1.0 1.0 1.0 1.0 1.0 1.0 1.0 1.0 1.0 1.0 1.0 1.0 1.0 1.0 1.0 1.0 1.0 1.0 1.0 1.0 1.0 1.0 1.0,2.3900108,1.3900108,0.44032514,0.3,0.752359926700592,0.0003,5,5.269819
87,0.26282796263694763,0.9924382,0.951 0.976 0.844 1.064 0.836 1.16 1.285 1.244 0.776 0.771 0.903 1.314 1.072 1.217 0.887 1.318 0.718 0.693 1.065 0.789 0.821 0.958 1.045 1.233 1.043 0.818 0.71 1.301 0.932 0.993 0.891 0.719 0.989 0.822 1.062 0.943 1.101 1.261 1.262 1.166 1.057 0.974 0.873 0.593 0.697 0.876 0.736 1.137 1.259 1.151 1.237 0.739 1.165 1.265 0.956 1.085 0.852 1.175 1.233 1.145 1.003 1.159 0.832 1.302 1.0 1.186 1.032 0.718 0.642 1.0 1.118 1.014 1.129 1.253 1.0 1.381 1.459 1.002 1.112 1.0 1.172 1.027 1.364 0.972 1.0 1.061 0.976 0.991 0.638 1.0 0.989 0.668 0.976 1.087 1.0 0.942 0.941 0.867 0.711 1.0 1.353 0.664 0.749 1.167 1.0 0.873 0.821 1.0 0.72 1.0 0.793 0.81 1.0 0.78 1.0 0.77 1.151 1.0 0.806 1.0 0.747 1.16 1.0 0.838 1.0 0.961 1.178 1.0 0.705 1.0 0.775 1.033 1.0 0.639 1.0 0.906 0.672 1.0 1.232 1.0 1.202 1.085 1.0 0.942 1.0 0.7 0.657 1.0 0.891 1.0 0.709 0.834 1.0 0.767 1.0 1.068 0.909 1.0 1.131 1.0 1.654 0.738 1.0 0.863 1.0 1.0 0.993 1.0 1.06 1.0 1.0 0.91 1.0 0.783 1.0 1.0 0.98 1.0 0.871 1.0 1.0 0.605 1.0 0.776 1.0 1.0 0.713 1.0 0.693 1.0 1.0 0.705 1.0 1.0 1.0 1.0 2.189 1.0 1.0 1.0 1.0 0.709 1.0 1.0 1.0 1.0 0.703 1.0 1.0 1.0 1.0 0.697 1.0 1.0 1.0 1.0 0.7 1.0 1.0 1.0 1.0 0.66 1.0 1.0 1.0 1.0 0.803 1.0 1.0 1.0 1.0 1.0 1.0 1.0 1.0 1.0 1.0 1.0 1.0 1.0 1.0 1.0 1.0 1.0 1.0 1.0 1.0 1.0 1.0 1.0 1.0 1.0 1.0 1.0 1.0 1.0 1.0 1.0 1.0 1.0 1.0 1.0 1.0 1.0 1.0 1.0 1.0 1.0 1.0 1.0 1.0 1.0 1.0 1.0 1.0 1.0 1.0 1.0 1.0 1.0 1.0 1.0 1.0 1.0 1.0 1.0 1.0 1.0 1.0 1.0 1.0 1.0 1.0 1.0 1.0 1.0 1.0 1.0 1.0 1.0 1.0 1.0 1.0 1.0 1.0 1.0 1.0 1.0 1.0 1.0 1.0 1.0 1.0 1.0 1.0 1.0 1.0 1.0 1.0 1.0 1.0 1.0 1.0 1.0 1.0 1.0 1.0 1.0 1.0 1.0 1.0 1.0 1.0 1.0 1.0 1.0 1.0 1.0 1.0 1.0 1.0 1.0 1.0 1.0 1.0 1.0 1.0 1.0 1.0 1.0 1.0 1.0 1.0 1.0 1.0 1.0 1.0 1.0 1.0 1.0 1.0 1.0 1.0 1.0 1.0 1.0 1.0 1.0 1.0 1.0 1.0 1.0 1.0 1.0 1.0 1.0 1.0 1.0 1.0 1.0 0.858 1.113 1.171 1.064 0.836 1.29 1.167 1.059 0.792 0.783 0.796 0.894 0.802 0.778 1.113 0.945 0.756 1.058 0.777 1.078 0.891 0.869 0.796 0.93 0.753 1.188 0.999 1.165 1.028 0.632 0.817 1.424 0.903 1.238 0.728 1.186 1.228 1.012 1.333 0.819 0.869 0.816 1.205 0.439 1.124 0.869 0.924 1.218 0.662 1.154 0.874 0.829 0.692 0.806 0.718 1.244 0.855 0.614 1.335 0.712 0.737 1.068 1.116 0.516 1.108 0.843 1.058 0.987 0.722 0.981 0.748 0.875 0.991 1.136 0.666 1.116 1.094 1.015 0.574 1.031 0.798 1.05 0.702 0.603 0.699 1.0 1.055 1.249 0.763 0.801 1.0 0.873 0.697 0.72 1.014 1.0 0.859 1.513 0.853 0.673 1.0 0.723 0.604 0.731 0.77 1.0 0.732 0.573 0.772 1.0 1.0 1.201 0.772 0.765 1.0 1.0 0.76 0.774 0.749 1.0 1.0 0.838 0.674 0.742 1.0 1.0 1.17 0.598 0.615 1.0 1.0 0.923 0.687 0.813 1.0 1.0 0.796 0.647 0.775 1.0 1.0 0.68 0.808 0.683 1.0 1.0 0.675 0.564 1.0 1.0 1.0 1.18 0.687 1.0 1.0 1.0 0.775 0.629 1.0 1.0 1.0 0.732 0.667 1.0 1.0 1.0 1.157 1.788 1.0 1.0 1.0 0.705 1.0 1.0 1.0 1.0 0.703 1.0 1.0 1.0 1.0 1.094 1.0 1.0 1.0 1.0 0.728 1.0 1.0 1.0 1.0 0.696 1.0 1.0 1.0 1.0 0.735 1.0 1.0 1.0 1.0 0.986 1.0 1.0 1.0 1.0 0.699 1.0 1.0 1.0 1.0 0.797 1.0 1.0 1.0 1.0 0.791 1.0 1.0 1.0 1.0 0.833 1.0 1.0 1.0 1.0 0.708 1.0 1.0 1.0 1.0 2.263 1.0 1.0 1.0 1.0 1.643 1.0 1.0 1.0 1.0 0.783 1.0 1.0 1.0 1.0 1.0 1.0 1.0 1.0 1.0 1.0 1.0 1.0 1.0 1.0 1.0 1.0 1.0 1.0 1.0 1.0 1.0 1.0 1.0 1.0 1.0 1.0 1.0 1.0 1.0 1.0 1.0 1.0 1.0 1.0 1.0 1.0 1.0 1.0 1.0 1.0 1.0 1.0 1.0 1.0 1.0 1.0 1.0 1.0 1.0 1.0 1.0 1.0 1.0 1.0 1.0 1.0 1.0 1.0 1.0 1.0 1.0 1.0 1.0 1.0 1.0 1.0 1.0 1.0 1.0 1.0 1.0 1.0 1.0 1.0 1.0 1.0 1.0 1.0 1.0 1.0 1.0 1.0 1.0 1.0 1.0 1.0 1.0 1.0 1.0 1.0 1.0 1.0 1.0 1.0 1.0 1.0 1.0 1.0 1.0 1.0 1.0 1.0 1.0 1.0 1.0 1.0 1.0 1.0 1.0 1.0 1.0 1.0 1.0 1.0 1.0 1.0 1.0 1.0 1.0 1.0 1.0 1.0 1.0 1.0 1.0 1.0 1.0 1.0 1.0 1.0 1.0 1.0 1.0 1.0 1.0 1.0 1.0 1.0 1.212 0.976 0.811 1.156 0.827 1.186 1.158 1.249 1.082 0.77 1.329 1.344 1.074 1.221 1.19 1.232 0.856 1.23 1.237 0.955 1.34 0.934 1.22 1.068 0.897 1.388 1.294 1.065 1.265 1.193 1.294 1.121 0.915 0.709 0.66 1.302 0.866 0.959 1.034 1.267 0.837 0.958 1.046 1.295 0.53 0.883 0.995 1.044 0.928 1.128 1.064 1.27 1.312 1.112 1.176 0.959 0.685 1.04 1.168 0.547 1.108 1.167 1.032 0.684 0.77 0.824 1.086 0.7 1.229 0.861 1.605 1.456 0.779 1.31 0.859 0.576 0.728 0.795 1.088 0.855 1.012 0.745 0.856 1.344 0.861 0.577 0.901 0.654 1.248 0.837 0.799 0.592 0.875 0.64 0.953 0.959 0.623 0.796 0.904 1.385 0.7 0.742 1.36 1.224 0.677 0.745 0.864 1.0 0.951 0.975 0.763 0.692 1.0 0.667 0.635 0.639 0.751 1.0 1.332 1.0 0.666 1.531 1.0 1.528 1.0 0.676 0.743 1.0 0.708 1.0 0.691 1.172 1.0 1.084 1.0 0.762 0.952 1.0 0.666 1.0 1.04 0.782 1.0 0.863 1.0 1.124 1.318 1.0 0.785 1.0 0.674 0.793 1.0 0.651 1.0 1.242 0.767 1.0 1.0 1.0 0.707 0.729 1.0 1.0 1.0 0.708 0.725 1.0 1.0 1.0 0.995 0.667 1.0 1.0 1.0 1.144 0.705 1.0 1.0 1.0 0.838 0.697 1.0 1.0 1.0 1.046 0.984 1.0 1.0 1.0 0.967 1.0 1.0 1.0 1.0 0.739 1.0 1.0 1.0 1.0 0.752 1.0 1.0 1.0 1.0 0.718 1.0 1.0 1.0 1.0 0.785 1.0 1.0 1.0 1.0 0.704 1.0 1.0 1.0 1.0 0.793 1.0 1.0 1.0 1.0 0.875 1.0 1.0 1.0 1.0 0.992 1.0 1.0 1.0 1.0 0.896 1.0 1.0 1.0 1.0 0.743 1.0 1.0 1.0 1.0 0.844 1.0 1.0 1.0 1.0 1.486 1.0 1.0 1.0 1.0 0.611 1.0 1.0 1.0 1.0 1.0 1.0 1.0 1.0 1.0 1.0 1.0 1.0 1.0 1.0 1.0 1.0 1.0 1.0 1.0 1.0 1.0 1.0 1.0 1.0 1.0 1.0 1.0 1.0 1.0 1.0 1.0 1.0 1.0 1.0 1.0 1.0 1.0 1.0 1.0 1.0 1.0 1.0 1.0 1.0 1.0 1.0 1.0 1.0 1.0 1.0 1.0 1.0 1.0 1.0 1.0 1.0 1.0 1.0 1.0 1.0 1.0 1.0 1.0 1.0 1.0 1.0 1.0 1.0 1.0 1.0 1.0 1.0 1.0 1.0 1.0 1.0 1.0 1.0 1.0 1.0 1.0 1.0 1.0 1.0 1.0 1.0 1.0 1.0 1.0 1.0 1.0 1.0 1.0 1.0 1.0 1.0 1.0 1.0 1.0 1.0 1.0 1.0 1.0 1.0 1.0 1.0 1.0 1.0 1.0 1.0 1.0 1.0 1.0 1.0 1.0 1.0 1.0 1.0 1.0 1.0 1.0 1.0 1.0 1.0 1.212 0.901 0.811 1.156 1.128 0.839 1.156 1.202 0.822 0.763 1.215 0.847 1.076 0.81 1.118 0.827 0.844 1.297 0.932 1.285 0.951 1.252 0.784 1.271 0.881 0.972 0.968 1.243 0.7 1.336 1.26 1.287 1.221 1.302 0.724 0.609 1.229 1.295 1.305 1.425 1.306 1.167 1.303 1.216 1.34 1.249 1.136 0.718 1.302 1.303 1.272 1.234 0.908 1.304 1.299 1.241 1.298 1.209 1.325 1.427 1.147 1.217 0.824 1.121 1.293 1.298 1.297 1.302 1.322 0.876 1.284 1.345 1.294 1.307 1.299 0.871 1.301 1.249 1.255 0.757 1.358 0.646 1.299 0.839 1.299 1.253 1.301 0.734 1.305 0.926 0.669 1.245 1.316 0.894 1.284 1.242 1.191 1.178 0.798 1.293 1.374 0.753 1.38 1.26 1.298 0.799 1.129 1.162 0.824 0.806 1.326 1.421 1.238 0.922 1.284 1.184 1.01 1.197 1.26 0.844 1.179 1.042 0.781 1.314 0.805 1.092 1.255 1.019 0.949 0.905 1.416 0.989 0.99 1.166 1.424 1.14 1.059 1.116 1.165 1.2 0.736 1.343 0.853 0.658 0.718 0.636 1.0 0.847 0.619 1.0 0.684 1.0 0.777 1.0 1.0 0.73 1.0 0.836 1.0 1.0 0.766 1.0 1.294 1.0 1.0 0.951 1.0 1.31 1.0 1.0 2.024 1.0 1.359 1.0 1.0 0.728 1.0 0.869 1.0 1.0 1.921 1.0 0.774 1.0 1.0 0.787 1.0 0.764 1.0 1.0 0.872 1.0 0.759 1.0 1.0 0.747 1.0 0.754 1.0 1.0 1.0 1.0 0.621 1.0 1.0 1.0 1.0 1.452 1.0 1.0 1.0 1.0 1.258 1.0 1.0 1.0 1.0 1.102 1.0 1.0 1.0 1.0 1.011 1.0 1.0 1.0 1.0 0.983 1.0 1.0 1.0 1.0 0.909 1.0 1.0 1.0 1.0 0.974 1.0 1.0 1.0 1.0 1.376 1.0 1.0 1.0 1.0 1.358 1.0 1.0 1.0 1.0 0.823 1.0 1.0 1.0 1.0 0.756 1.0 1.0 1.0 1.0 0.681 1.0 1.0 1.0 1.0 1.032 1.0 1.0 1.0 1.0 0.916 1.0 1.0 1.0 1.0 0.938 1.0 1.0 1.0 1.0 0.997 1.0 1.0 1.0 1.0 0.995 1.0 1.0 1.0 1.0 0.604 1.0 1.0 1.0 1.0 0.871 1.0 1.0 1.0 1.0 0.995 1.0 1.0 1.0 1.0 1.397 1.0 1.0 1.0 1.0 0.614 1.0 1.0 1.0 1.0 0.656 1.0 1.0 1.0 1.0 0.683 1.0 1.0 1.0 1.0 0.68 1.0 1.0 1.0 1.0 0.969 1.0 1.0 1.0 1.0 0.638 1.0 1.0 1.0 1.0 1.045 1.0 1.0 1.0 1.0 0.75 1.0 1.0 1.0 1.0 1.317 1.0 1.0 1.0 1.0 0.634 1.0 1.0 1.0 1.0 0.792 1.0 1.0 1.0 1.0 0.699 1.0 1.0 1.0 1.0 0.679 1.0 1.0 1.0 1.0 0.71 1.0 1.0 1.124 1.215 0.844 1.118 1.08 1.296 1.151 1.204 0.773 1.163 0.84 0.869 1.094 0.757 1.292 1.218 1.235 1.271 0.852 0.769 0.873 1.052 0.72 0.94 0.902 1.26 1.266 0.854 1.248 0.859 0.927 0.801 0.86 1.302 0.958 0.955 1.132 1.087 1.288 1.308 1.002 1.222 1.312 1.318 0.82 1.294 1.353 1.236 1.251 1.391 1.309 0.833 1.238 0.62 1.097 0.825 1.068 1.344 1.05 1.409 1.302 1.086 0.661 1.621 0.733 1.076 1.249 1.438 1.458 0.988 0.907 1.468 1.068 1.017 1.466 1.063 1.266 1.025 1.592 1.093 1.153 1.41 1.304 0.606 0.89 1.066 1.0 1.498 1.439 1.31 0.807 1.0 0.914 1.342 0.761 0.846 1.0 0.824 0.847 0.766 0.706 1.0 0.813 0.664 1.311 1.157 1.0 0.67 1.126 0.807 1.18 1.0 0.77 1.667 1.058 1.099 1.0 0.967 0.732 1.024 1.22 1.0 0.853 0.723 1.238 0.739 1.0 0.892 0.727 0.666 1.04 1.0 0.909 1.117 0.678 0.972 1.0 0.673 0.937 0.686 1.029 1.0 0.701 0.937 0.874 1.023 1.0 0.731 0.733 0.911 1.022 1.0 0.799 0.933 0.632 0.848 1.0 0.837 1.158 1.0 0.973 1.0 0.677 1.101 1.0 1.058 1.0 0.74 0.975 1.0 0.775 1.0 0.743 0.812 1.0 0.886 1.0 1.0 1.083 1.0 0.822 1.0 1.0 0.953 1.0 0.707 1.0 1.0 1.009 1.0 0.717 1.0 1.0 1.256 1.0 0.723 1.0 1.0 1.256 1.0 0.667 1.0 1.0 0.75 1.0 0.676 1.0 1.0 0.758 1.0 0.635 1.0 1.0 0.737 1.0 0.702 1.0 1.0 0.758 1.0 1.0 1.0 1.0 0.71 1.0 1.0 1.0 1.0 0.761 1.0 1.0 1.0 1.0 0.684 1.0 1.0 1.0 1.0 1.0 1.0 1.0 1.0 1.0 1.0 1.0 1.0 1.0 1.0 1.0 1.0 1.0 1.0 1.0 1.0 1.0 1.0 1.0 1.0 1.0 1.0 1.0 1.0 1.0 1.0 1.0 1.0 1.0 1.0 1.0 1.0 1.0 1.0 1.0 1.0 1.0 1.0 1.0 1.0 1.0 1.0 1.0 1.0 1.0 1.0 1.0 1.0 1.0 1.0 1.0 1.0 1.0 1.0 1.0 1.0 1.0 1.0 1.0 1.0 1.0 1.0 1.0 1.0 1.0 1.0 1.0 1.0 1.0 1.0 1.0 1.0 1.0 1.0 1.0 1.0 1.0 1.0 1.0 1.0 1.0 1.0 1.0 1.0 1.0 1.0 1.0 1.0 1.0 1.0 1.0 1.0 1.0 1.0 1.0 1.0 1.0 1.0 1.0 1.0 1.0 1.0 1.0 1.0 1.0 1.0 1.0 1.0 1.0 1.0 1.0 1.0 1.0 1.0 1.0 1.0 1.0 1.0 1.0 1.0 1.0 1.0 1.0 1.0 1.0 1.0 1.0 1.0 1.0 1.0 1.0 1.0 1.0 1.0 1.0 1.0 1.0 1.0 1.0 1.0 1.0 1.0 0.87 0.976 1.155 0.862 1.08 0.923 1.295 1.242 0.824 1.132 1.178 1.315 0.784 1.001 1.313 0.823 0.845 0.737 0.683 0.779 1.324 1.31 1.308 1.24 1.118 0.827 0.821 0.749 0.485 0.791 1.011 0.876 1.304 0.829 0.839 0.954 0.87 0.994 0.781 0.982 0.826 0.78 0.893 1.379 0.757 1.049 0.927 1.207 0.811 1.216 0.782 0.948 0.927 0.869 1.308 0.755 1.059 1.011 0.798 0.772 1.136 0.698 1.185 1.0 1.137 0.795 1.119 1.107 1.0 1.256 0.953 0.754 1.19 1.0 0.716 0.638 0.988 1.163 1.0 1.17 0.855 1.188 1.029 1.0 1.059 0.994 0.662 0.985 1.0 0.776 0.764 1.054 0.859 1.0 0.712 1.06 0.976 0.778 1.0 0.743 1.042 0.991 1.251 1.0 0.734 1.089 1.08 1.084 1.0 0.725 0.74 1.156 0.739 1.0 0.756 0.906 1.13 0.741 1.0 1.594 0.991 0.597 1.082 1.0 0.919 1.033 1.098 0.749 1.0 0.721 0.692 0.918 1.212 1.0 0.729 0.732 0.592 0.751 1.0 1.0 0.674 0.817 1.076 1.0 1.0 0.837 1.432 1.292 1.0 1.0 0.979 1.012 1.294 1.0 1.0 1.091 0.725 0.723 1.0 1.0 0.653 0.889 0.749 1.0 1.0 0.657 0.867 1.257 1.0 1.0 1.0 0.689 1.269 1.0 1.0 1.0 1.181 1.21 1.0 1.0 1.0 0.689 0.754 1.0 1.0 1.0 0.697 1.185 1.0 1.0 1.0 0.689 0.86 1.0 1.0 1.0 0.683 0.863 1.0 1.0 1.0 0.748 1.072 1.0 1.0 1.0 0.701 0.704 1.0 1.0 1.0 0.683 0.706 1.0 1.0 1.0 0.992 0.696 1.0 1.0 1.0 0.858 0.678 1.0 1.0 1.0 0.685 0.694 1.0 1.0 1.0 1.105 0.656 1.0 1.0 1.0 0.903 0.596 1.0 1.0 1.0 1.027 0.627 1.0 1.0 1.0 0.679 1.0 1.0 1.0 1.0 0.621 1.0 1.0 1.0 1.0 0.661 1.0 1.0 1.0 1.0 0.722 1.0 1.0 1.0 1.0 0.661 1.0 1.0 1.0 1.0 0.672 1.0 1.0 1.0 1.0 0.701 1.0 1.0 1.0 1.0 0.716 1.0 1.0 1.0 1.0 0.716 1.0 1.0 1.0 1.0 0.699 1.0 1.0 1.0 1.0 0.678 1.0 1.0 1.0 1.0 1.0 1.0 1.0 1.0 1.0 1.0 1.0 1.0 1.0 1.0 1.0 1.0 1.0 1.0 1.0 1.0 1.0 1.0 1.0 1.0 1.0 1.0 1.0 1.0 1.0 1.0 1.0 1.0 1.0 1.0 1.0 1.0 1.0 1.0 1.0 1.0 1.0 1.0 1.0 1.0 1.0 1.0 1.0 1.0 1.0 1.0 1.0 1.0 1.0 1.0 1.0 1.0 1.0 1.0 1.0 1.0 1.0 1.0 1.0 1.0 1.0 1.0 1.0 1.0 1.0 1.0 1.0 1.0 1.0 1.0 1.0 1.0 1.0 1.0 1.0 1.0 1.0 1.0 1.0 1.212 1.215 1.064 1.156 0.827 1.176 1.303 1.23 1.23 1.212 1.332 0.865 0.786 1.276 1.209 0.82 0.854 1.095 0.731 0.839 0.866 1.184 1.232 1.02 1.128 0.823 1.136 0.962 1.183 0.8 1.277 0.477 1.062 0.75 1.251 1.024 1.156 0.753 0.936 1.075 1.158 1.261 1.329 1.162 1.139 0.939 1.308 1.333 1.274 0.848 0.789 1.131 1.226 1.189 1.332 1.057 0.637 1.128 0.934 1.206 1.274 1.344 1.385 1.35 1.02 1.279 0.462 1.424 1.137 1.337 1.087 1.529 0.682 0.894 0.877 1.274 1.24 0.688 1.42 0.858 1.029 0.99 1.249 1.326 1.0 1.381 0.613 1.269 1.484 1.0 1.475 1.31 1.296 0.65 1.0 0.793 1.279 1.309 1.379 1.0 1.13 0.625 1.373 0.653 1.0 1.141 1.298 1.121 1.212 1.0 0.809 1.224 0.949 0.96 1.0 1.12 1.505 1.439 0.712 1.0 1.158 1.519 0.896 1.064 1.0 1.313 0.999 0.748 0.999 1.0 1.273 1.54 1.099 1.045 1.0 1.197 0.867 0.775 0.734 1.0 1.002 1.613 1.137 0.892 1.0 1.148 0.544 1.065 0.644 1.0 1.074 0.813 1.09 0.874 1.0 0.692 1.204 0.768 0.977 1.0 0.7 1.298 1.037 0.751 1.0 0.698 0.918 0.768 1.0 1.0 0.709 0.592 0.886 1.0 1.0 0.698 0.685 1.0 1.0 1.0 0.664 0.643 1.0 1.0 1.0 0.625 0.692 1.0 1.0 1.0 1.054 0.7 1.0 1.0 1.0 0.732 0.694 1.0 1.0 1.0 1.203 0.704 1.0 1.0 1.0 1.22 1.0 1.0 1.0 1.0 0.97 1.0 1.0 1.0 1.0 1.222 1.0 1.0 1.0 1.0 0.766 1.0 1.0 1.0 1.0 0.892 1.0 1.0 1.0 1.0 1.092 1.0 1.0 1.0 1.0 0.748 1.0 1.0 1.0 1.0 0.827 1.0 1.0 1.0 1.0 1.0 1.0 1.0 1.0 1.0 1.0 1.0 1.0 1.0 1.0 1.0 1.0 1.0 1.0 1.0 1.0 1.0 1.0 1.0 1.0 1.0 1.0 1.0 1.0 1.0 1.0 1.0 1.0 1.0 1.0 1.0 1.0 1.0 1.0 1.0 1.0 1.0 1.0 1.0 1.0 1.0 1.0 1.0 1.0 1.0 1.0 1.0 1.0 1.0 1.0 1.0 1.0 1.0 1.0 1.0 1.0 1.0 1.0 1.0 1.0 1.0 1.0 1.0 1.0 1.0 1.0 1.0 1.0 1.0 1.0 1.0 1.0 1.0 1.0 1.0 1.0 1.0 1.0 1.0 1.0 1.0 1.0 1.0 1.0 1.0 1.0 1.0 1.0 1.0 1.0 1.0 1.0 1.0 1.0 1.0 1.0 1.0 1.0 1.0 1.0 1.0 1.0 1.0 1.0 1.0 1.0 1.0 1.0 1.0 1.0 1.0 1.0 1.0 1.0 1.0 1.0 1.0 1.0 1.0 1.0 1.0 1.0 1.0 1.0 1.0 1.0 1.0 1.0 1.0 1.0 1.0 1.0 1.0 1.0 1.0 0.87 0.901 1.155 1.156 0.827 1.293 1.164 1.245 0.778 1.226 0.776 0.748 1.08 1.144 1.207 0.923 0.741 1.268 0.772 1.113 0.926 1.339 1.263 0.85 0.869 0.94 0.814 0.723 1.026 1.108 0.945 0.979 1.272 1.053 0.926 1.162 0.899 0.714 1.253 1.2 0.869 1.026 0.836 1.359 1.113 0.721 0.853 1.105 1.36 1.22 1.343 0.984 1.144 1.331 1.086 1.033 0.974 0.838 1.405 0.549 0.607 1.16 0.895 1.505 1.239 1.34 0.912 0.884 0.859 1.457 0.819 1.279 1.012 0.967 0.614 1.314 1.309 0.948 1.0 1.2 0.876 1.245 1.341 1.0 1.306 0.882 1.17 0.837 1.0 1.296 1.167 1.27 1.229 1.0 1.492 0.923 0.928 0.964 1.0 0.738 1.029 0.605 1.317 1.0 0.825 0.954 0.621 1.157 1.0 0.853 1.17 0.806 0.671 1.0 0.834 1.421 0.889 1.019 1.0 1.984 1.003 0.902 0.981 1.0 1.022 0.859 1.293 1.067 1.0 0.735 1.458 0.889 1.109 1.0 2.074 0.82 0.972 1.059 1.0 0.913 1.094 1.084 0.828 1.0 0.666 0.898 0.749 0.717 1.0 0.764 0.896 0.78 0.754 1.0 0.784 0.987 1.493 0.849 1.0 0.652 1.0 0.879 1.084 1.0 0.73 1.0 0.963 0.831 1.0 0.701 1.0 0.755 0.892 1.0 0.683 1.0 0.906 0.702 1.0 0.714 1.0 0.867 0.796 1.0 0.753 1.0 0.825 0.704 1.0 0.685 1.0 0.694 1.33 1.0 2.384 1.0 1.0 0.711 1.0 0.64 1.0 1.0 0.707 1.0 0.639 1.0 1.0 0.997 1.0 1.0 1.0 1.0 0.746 1.0 1.0 1.0 1.0 0.752 1.0 1.0 1.0 1.0 1.915 1.0 1.0 1.0 1.0 1.0 1.0 1.0 1.0 1.0 1.0 1.0 1.0 1.0 1.0 1.0 1.0 1.0 1.0 1.0 1.0 1.0 1.0 1.0 1.0 1.0 1.0 1.0 1.0 1.0 1.0 1.0 1.0 1.0 1.0 1.0 1.0 1.0 1.0 1.0 1.0 1.0 1.0 1.0 1.0 1.0 1.0 1.0 1.0 1.0 1.0 1.0 1.0 1.0 1.0 1.0 1.0 1.0 1.0 1.0 1.0 1.0 1.0 1.0 1.0 1.0 1.0 1.0 1.0 1.0 1.0 1.0 1.0 1.0 1.0 1.0 1.0 1.0 1.0 1.0 1.0 1.0 1.0 1.0 1.0 1.0 1.0 1.0 1.0 1.0 1.0 1.0 1.0 1.0 1.0 1.0 1.0 1.0 1.0 1.0 1.0 1.0 1.0 1.0 1.0 1.0 1.0 1.0 1.0 1.0 1.0 1.0 1.0 1.0 1.0 1.0 1.0 1.0 1.0 1.0 1.0 1.0 1.0 1.0 1.0 1.0 1.0 1.0 1.0 1.0 1.0 1.0 1.0 1.0 1.0 1.0 1.0 1.0 1.0 1.0 1.0 1.0 1.0 1.0 1.0 1.0 1.0 1.0 1.0 1.0 1.0 1.0 1.0 1.0 1.0 1.0 1.0 1.0,2.3835337,1.3835337,0.43888468,0.3,0.756054162979126,0.0003,5,5.251891
88,0.2651072144508362,0.9923621,0.949 0.974 0.842 1.067 0.833 1.167 1.284 1.244 0.776 0.77 0.898 1.313 1.077 1.217 0.883 1.318 0.717 0.692 1.071 0.791 0.817 0.952 1.05 1.232 1.043 0.814 0.71 1.303 0.93 0.991 0.886 0.719 0.988 0.823 1.06 0.944 1.108 1.26 1.261 1.167 1.057 0.97 0.873 0.596 0.699 0.876 0.738 1.137 1.26 1.152 1.237 0.741 1.165 1.266 0.965 1.094 0.851 1.175 1.233 1.144 1.012 1.165 0.837 1.303 1.0 1.186 1.029 0.72 0.643 1.0 1.116 1.011 1.13 1.252 1.0 1.381 1.456 1.001 1.111 1.0 1.166 1.029 1.365 0.969 1.0 1.055 0.976 0.985 0.638 1.0 0.988 0.667 0.976 1.086 1.0 0.939 0.94 0.872 0.711 1.0 1.354 0.664 0.747 1.166 1.0 0.87 0.818 1.0 0.721 1.0 0.796 0.808 1.0 0.78 1.0 0.773 1.151 1.0 0.805 1.0 0.747 1.167 1.0 0.838 1.0 0.959 1.186 1.0 0.706 1.0 0.778 1.027 1.0 0.637 1.0 0.904 0.671 1.0 1.236 1.0 1.203 1.086 1.0 0.938 1.0 0.699 0.656 1.0 0.889 1.0 0.708 0.826 1.0 0.768 1.0 1.068 0.906 1.0 1.134 1.0 1.648 0.732 1.0 0.86 1.0 1.0 0.997 1.0 1.062 1.0 1.0 0.908 1.0 0.782 1.0 1.0 0.982 1.0 0.866 1.0 1.0 0.605 1.0 0.773 1.0 1.0 0.714 1.0 0.691 1.0 1.0 0.702 1.0 1.0 1.0 1.0 2.187 1.0 1.0 1.0 1.0 0.708 1.0 1.0 1.0 1.0 0.704 1.0 1.0 1.0 1.0 0.697 1.0 1.0 1.0 1.0 0.7 1.0 1.0 1.0 1.0 0.658 1.0 1.0 1.0 1.0 0.803 1.0 1.0 1.0 1.0 1.0 1.0 1.0 1.0 1.0 1.0 1.0 1.0 1.0 1.0 1.0 1.0 1.0 1.0 1.0 1.0 1.0 1.0 1.0 1.0 1.0 1.0 1.0 1.0 1.0 1.0 1.0 1.0 1.0 1.0 1.0 1.0 1.0 1.0 1.0 1.0 1.0 1.0 1.0 1.0 1.0 1.0 1.0 1.0 1.0 1.0 1.0 1.0 1.0 1.0 1.0 1.0 1.0 1.0 1.0 1.0 1.0 1.0 1.0 1.0 1.0 1.0 1.0 1.0 1.0 1.0 1.0 1.0 1.0 1.0 1.0 1.0 1.0 1.0 1.0 1.0 1.0 1.0 1.0 1.0 1.0 1.0 1.0 1.0 1.0 1.0 1.0 1.0 1.0 1.0 1.0 1.0 1.0 1.0 1.0 1.0 1.0 1.0 1.0 1.0 1.0 1.0 1.0 1.0 1.0 1.0 1.0 1.0 1.0 1.0 1.0 1.0 1.0 1.0 1.0 1.0 1.0 1.0 1.0 1.0 1.0 1.0 1.0 1.0 1.0 1.0 1.0 1.0 1.0 1.0 1.0 1.0 1.0 1.0 1.0 1.0 1.0 1.0 1.0 1.0 1.0 1.0 1.0 1.0 1.0 1.0 1.0 1.0 1.0 0.856 1.117 1.171 1.067 0.833 1.29 1.174 1.064 0.791 0.779 0.792 0.888 0.798 0.778 1.111 0.943 0.755 1.064 0.777 1.082 0.89 0.866 0.792 0.932 0.756 1.189 1.003 1.162 1.027 0.634 0.819 1.425 0.902 1.238 0.73 1.186 1.227 1.011 1.334 0.824 0.875 0.818 1.203 0.438 1.123 0.874 0.924 1.218 0.663 1.153 0.879 0.832 0.692 0.811 0.721 1.246 0.859 0.612 1.336 0.714 0.727 1.068 1.116 0.517 1.109 0.837 1.056 0.983 0.724 0.975 0.741 0.872 0.991 1.132 0.667 1.116 1.093 1.013 0.575 1.026 0.791 1.048 0.703 0.605 0.7 1.0 1.05 1.249 0.759 0.804 1.0 0.871 0.697 0.723 1.01 1.0 0.856 1.517 0.849 0.669 1.0 0.722 0.605 0.734 0.772 1.0 0.73 0.567 0.767 1.0 1.0 1.201 0.77 0.761 1.0 1.0 0.757 0.773 0.745 1.0 1.0 0.822 0.673 0.736 1.0 1.0 1.174 0.596 0.614 1.0 1.0 0.905 0.688 0.802 1.0 1.0 0.799 0.644 0.773 1.0 1.0 0.682 0.798 0.681 1.0 1.0 0.676 0.56 1.0 1.0 1.0 1.176 0.689 1.0 1.0 1.0 0.775 0.629 1.0 1.0 1.0 0.732 0.669 1.0 1.0 1.0 1.16 1.788 1.0 1.0 1.0 0.705 1.0 1.0 1.0 1.0 0.703 1.0 1.0 1.0 1.0 1.095 1.0 1.0 1.0 1.0 0.726 1.0 1.0 1.0 1.0 0.697 1.0 1.0 1.0 1.0 0.733 1.0 1.0 1.0 1.0 0.984 1.0 1.0 1.0 1.0 0.699 1.0 1.0 1.0 1.0 0.795 1.0 1.0 1.0 1.0 0.789 1.0 1.0 1.0 1.0 0.825 1.0 1.0 1.0 1.0 0.711 1.0 1.0 1.0 1.0 2.268 1.0 1.0 1.0 1.0 1.643 1.0 1.0 1.0 1.0 0.784 1.0 1.0 1.0 1.0 1.0 1.0 1.0 1.0 1.0 1.0 1.0 1.0 1.0 1.0 1.0 1.0 1.0 1.0 1.0 1.0 1.0 1.0 1.0 1.0 1.0 1.0 1.0 1.0 1.0 1.0 1.0 1.0 1.0 1.0 1.0 1.0 1.0 1.0 1.0 1.0 1.0 1.0 1.0 1.0 1.0 1.0 1.0 1.0 1.0 1.0 1.0 1.0 1.0 1.0 1.0 1.0 1.0 1.0 1.0 1.0 1.0 1.0 1.0 1.0 1.0 1.0 1.0 1.0 1.0 1.0 1.0 1.0 1.0 1.0 1.0 1.0 1.0 1.0 1.0 1.0 1.0 1.0 1.0 1.0 1.0 1.0 1.0 1.0 1.0 1.0 1.0 1.0 1.0 1.0 1.0 1.0 1.0 1.0 1.0 1.0 1.0 1.0 1.0 1.0 1.0 1.0 1.0 1.0 1.0 1.0 1.0 1.0 1.0 1.0 1.0 1.0 1.0 1.0 1.0 1.0 1.0 1.0 1.0 1.0 1.0 1.0 1.0 1.0 1.0 1.0 1.0 1.0 1.0 1.0 1.0 1.0 1.0 1.0 1.212 0.974 0.81 1.156 0.826 1.193 1.166 1.249 1.087 0.769 1.329 1.344 1.08 1.22 1.189 1.241 0.852 1.228 1.236 0.958 1.34 0.929 1.219 1.074 0.898 1.399 1.304 1.071 1.263 1.192 1.295 1.126 0.912 0.709 0.661 1.311 0.864 0.957 1.039 1.268 0.833 0.958 1.045 1.296 0.532 0.88 0.994 1.044 0.929 1.129 1.069 1.274 1.314 1.111 1.178 0.965 0.689 1.04 1.169 0.548 1.114 1.161 1.028 0.684 0.775 0.82 1.079 0.702 1.228 0.858 1.615 1.461 0.776 1.309 0.865 0.571 0.718 0.798 1.088 0.859 1.007 0.735 0.854 1.343 0.856 0.574 0.896 0.651 1.246 0.831 0.799 0.593 0.874 0.64 0.95 0.954 0.625 0.799 0.908 1.385 0.698 0.744 1.356 1.224 0.675 0.741 0.861 1.0 0.95 0.975 0.764 0.692 1.0 0.668 0.634 0.635 0.754 1.0 1.333 1.0 0.664 1.537 1.0 1.526 1.0 0.674 0.744 1.0 0.706 1.0 0.69 1.166 1.0 1.084 1.0 0.762 0.951 1.0 0.663 1.0 1.043 0.779 1.0 0.859 1.0 1.124 1.321 1.0 0.784 1.0 0.671 0.79 1.0 0.65 1.0 1.246 0.768 1.0 1.0 1.0 0.704 0.726 1.0 1.0 1.0 0.706 0.723 1.0 1.0 1.0 0.992 0.667 1.0 1.0 1.0 1.149 0.705 1.0 1.0 1.0 0.835 0.698 1.0 1.0 1.0 1.046 0.983 1.0 1.0 1.0 0.966 1.0 1.0 1.0 1.0 0.739 1.0 1.0 1.0 1.0 0.749 1.0 1.0 1.0 1.0 0.715 1.0 1.0 1.0 1.0 0.783 1.0 1.0 1.0 1.0 0.705 1.0 1.0 1.0 1.0 0.781 1.0 1.0 1.0 1.0 0.864 1.0 1.0 1.0 1.0 0.975 1.0 1.0 1.0 1.0 0.893 1.0 1.0 1.0 1.0 0.743 1.0 1.0 1.0 1.0 0.849 1.0 1.0 1.0 1.0 1.474 1.0 1.0 1.0 1.0 0.611 1.0 1.0 1.0 1.0 1.0 1.0 1.0 1.0 1.0 1.0 1.0 1.0 1.0 1.0 1.0 1.0 1.0 1.0 1.0 1.0 1.0 1.0 1.0 1.0 1.0 1.0 1.0 1.0 1.0 1.0 1.0 1.0 1.0 1.0 1.0 1.0 1.0 1.0 1.0 1.0 1.0 1.0 1.0 1.0 1.0 1.0 1.0 1.0 1.0 1.0 1.0 1.0 1.0 1.0 1.0 1.0 1.0 1.0 1.0 1.0 1.0 1.0 1.0 1.0 1.0 1.0 1.0 1.0 1.0 1.0 1.0 1.0 1.0 1.0 1.0 1.0 1.0 1.0 1.0 1.0 1.0 1.0 1.0 1.0 1.0 1.0 1.0 1.0 1.0 1.0 1.0 1.0 1.0 1.0 1.0 1.0 1.0 1.0 1.0 1.0 1.0 1.0 1.0 1.0 1.0 1.0 1.0 1.0 1.0 1.0 1.0 1.0 1.0 1.0 1.0 1.0 1.0 1.0 1.0 1.0 1.0 1.0 1.0 1.0 1.212 0.899 0.81 1.156 1.127 0.839 1.163 1.202 0.819 0.762 1.223 0.844 1.082 0.806 1.124 0.827 0.841 1.297 0.934 1.285 0.952 1.254 0.78 1.271 0.884 0.971 0.966 1.243 0.701 1.335 1.261 1.286 1.221 1.302 0.726 0.61 1.225 1.296 1.305 1.423 1.302 1.182 1.304 1.215 1.34 1.266 1.151 0.718 1.3 1.3 1.272 1.235 0.909 1.303 1.302 1.239 1.297 1.214 1.327 1.431 1.142 1.221 0.825 1.119 1.293 1.299 1.299 1.3 1.323 0.873 1.282 1.346 1.299 1.307 1.3 0.869 1.3 1.251 1.254 0.759 1.357 0.647 1.301 0.838 1.3 1.252 1.301 0.733 1.303 0.933 0.669 1.244 1.315 0.9 1.286 1.247 1.189 1.181 0.802 1.293 1.372 0.754 1.38 1.262 1.298 0.795 1.13 1.16 0.828 0.809 1.327 1.423 1.241 0.928 1.287 1.185 1.016 1.201 1.259 0.843 1.181 1.049 0.777 1.313 0.804 1.095 1.253 1.021 0.955 0.911 1.411 0.996 0.99 1.167 1.425 1.141 1.066 1.119 1.169 1.196 0.733 1.34 0.851 0.657 0.718 0.635 1.0 0.846 0.617 1.0 0.683 1.0 0.777 1.0 1.0 0.73 1.0 0.837 1.0 1.0 0.766 1.0 1.298 1.0 1.0 0.949 1.0 1.314 1.0 1.0 2.016 1.0 1.355 1.0 1.0 0.731 1.0 0.87 1.0 1.0 1.908 1.0 0.774 1.0 1.0 0.788 1.0 0.764 1.0 1.0 0.875 1.0 0.759 1.0 1.0 0.746 1.0 0.754 1.0 1.0 1.0 1.0 0.621 1.0 1.0 1.0 1.0 1.449 1.0 1.0 1.0 1.0 1.254 1.0 1.0 1.0 1.0 1.099 1.0 1.0 1.0 1.0 1.009 1.0 1.0 1.0 1.0 0.981 1.0 1.0 1.0 1.0 0.911 1.0 1.0 1.0 1.0 0.969 1.0 1.0 1.0 1.0 1.379 1.0 1.0 1.0 1.0 1.361 1.0 1.0 1.0 1.0 0.821 1.0 1.0 1.0 1.0 0.754 1.0 1.0 1.0 1.0 0.682 1.0 1.0 1.0 1.0 1.03 1.0 1.0 1.0 1.0 0.919 1.0 1.0 1.0 1.0 0.935 1.0 1.0 1.0 1.0 0.993 1.0 1.0 1.0 1.0 0.99 1.0 1.0 1.0 1.0 0.605 1.0 1.0 1.0 1.0 0.874 1.0 1.0 1.0 1.0 0.99 1.0 1.0 1.0 1.0 1.4 1.0 1.0 1.0 1.0 0.615 1.0 1.0 1.0 1.0 0.657 1.0 1.0 1.0 1.0 0.684 1.0 1.0 1.0 1.0 0.681 1.0 1.0 1.0 1.0 0.967 1.0 1.0 1.0 1.0 0.639 1.0 1.0 1.0 1.0 1.041 1.0 1.0 1.0 1.0 0.752 1.0 1.0 1.0 1.0 1.318 1.0 1.0 1.0 1.0 0.634 1.0 1.0 1.0 1.0 0.792 1.0 1.0 1.0 1.0 0.7 1.0 1.0 1.0 1.0 0.679 1.0 1.0 1.0 1.0 0.711 1.0 1.0 1.129 1.215 0.842 1.118 1.083 1.296 1.158 1.203 0.772 1.161 0.841 0.866 1.1 0.757 1.294 1.227 1.237 1.27 0.854 0.764 0.872 1.052 0.72 0.941 0.9 1.264 1.269 0.855 1.25 0.862 0.926 0.804 0.861 1.302 0.957 0.958 1.129 1.088 1.29 1.307 1.006 1.222 1.311 1.317 0.825 1.295 1.354 1.239 1.253 1.389 1.31 0.837 1.238 0.62 1.096 0.817 1.067 1.347 1.041 1.406 1.303 1.083 0.662 1.625 0.736 1.084 1.252 1.44 1.459 0.985 0.906 1.47 1.077 1.018 1.464 1.069 1.27 1.032 1.593 1.091 1.153 1.412 1.303 0.606 0.887 1.065 1.0 1.498 1.44 1.31 0.806 1.0 0.912 1.344 0.763 0.845 1.0 0.821 0.847 0.769 0.703 1.0 0.815 0.663 1.315 1.154 1.0 0.669 1.128 0.809 1.178 1.0 0.767 1.669 1.056 1.099 1.0 0.964 0.734 1.02 1.23 1.0 0.855 0.723 1.24 0.736 1.0 0.892 0.729 0.664 1.037 1.0 0.912 1.116 0.677 0.969 1.0 0.667 0.933 0.686 1.027 1.0 0.701 0.934 0.871 1.021 1.0 0.728 0.734 0.91 1.018 1.0 0.797 0.93 0.63 0.848 1.0 0.835 1.16 1.0 0.968 1.0 0.676 1.103 1.0 1.059 1.0 0.739 0.975 1.0 0.775 1.0 0.74 0.812 1.0 0.888 1.0 1.0 1.08 1.0 0.824 1.0 1.0 0.954 1.0 0.707 1.0 1.0 1.012 1.0 0.715 1.0 1.0 1.246 1.0 0.715 1.0 1.0 1.251 1.0 0.665 1.0 1.0 0.75 1.0 0.676 1.0 1.0 0.76 1.0 0.633 1.0 1.0 0.738 1.0 0.701 1.0 1.0 0.752 1.0 1.0 1.0 1.0 0.703 1.0 1.0 1.0 1.0 0.759 1.0 1.0 1.0 1.0 0.686 1.0 1.0 1.0 1.0 1.0 1.0 1.0 1.0 1.0 1.0 1.0 1.0 1.0 1.0 1.0 1.0 1.0 1.0 1.0 1.0 1.0 1.0 1.0 1.0 1.0 1.0 1.0 1.0 1.0 1.0 1.0 1.0 1.0 1.0 1.0 1.0 1.0 1.0 1.0 1.0 1.0 1.0 1.0 1.0 1.0 1.0 1.0 1.0 1.0 1.0 1.0 1.0 1.0 1.0 1.0 1.0 1.0 1.0 1.0 1.0 1.0 1.0 1.0 1.0 1.0 1.0 1.0 1.0 1.0 1.0 1.0 1.0 1.0 1.0 1.0 1.0 1.0 1.0 1.0 1.0 1.0 1.0 1.0 1.0 1.0 1.0 1.0 1.0 1.0 1.0 1.0 1.0 1.0 1.0 1.0 1.0 1.0 1.0 1.0 1.0 1.0 1.0 1.0 1.0 1.0 1.0 1.0 1.0 1.0 1.0 1.0 1.0 1.0 1.0 1.0 1.0 1.0 1.0 1.0 1.0 1.0 1.0 1.0 1.0 1.0 1.0 1.0 1.0 1.0 1.0 1.0 1.0 1.0 1.0 1.0 1.0 1.0 1.0 1.0 1.0 1.0 1.0 1.0 1.0 1.0 1.0 0.87 0.974 1.155 0.859 1.083 0.919 1.294 1.243 0.821 1.13 1.186 1.313 0.78 0.999 1.314 0.824 0.842 0.737 0.684 0.775 1.322 1.308 1.307 1.24 1.116 0.829 0.823 0.75 0.485 0.79 1.015 0.871 1.302 0.823 0.841 0.953 0.872 0.999 0.787 0.979 0.828 0.78 0.891 1.382 0.76 1.046 0.922 1.204 0.816 1.215 0.781 0.943 0.926 0.866 1.306 0.757 1.065 1.014 0.803 0.775 1.134 0.699 1.188 1.0 1.135 0.796 1.113 1.109 1.0 1.253 0.952 0.755 1.192 1.0 0.718 0.639 0.986 1.165 1.0 1.168 0.854 1.198 1.031 1.0 1.059 0.991 0.657 0.988 1.0 0.773 0.766 1.054 0.861 1.0 0.714 1.059 0.974 0.777 1.0 0.743 1.04 0.989 1.256 1.0 0.731 1.088 1.079 1.087 1.0 0.723 0.743 1.162 0.738 1.0 0.756 0.909 1.127 0.74 1.0 1.596 0.995 0.593 1.085 1.0 0.918 1.036 1.097 0.748 1.0 0.721 0.692 0.92 1.204 1.0 0.729 0.733 0.587 0.75 1.0 1.0 0.673 0.818 1.08 1.0 1.0 0.839 1.44 1.298 1.0 1.0 0.975 1.005 1.3 1.0 1.0 1.095 0.722 0.723 1.0 1.0 0.653 0.89 0.748 1.0 1.0 0.657 0.868 1.249 1.0 1.0 1.0 0.688 1.26 1.0 1.0 1.0 1.171 1.203 1.0 1.0 1.0 0.689 0.753 1.0 1.0 1.0 0.698 1.186 1.0 1.0 1.0 0.689 0.858 1.0 1.0 1.0 0.684 0.862 1.0 1.0 1.0 0.75 1.073 1.0 1.0 1.0 0.703 0.702 1.0 1.0 1.0 0.684 0.707 1.0 1.0 1.0 0.985 0.695 1.0 1.0 1.0 0.851 0.678 1.0 1.0 1.0 0.689 0.694 1.0 1.0 1.0 1.104 0.654 1.0 1.0 1.0 0.902 0.595 1.0 1.0 1.0 1.027 0.627 1.0 1.0 1.0 0.676 1.0 1.0 1.0 1.0 0.617 1.0 1.0 1.0 1.0 0.659 1.0 1.0 1.0 1.0 0.718 1.0 1.0 1.0 1.0 0.66 1.0 1.0 1.0 1.0 0.672 1.0 1.0 1.0 1.0 0.701 1.0 1.0 1.0 1.0 0.715 1.0 1.0 1.0 1.0 0.715 1.0 1.0 1.0 1.0 0.699 1.0 1.0 1.0 1.0 0.676 1.0 1.0 1.0 1.0 1.0 1.0 1.0 1.0 1.0 1.0 1.0 1.0 1.0 1.0 1.0 1.0 1.0 1.0 1.0 1.0 1.0 1.0 1.0 1.0 1.0 1.0 1.0 1.0 1.0 1.0 1.0 1.0 1.0 1.0 1.0 1.0 1.0 1.0 1.0 1.0 1.0 1.0 1.0 1.0 1.0 1.0 1.0 1.0 1.0 1.0 1.0 1.0 1.0 1.0 1.0 1.0 1.0 1.0 1.0 1.0 1.0 1.0 1.0 1.0 1.0 1.0 1.0 1.0 1.0 1.0 1.0 1.0 1.0 1.0 1.0 1.0 1.0 1.0 1.0 1.0 1.0 1.0 1.0 1.212 1.215 1.067 1.156 0.826 1.183 1.303 1.23 1.23 1.212 1.332 0.862 0.782 1.276 1.209 0.82 0.852 1.101 0.731 0.839 0.861 1.182 1.235 1.026 1.132 0.822 1.137 0.963 1.181 0.801 1.279 0.477 1.06 0.75 1.251 1.027 1.156 0.756 0.933 1.075 1.157 1.262 1.327 1.163 1.14 0.937 1.308 1.33 1.274 0.856 0.791 1.127 1.226 1.189 1.332 1.055 0.636 1.126 0.93 1.205 1.275 1.346 1.385 1.349 1.021 1.28 0.46 1.424 1.137 1.337 1.085 1.53 0.684 0.901 0.885 1.275 1.24 0.69 1.419 0.865 1.028 0.989 1.249 1.328 1.0 1.381 0.612 1.268 1.483 1.0 1.48 1.309 1.299 0.651 1.0 0.782 1.294 1.308 1.378 1.0 1.132 0.621 1.373 0.654 1.0 1.152 1.299 1.124 1.212 1.0 0.809 1.237 0.951 0.959 1.0 1.122 1.508 1.437 0.711 1.0 1.165 1.524 0.899 1.06 1.0 1.314 0.999 0.749 1.0 1.0 1.274 1.545 1.094 1.045 1.0 1.199 0.873 0.776 0.736 1.0 1.003 1.62 1.132 0.894 1.0 1.139 0.543 1.059 0.643 1.0 1.064 0.816 1.082 0.876 1.0 0.691 1.207 0.765 0.974 1.0 0.699 1.298 1.03 0.752 1.0 0.697 0.904 0.769 1.0 1.0 0.707 0.592 0.887 1.0 1.0 0.699 0.685 1.0 1.0 1.0 0.665 0.641 1.0 1.0 1.0 0.625 0.69 1.0 1.0 1.0 1.05 0.699 1.0 1.0 1.0 0.733 0.693 1.0 1.0 1.0 1.201 0.703 1.0 1.0 1.0 1.218 1.0 1.0 1.0 1.0 0.971 1.0 1.0 1.0 1.0 1.209 1.0 1.0 1.0 1.0 0.767 1.0 1.0 1.0 1.0 0.891 1.0 1.0 1.0 1.0 1.091 1.0 1.0 1.0 1.0 0.747 1.0 1.0 1.0 1.0 0.83 1.0 1.0 1.0 1.0 1.0 1.0 1.0 1.0 1.0 1.0 1.0 1.0 1.0 1.0 1.0 1.0 1.0 1.0 1.0 1.0 1.0 1.0 1.0 1.0 1.0 1.0 1.0 1.0 1.0 1.0 1.0 1.0 1.0 1.0 1.0 1.0 1.0 1.0 1.0 1.0 1.0 1.0 1.0 1.0 1.0 1.0 1.0 1.0 1.0 1.0 1.0 1.0 1.0 1.0 1.0 1.0 1.0 1.0 1.0 1.0 1.0 1.0 1.0 1.0 1.0 1.0 1.0 1.0 1.0 1.0 1.0 1.0 1.0 1.0 1.0 1.0 1.0 1.0 1.0 1.0 1.0 1.0 1.0 1.0 1.0 1.0 1.0 1.0 1.0 1.0 1.0 1.0 1.0 1.0 1.0 1.0 1.0 1.0 1.0 1.0 1.0 1.0 1.0 1.0 1.0 1.0 1.0 1.0 1.0 1.0 1.0 1.0 1.0 1.0 1.0 1.0 1.0 1.0 1.0 1.0 1.0 1.0 1.0 1.0 1.0 1.0 1.0 1.0 1.0 1.0 1.0 1.0 1.0 1.0 1.0 1.0 1.0 1.0 1.0 0.87 0.899 1.155 1.156 0.826 1.293 1.171 1.245 0.778 1.227 0.771 0.747 1.086 1.142 1.206 0.922 0.741 1.267 0.772 1.12 0.925 1.338 1.262 0.846 0.867 0.939 0.809 0.724 1.025 1.106 0.943 0.983 1.272 1.052 0.924 1.164 0.899 0.714 1.254 1.199 0.872 1.025 0.834 1.359 1.114 0.723 0.855 1.111 1.364 1.219 1.34 0.982 1.151 1.333 1.087 1.033 0.974 0.836 1.41 0.549 0.608 1.16 0.894 1.51 1.237 1.338 0.916 0.885 0.858 1.458 0.822 1.277 1.013 0.967 0.615 1.311 1.306 0.946 1.0 1.198 0.88 1.242 1.341 1.0 1.305 0.885 1.169 0.838 1.0 1.296 1.168 1.276 1.234 1.0 1.493 0.928 0.933 0.964 1.0 0.74 1.024 0.605 1.315 1.0 0.823 0.949 0.621 1.158 1.0 0.85 1.171 0.801 0.671 1.0 0.829 1.425 0.89 1.013 1.0 1.993 1.005 0.904 0.98 1.0 1.018 0.855 1.299 1.062 1.0 0.735 1.463 0.89 1.111 1.0 2.084 0.817 0.976 1.052 1.0 0.91 1.093 1.083 0.828 1.0 0.664 0.9 0.736 0.715 1.0 0.759 0.884 0.777 0.754 1.0 0.784 0.987 1.498 0.846 1.0 0.651 1.0 0.865 1.074 1.0 0.725 1.0 0.949 0.831 1.0 0.7 1.0 0.752 0.893 1.0 0.682 1.0 0.905 0.701 1.0 0.713 1.0 0.867 0.796 1.0 0.753 1.0 0.824 0.704 1.0 0.684 1.0 0.692 1.322 1.0 2.377 1.0 1.0 0.712 1.0 0.641 1.0 1.0 0.707 1.0 0.639 1.0 1.0 0.994 1.0 1.0 1.0 1.0 0.749 1.0 1.0 1.0 1.0 0.751 1.0 1.0 1.0 1.0 1.906 1.0 1.0 1.0 1.0 1.0 1.0 1.0 1.0 1.0 1.0 1.0 1.0 1.0 1.0 1.0 1.0 1.0 1.0 1.0 1.0 1.0 1.0 1.0 1.0 1.0 1.0 1.0 1.0 1.0 1.0 1.0 1.0 1.0 1.0 1.0 1.0 1.0 1.0 1.0 1.0 1.0 1.0 1.0 1.0 1.0 1.0 1.0 1.0 1.0 1.0 1.0 1.0 1.0 1.0 1.0 1.0 1.0 1.0 1.0 1.0 1.0 1.0 1.0 1.0 1.0 1.0 1.0 1.0 1.0 1.0 1.0 1.0 1.0 1.0 1.0 1.0 1.0 1.0 1.0 1.0 1.0 1.0 1.0 1.0 1.0 1.0 1.0 1.0 1.0 1.0 1.0 1.0 1.0 1.0 1.0 1.0 1.0 1.0 1.0 1.0 1.0 1.0 1.0 1.0 1.0 1.0 1.0 1.0 1.0 1.0 1.0 1.0 1.0 1.0 1.0 1.0 1.0 1.0 1.0 1.0 1.0 1.0 1.0 1.0 1.0 1.0 1.0 1.0 1.0 1.0 1.0 1.0 1.0 1.0 1.0 1.0 1.0 1.0 1.0 1.0 1.0 1.0 1.0 1.0 1.0 1.0 1.0 1.0 1.0 1.0 1.0 1.0 1.0 1.0 1.0 1.0 1.0,2.3770201,1.3770201,0.43800628,0.3,0.7597832679748535,0.0003,5,5.2360926
89,0.2677081823348999,0.99227667,0.946 0.971 0.84 1.07 0.831 1.173 1.284 1.245 0.775 0.769 0.893 1.313 1.082 1.217 0.88 1.317 0.716 0.69 1.076 0.793 0.813 0.947 1.055 1.231 1.044 0.811 0.709 1.304 0.928 0.99 0.881 0.719 0.986 0.824 1.059 0.944 1.114 1.259 1.259 1.168 1.058 0.966 0.873 0.599 0.701 0.877 0.739 1.138 1.26 1.152 1.238 0.742 1.166 1.266 0.974 1.104 0.851 1.176 1.233 1.141 1.021 1.171 0.843 1.304 1.0 1.185 1.027 0.723 0.644 1.0 1.112 1.008 1.13 1.252 1.0 1.381 1.454 1.0 1.108 1.0 1.161 1.03 1.366 0.964 1.0 1.049 0.976 0.978 0.638 1.0 0.987 0.666 0.976 1.083 1.0 0.935 0.939 0.877 0.711 1.0 1.355 0.662 0.745 1.165 1.0 0.866 0.815 1.0 0.722 1.0 0.8 0.806 1.0 0.78 1.0 0.776 1.152 1.0 0.804 1.0 0.748 1.175 1.0 0.837 1.0 0.957 1.194 1.0 0.708 1.0 0.781 1.022 1.0 0.635 1.0 0.901 0.669 1.0 1.239 1.0 1.204 1.087 1.0 0.934 1.0 0.699 0.655 1.0 0.886 1.0 0.707 0.819 1.0 0.769 1.0 1.069 0.903 1.0 1.135 1.0 1.644 0.726 1.0 0.857 1.0 1.0 1.002 1.0 1.063 1.0 1.0 0.906 1.0 0.782 1.0 1.0 0.983 1.0 0.86 1.0 1.0 0.605 1.0 0.77 1.0 1.0 0.714 1.0 0.69 1.0 1.0 0.698 1.0 1.0 1.0 1.0 2.186 1.0 1.0 1.0 1.0 0.708 1.0 1.0 1.0 1.0 0.704 1.0 1.0 1.0 1.0 0.697 1.0 1.0 1.0 1.0 0.7 1.0 1.0 1.0 1.0 0.656 1.0 1.0 1.0 1.0 0.804 1.0 1.0 1.0 1.0 1.0 1.0 1.0 1.0 1.0 1.0 1.0 1.0 1.0 1.0 1.0 1.0 1.0 1.0 1.0 1.0 1.0 1.0 1.0 1.0 1.0 1.0 1.0 1.0 1.0 1.0 1.0 1.0 1.0 1.0 1.0 1.0 1.0 1.0 1.0 1.0 1.0 1.0 1.0 1.0 1.0 1.0 1.0 1.0 1.0 1.0 1.0 1.0 1.0 1.0 1.0 1.0 1.0 1.0 1.0 1.0 1.0 1.0 1.0 1.0 1.0 1.0 1.0 1.0 1.0 1.0 1.0 1.0 1.0 1.0 1.0 1.0 1.0 1.0 1.0 1.0 1.0 1.0 1.0 1.0 1.0 1.0 1.0 1.0 1.0 1.0 1.0 1.0 1.0 1.0 1.0 1.0 1.0 1.0 1.0 1.0 1.0 1.0 1.0 1.0 1.0 1.0 1.0 1.0 1.0 1.0 1.0 1.0 1.0 1.0 1.0 1.0 1.0 1.0 1.0 1.0 1.0 1.0 1.0 1.0 1.0 1.0 1.0 1.0 1.0 1.0 1.0 1.0 1.0 1.0 1.0 1.0 1.0 1.0 1.0 1.0 1.0 1.0 1.0 1.0 1.0 1.0 1.0 1.0 1.0 1.0 1.0 1.0 1.0 0.853 1.122 1.172 1.07 0.831 1.29 1.182 1.068 0.791 0.776 0.788 0.883 0.795 0.778 1.109 0.942 0.755 1.069 0.777 1.086 0.888 0.863 0.788 0.933 0.759 1.19 1.007 1.16 1.028 0.637 0.822 1.426 0.901 1.238 0.732 1.186 1.226 1.011 1.334 0.83 0.881 0.819 1.202 0.438 1.123 0.879 0.924 1.218 0.664 1.153 0.885 0.834 0.692 0.816 0.724 1.248 0.863 0.611 1.338 0.716 0.718 1.068 1.117 0.517 1.109 0.83 1.055 0.978 0.726 0.971 0.734 0.869 0.99 1.13 0.669 1.115 1.091 1.01 0.576 1.022 0.785 1.045 0.705 0.607 0.701 1.0 1.045 1.248 0.755 0.806 1.0 0.869 0.698 0.726 1.006 1.0 0.852 1.521 0.844 0.664 1.0 0.721 0.605 0.736 0.775 1.0 0.728 0.561 0.762 1.0 1.0 1.2 0.766 0.757 1.0 1.0 0.755 0.771 0.741 1.0 1.0 0.805 0.671 0.731 1.0 1.0 1.177 0.594 0.613 1.0 1.0 0.886 0.688 0.792 1.0 1.0 0.802 0.641 0.771 1.0 1.0 0.685 0.788 0.678 1.0 1.0 0.676 0.556 1.0 1.0 1.0 1.172 0.69 1.0 1.0 1.0 0.773 0.628 1.0 1.0 1.0 0.73 0.67 1.0 1.0 1.0 1.162 1.789 1.0 1.0 1.0 0.704 1.0 1.0 1.0 1.0 0.701 1.0 1.0 1.0 1.0 1.096 1.0 1.0 1.0 1.0 0.724 1.0 1.0 1.0 1.0 0.697 1.0 1.0 1.0 1.0 0.73 1.0 1.0 1.0 1.0 0.981 1.0 1.0 1.0 1.0 0.699 1.0 1.0 1.0 1.0 0.792 1.0 1.0 1.0 1.0 0.787 1.0 1.0 1.0 1.0 0.816 1.0 1.0 1.0 1.0 0.712 1.0 1.0 1.0 1.0 2.275 1.0 1.0 1.0 1.0 1.644 1.0 1.0 1.0 1.0 0.786 1.0 1.0 1.0 1.0 1.0 1.0 1.0 1.0 1.0 1.0 1.0 1.0 1.0 1.0 1.0 1.0 1.0 1.0 1.0 1.0 1.0 1.0 1.0 1.0 1.0 1.0 1.0 1.0 1.0 1.0 1.0 1.0 1.0 1.0 1.0 1.0 1.0 1.0 1.0 1.0 1.0 1.0 1.0 1.0 1.0 1.0 1.0 1.0 1.0 1.0 1.0 1.0 1.0 1.0 1.0 1.0 1.0 1.0 1.0 1.0 1.0 1.0 1.0 1.0 1.0 1.0 1.0 1.0 1.0 1.0 1.0 1.0 1.0 1.0 1.0 1.0 1.0 1.0 1.0 1.0 1.0 1.0 1.0 1.0 1.0 1.0 1.0 1.0 1.0 1.0 1.0 1.0 1.0 1.0 1.0 1.0 1.0 1.0 1.0 1.0 1.0 1.0 1.0 1.0 1.0 1.0 1.0 1.0 1.0 1.0 1.0 1.0 1.0 1.0 1.0 1.0 1.0 1.0 1.0 1.0 1.0 1.0 1.0 1.0 1.0 1.0 1.0 1.0 1.0 1.0 1.0 1.0 1.0 1.0 1.0 1.0 1.0 1.0 1.212 0.971 0.809 1.157 0.825 1.2 1.173 1.25 1.092 0.768 1.328 1.343 1.085 1.22 1.188 1.25 0.849 1.227 1.236 0.961 1.34 0.925 1.217 1.079 0.899 1.409 1.313 1.077 1.263 1.192 1.295 1.132 0.909 0.708 0.663 1.319 0.861 0.956 1.044 1.269 0.829 0.958 1.045 1.296 0.534 0.877 0.992 1.045 0.93 1.131 1.074 1.278 1.316 1.112 1.181 0.972 0.694 1.041 1.17 0.549 1.12 1.153 1.026 0.684 0.779 0.816 1.073 0.704 1.228 0.854 1.624 1.467 0.772 1.307 0.871 0.566 0.709 0.802 1.087 0.864 1.003 0.726 0.852 1.342 0.85 0.57 0.891 0.647 1.244 0.825 0.799 0.595 0.872 0.641 0.948 0.95 0.627 0.802 0.912 1.387 0.696 0.746 1.354 1.223 0.673 0.737 0.857 1.0 0.948 0.974 0.765 0.692 1.0 0.67 0.632 0.631 0.756 1.0 1.335 1.0 0.661 1.542 1.0 1.525 1.0 0.672 0.746 1.0 0.704 1.0 0.689 1.16 1.0 1.083 1.0 0.76 0.949 1.0 0.661 1.0 1.045 0.776 1.0 0.856 1.0 1.125 1.323 1.0 0.782 1.0 0.669 0.787 1.0 0.649 1.0 1.25 0.77 1.0 1.0 1.0 0.701 0.723 1.0 1.0 1.0 0.704 0.721 1.0 1.0 1.0 0.989 0.669 1.0 1.0 1.0 1.152 0.705 1.0 1.0 1.0 0.832 0.7 1.0 1.0 1.0 1.047 0.981 1.0 1.0 1.0 0.965 1.0 1.0 1.0 1.0 0.739 1.0 1.0 1.0 1.0 0.746 1.0 1.0 1.0 1.0 0.712 1.0 1.0 1.0 1.0 0.781 1.0 1.0 1.0 1.0 0.705 1.0 1.0 1.0 1.0 0.77 1.0 1.0 1.0 1.0 0.853 1.0 1.0 1.0 1.0 0.959 1.0 1.0 1.0 1.0 0.89 1.0 1.0 1.0 1.0 0.744 1.0 1.0 1.0 1.0 0.855 1.0 1.0 1.0 1.0 1.462 1.0 1.0 1.0 1.0 0.612 1.0 1.0 1.0 1.0 1.0 1.0 1.0 1.0 1.0 1.0 1.0 1.0 1.0 1.0 1.0 1.0 1.0 1.0 1.0 1.0 1.0 1.0 1.0 1.0 1.0 1.0 1.0 1.0 1.0 1.0 1.0 1.0 1.0 1.0 1.0 1.0 1.0 1.0 1.0 1.0 1.0 1.0 1.0 1.0 1.0 1.0 1.0 1.0 1.0 1.0 1.0 1.0 1.0 1.0 1.0 1.0 1.0 1.0 1.0 1.0 1.0 1.0 1.0 1.0 1.0 1.0 1.0 1.0 1.0 1.0 1.0 1.0 1.0 1.0 1.0 1.0 1.0 1.0 1.0 1.0 1.0 1.0 1.0 1.0 1.0 1.0 1.0 1.0 1.0 1.0 1.0 1.0 1.0 1.0 1.0 1.0 1.0 1.0 1.0 1.0 1.0 1.0 1.0 1.0 1.0 1.0 1.0 1.0 1.0 1.0 1.0 1.0 1.0 1.0 1.0 1.0 1.0 1.0 1.0 1.0 1.0 1.0 1.0 1.0 1.212 0.898 0.809 1.157 1.127 0.839 1.17 1.201 0.816 0.761 1.231 0.841 1.087 0.803 1.13 0.827 0.839 1.297 0.937 1.286 0.953 1.256 0.777 1.27 0.887 0.97 0.964 1.243 0.702 1.333 1.261 1.284 1.222 1.301 0.727 0.612 1.219 1.297 1.303 1.419 1.297 1.198 1.305 1.216 1.339 1.285 1.167 0.718 1.297 1.297 1.273 1.235 0.91 1.303 1.306 1.236 1.297 1.218 1.33 1.437 1.14 1.223 0.827 1.116 1.294 1.3 1.3 1.297 1.325 0.868 1.283 1.345 1.304 1.31 1.301 0.866 1.301 1.254 1.254 0.762 1.358 0.647 1.302 0.836 1.302 1.25 1.3 0.732 1.304 0.941 0.669 1.242 1.314 0.907 1.285 1.25 1.19 1.184 0.806 1.294 1.372 0.755 1.379 1.263 1.299 0.792 1.13 1.158 0.832 0.812 1.326 1.424 1.245 0.934 1.289 1.186 1.023 1.205 1.259 0.841 1.182 1.056 0.772 1.314 0.803 1.096 1.252 1.022 0.961 0.917 1.409 1.004 0.991 1.168 1.427 1.142 1.074 1.121 1.171 1.193 0.73 1.339 0.848 0.656 0.718 0.634 1.0 0.846 0.616 1.0 0.683 1.0 0.777 1.0 1.0 0.731 1.0 0.837 1.0 1.0 0.767 1.0 1.301 1.0 1.0 0.946 1.0 1.317 1.0 1.0 2.009 1.0 1.351 1.0 1.0 0.733 1.0 0.87 1.0 1.0 1.897 1.0 0.774 1.0 1.0 0.788 1.0 0.763 1.0 1.0 0.878 1.0 0.758 1.0 1.0 0.745 1.0 0.753 1.0 1.0 1.0 1.0 0.621 1.0 1.0 1.0 1.0 1.448 1.0 1.0 1.0 1.0 1.25 1.0 1.0 1.0 1.0 1.098 1.0 1.0 1.0 1.0 1.007 1.0 1.0 1.0 1.0 0.978 1.0 1.0 1.0 1.0 0.912 1.0 1.0 1.0 1.0 0.964 1.0 1.0 1.0 1.0 1.381 1.0 1.0 1.0 1.0 1.364 1.0 1.0 1.0 1.0 0.819 1.0 1.0 1.0 1.0 0.751 1.0 1.0 1.0 1.0 0.683 1.0 1.0 1.0 1.0 1.029 1.0 1.0 1.0 1.0 0.92 1.0 1.0 1.0 1.0 0.932 1.0 1.0 1.0 1.0 0.989 1.0 1.0 1.0 1.0 0.986 1.0 1.0 1.0 1.0 0.607 1.0 1.0 1.0 1.0 0.875 1.0 1.0 1.0 1.0 0.986 1.0 1.0 1.0 1.0 1.402 1.0 1.0 1.0 1.0 0.617 1.0 1.0 1.0 1.0 0.657 1.0 1.0 1.0 1.0 0.685 1.0 1.0 1.0 1.0 0.681 1.0 1.0 1.0 1.0 0.964 1.0 1.0 1.0 1.0 0.64 1.0 1.0 1.0 1.0 1.037 1.0 1.0 1.0 1.0 0.754 1.0 1.0 1.0 1.0 1.317 1.0 1.0 1.0 1.0 0.636 1.0 1.0 1.0 1.0 0.792 1.0 1.0 1.0 1.0 0.7 1.0 1.0 1.0 1.0 0.679 1.0 1.0 1.0 1.0 0.71 1.0 1.0 1.133 1.215 0.84 1.117 1.087 1.295 1.165 1.203 0.772 1.16 0.841 0.864 1.106 0.756 1.295 1.236 1.239 1.27 0.854 0.76 0.872 1.054 0.719 0.942 0.898 1.268 1.271 0.855 1.253 0.867 0.925 0.806 0.861 1.3 0.957 0.961 1.124 1.09 1.291 1.306 1.011 1.223 1.309 1.317 0.831 1.296 1.356 1.242 1.254 1.385 1.311 0.841 1.239 0.621 1.096 0.81 1.067 1.35 1.033 1.401 1.304 1.08 0.664 1.63 0.739 1.091 1.254 1.44 1.457 0.982 0.904 1.473 1.086 1.017 1.461 1.075 1.274 1.04 1.595 1.092 1.152 1.413 1.304 0.606 0.884 1.062 1.0 1.498 1.441 1.307 0.806 1.0 0.91 1.346 0.767 0.845 1.0 0.818 0.846 0.772 0.7 1.0 0.818 0.662 1.319 1.151 1.0 0.668 1.129 0.812 1.177 1.0 0.763 1.673 1.053 1.099 1.0 0.96 0.735 1.015 1.239 1.0 0.857 0.723 1.242 0.733 1.0 0.891 0.731 0.663 1.034 1.0 0.916 1.116 0.677 0.966 1.0 0.66 0.928 0.685 1.024 1.0 0.7 0.929 0.868 1.019 1.0 0.725 0.734 0.91 1.015 1.0 0.795 0.927 0.628 0.847 1.0 0.833 1.161 1.0 0.964 1.0 0.674 1.104 1.0 1.06 1.0 0.739 0.975 1.0 0.775 1.0 0.737 0.812 1.0 0.891 1.0 1.0 1.078 1.0 0.825 1.0 1.0 0.955 1.0 0.706 1.0 1.0 1.015 1.0 0.712 1.0 1.0 1.238 1.0 0.707 1.0 1.0 1.246 1.0 0.662 1.0 1.0 0.749 1.0 0.675 1.0 1.0 0.76 1.0 0.63 1.0 1.0 0.739 1.0 0.7 1.0 1.0 0.745 1.0 1.0 1.0 1.0 0.696 1.0 1.0 1.0 1.0 0.757 1.0 1.0 1.0 1.0 0.686 1.0 1.0 1.0 1.0 1.0 1.0 1.0 1.0 1.0 1.0 1.0 1.0 1.0 1.0 1.0 1.0 1.0 1.0 1.0 1.0 1.0 1.0 1.0 1.0 1.0 1.0 1.0 1.0 1.0 1.0 1.0 1.0 1.0 1.0 1.0 1.0 1.0 1.0 1.0 1.0 1.0 1.0 1.0 1.0 1.0 1.0 1.0 1.0 1.0 1.0 1.0 1.0 1.0 1.0 1.0 1.0 1.0 1.0 1.0 1.0 1.0 1.0 1.0 1.0 1.0 1.0 1.0 1.0 1.0 1.0 1.0 1.0 1.0 1.0 1.0 1.0 1.0 1.0 1.0 1.0 1.0 1.0 1.0 1.0 1.0 1.0 1.0 1.0 1.0 1.0 1.0 1.0 1.0 1.0 1.0 1.0 1.0 1.0 1.0 1.0 1.0 1.0 1.0 1.0 1.0 1.0 1.0 1.0 1.0 1.0 1.0 1.0 1.0 1.0 1.0 1.0 1.0 1.0 1.0 1.0 1.0 1.0 1.0 1.0 1.0 1.0 1.0 1.0 1.0 1.0 1.0 1.0 1.0 1.0 1.0 1.0 1.0 1.0 1.0 1.0 1.0 1.0 1.0 1.0 1.0 1.0 0.87 0.971 1.155 0.857 1.087 0.915 1.293 1.243 0.818 1.129 1.193 1.311 0.777 0.998 1.314 0.825 0.841 0.737 0.686 0.771 1.319 1.305 1.307 1.239 1.114 0.83 0.824 0.75 0.485 0.789 1.018 0.867 1.302 0.818 0.842 0.952 0.873 1.004 0.792 0.977 0.83 0.779 0.889 1.383 0.762 1.044 0.916 1.201 0.821 1.214 0.781 0.938 0.925 0.863 1.304 0.76 1.07 1.016 0.808 0.777 1.132 0.698 1.191 1.0 1.133 0.797 1.107 1.11 1.0 1.248 0.95 0.755 1.193 1.0 0.72 0.64 0.985 1.167 1.0 1.167 0.852 1.208 1.033 1.0 1.058 0.989 0.654 0.991 1.0 0.77 0.768 1.055 0.862 1.0 0.715 1.059 0.973 0.777 1.0 0.743 1.037 0.986 1.259 1.0 0.729 1.089 1.078 1.091 1.0 0.721 0.746 1.169 0.738 1.0 0.755 0.911 1.123 0.739 1.0 1.6 0.999 0.589 1.089 1.0 0.916 1.04 1.097 0.747 1.0 0.721 0.694 0.921 1.197 1.0 0.728 0.734 0.582 0.75 1.0 1.0 0.673 0.819 1.084 1.0 1.0 0.841 1.448 1.303 1.0 1.0 0.972 0.998 1.305 1.0 1.0 1.098 0.72 0.721 1.0 1.0 0.652 0.892 0.747 1.0 1.0 0.657 0.87 1.241 1.0 1.0 1.0 0.686 1.252 1.0 1.0 1.0 1.161 1.196 1.0 1.0 1.0 0.687 0.751 1.0 1.0 1.0 0.699 1.187 1.0 1.0 1.0 0.69 0.856 1.0 1.0 1.0 0.685 0.861 1.0 1.0 1.0 0.752 1.074 1.0 1.0 1.0 0.704 0.701 1.0 1.0 1.0 0.685 0.708 1.0 1.0 1.0 0.978 0.693 1.0 1.0 1.0 0.844 0.679 1.0 1.0 1.0 0.693 0.695 1.0 1.0 1.0 1.103 0.653 1.0 1.0 1.0 0.9 0.594 1.0 1.0 1.0 1.028 0.626 1.0 1.0 1.0 0.674 1.0 1.0 1.0 1.0 0.614 1.0 1.0 1.0 1.0 0.658 1.0 1.0 1.0 1.0 0.714 1.0 1.0 1.0 1.0 0.659 1.0 1.0 1.0 1.0 0.671 1.0 1.0 1.0 1.0 0.7 1.0 1.0 1.0 1.0 0.712 1.0 1.0 1.0 1.0 0.713 1.0 1.0 1.0 1.0 0.697 1.0 1.0 1.0 1.0 0.675 1.0 1.0 1.0 1.0 1.0 1.0 1.0 1.0 1.0 1.0 1.0 1.0 1.0 1.0 1.0 1.0 1.0 1.0 1.0 1.0 1.0 1.0 1.0 1.0 1.0 1.0 1.0 1.0 1.0 1.0 1.0 1.0 1.0 1.0 1.0 1.0 1.0 1.0 1.0 1.0 1.0 1.0 1.0 1.0 1.0 1.0 1.0 1.0 1.0 1.0 1.0 1.0 1.0 1.0 1.0 1.0 1.0 1.0 1.0 1.0 1.0 1.0 1.0 1.0 1.0 1.0 1.0 1.0 1.0 1.0 1.0 1.0 1.0 1.0 1.0 1.0 1.0 1.0 1.0 1.0 1.0 1.0 1.0 1.212 1.215 1.071 1.157 0.825 1.189 1.303 1.23 1.231 1.212 1.332 0.859 0.779 1.276 1.209 0.82 0.85 1.107 0.73 0.838 0.856 1.18 1.238 1.031 1.136 0.821 1.138 0.965 1.179 0.801 1.281 0.478 1.057 0.75 1.25 1.03 1.158 0.76 0.932 1.075 1.156 1.261 1.323 1.163 1.142 0.934 1.307 1.326 1.272 0.864 0.793 1.123 1.226 1.189 1.33 1.053 0.636 1.123 0.927 1.205 1.274 1.346 1.385 1.346 1.022 1.28 0.458 1.424 1.136 1.334 1.083 1.531 0.686 0.908 0.893 1.276 1.239 0.692 1.418 0.873 1.027 0.986 1.25 1.331 1.0 1.383 0.611 1.269 1.482 1.0 1.485 1.308 1.301 0.652 1.0 0.769 1.31 1.308 1.376 1.0 1.134 0.618 1.374 0.654 1.0 1.163 1.3 1.126 1.211 1.0 0.808 1.251 0.953 0.958 1.0 1.124 1.511 1.436 0.711 1.0 1.172 1.528 0.902 1.056 1.0 1.315 1.0 0.749 1.001 1.0 1.276 1.551 1.089 1.043 1.0 1.201 0.879 0.776 0.738 1.0 1.004 1.628 1.127 0.898 1.0 1.13 0.543 1.053 0.641 1.0 1.054 0.819 1.075 0.88 1.0 0.69 1.209 0.761 0.969 1.0 0.698 1.298 1.023 0.753 1.0 0.695 0.892 0.769 1.0 1.0 0.706 0.591 0.887 1.0 1.0 0.701 0.685 1.0 1.0 1.0 0.667 0.639 1.0 1.0 1.0 0.626 0.688 1.0 1.0 1.0 1.046 0.698 1.0 1.0 1.0 0.734 0.692 1.0 1.0 1.0 1.199 0.703 1.0 1.0 1.0 1.215 1.0 1.0 1.0 1.0 0.972 1.0 1.0 1.0 1.0 1.197 1.0 1.0 1.0 1.0 0.769 1.0 1.0 1.0 1.0 0.889 1.0 1.0 1.0 1.0 1.089 1.0 1.0 1.0 1.0 0.744 1.0 1.0 1.0 1.0 0.832 1.0 1.0 1.0 1.0 1.0 1.0 1.0 1.0 1.0 1.0 1.0 1.0 1.0 1.0 1.0 1.0 1.0 1.0 1.0 1.0 1.0 1.0 1.0 1.0 1.0 1.0 1.0 1.0 1.0 1.0 1.0 1.0 1.0 1.0 1.0 1.0 1.0 1.0 1.0 1.0 1.0 1.0 1.0 1.0 1.0 1.0 1.0 1.0 1.0 1.0 1.0 1.0 1.0 1.0 1.0 1.0 1.0 1.0 1.0 1.0 1.0 1.0 1.0 1.0 1.0 1.0 1.0 1.0 1.0 1.0 1.0 1.0 1.0 1.0 1.0 1.0 1.0 1.0 1.0 1.0 1.0 1.0 1.0 1.0 1.0 1.0 1.0 1.0 1.0 1.0 1.0 1.0 1.0 1.0 1.0 1.0 1.0 1.0 1.0 1.0 1.0 1.0 1.0 1.0 1.0 1.0 1.0 1.0 1.0 1.0 1.0 1.0 1.0 1.0 1.0 1.0 1.0 1.0 1.0 1.0 1.0 1.0 1.0 1.0 1.0 1.0 1.0 1.0 1.0 1.0 1.0 1.0 1.0 1.0 1.0 1.0 1.0 1.0 1.0 0.87 0.898 1.155 1.157 0.825 1.293 1.178 1.245 0.777 1.227 0.767 0.746 1.091 1.14 1.206 0.92 0.74 1.267 0.771 1.126 0.922 1.337 1.262 0.843 0.866 0.937 0.804 0.723 1.025 1.104 0.941 0.987 1.272 1.051 0.922 1.166 0.898 0.714 1.257 1.198 0.876 1.025 0.832 1.36 1.115 0.726 0.858 1.117 1.367 1.218 1.336 0.981 1.157 1.334 1.088 1.032 0.976 0.834 1.415 0.55 0.61 1.161 0.893 1.513 1.235 1.335 0.92 0.887 0.856 1.457 0.825 1.274 1.014 0.966 0.616 1.308 1.302 0.946 1.0 1.198 0.884 1.237 1.34 1.0 1.305 0.888 1.169 0.84 1.0 1.295 1.169 1.281 1.238 1.0 1.496 0.933 0.937 0.963 1.0 0.742 1.019 0.606 1.313 1.0 0.82 0.944 0.622 1.16 1.0 0.845 1.171 0.796 0.671 1.0 0.825 1.428 0.892 1.007 1.0 2.004 1.008 0.907 0.979 1.0 1.014 0.851 1.305 1.057 1.0 0.736 1.467 0.892 1.114 1.0 2.096 0.814 0.981 1.047 1.0 0.906 1.093 1.083 0.828 1.0 0.662 0.902 0.724 0.713 1.0 0.753 0.874 0.774 0.754 1.0 0.784 0.986 1.503 0.842 1.0 0.649 1.0 0.852 1.066 1.0 0.72 1.0 0.936 0.831 1.0 0.698 1.0 0.749 0.893 1.0 0.681 1.0 0.905 0.701 1.0 0.711 1.0 0.867 0.796 1.0 0.753 1.0 0.824 0.704 1.0 0.683 1.0 0.69 1.315 1.0 2.371 1.0 1.0 0.713 1.0 0.64 1.0 1.0 0.708 1.0 0.638 1.0 1.0 0.991 1.0 1.0 1.0 1.0 0.751 1.0 1.0 1.0 1.0 0.749 1.0 1.0 1.0 1.0 1.899 1.0 1.0 1.0 1.0 1.0 1.0 1.0 1.0 1.0 1.0 1.0 1.0 1.0 1.0 1.0 1.0 1.0 1.0 1.0 1.0 1.0 1.0 1.0 1.0 1.0 1.0 1.0 1.0 1.0 1.0 1.0 1.0 1.0 1.0 1.0 1.0 1.0 1.0 1.0 1.0 1.0 1.0 1.0 1.0 1.0 1.0 1.0 1.0 1.0 1.0 1.0 1.0 1.0 1.0 1.0 1.0 1.0 1.0 1.0 1.0 1.0 1.0 1.0 1.0 1.0 1.0 1.0 1.0 1.0 1.0 1.0 1.0 1.0 1.0 1.0 1.0 1.0 1.0 1.0 1.0 1.0 1.0 1.0 1.0 1.0 1.0 1.0 1.0 1.0 1.0 1.0 1.0 1.0 1.0 1.0 1.0 1.0 1.0 1.0 1.0 1.0 1.0 1.0 1.0 1.0 1.0 1.0 1.0 1.0 1.0 1.0 1.0 1.0 1.0 1.0 1.0 1.0 1.0 1.0 1.0 1.0 1.0 1.0 1.0 1.0 1.0 1.0 1.0 1.0 1.0 1.0 1.0 1.0 1.0 1.0 1.0 1.0 1.0 1.0 1.0 1.0 1.0 1.0 1.0 1.0 1.0 1.0 1.0 1.0 1.0 1.0 1.0 1.0 1.0 1.0 1.0 1.0,2.3711538,1.3711538,0.4375707,0.3,0.7639238238334656,0.0003,5,5.2284107
90,0.2701854109764099,0.9921938,0.944 0.97 0.838 1.073 0.828 1.18 1.283 1.247 0.774 0.768 0.889 1.312 1.087 1.218 0.878 1.316 0.715 0.688 1.081 0.795 0.81 0.942 1.059 1.23 1.045 0.807 0.708 1.306 0.925 0.988 0.877 0.718 0.985 0.825 1.057 0.944 1.12 1.259 1.258 1.169 1.058 0.963 0.873 0.602 0.704 0.877 0.739 1.138 1.259 1.151 1.239 0.743 1.167 1.265 0.983 1.114 0.851 1.177 1.234 1.137 1.029 1.176 0.848 1.304 1.0 1.185 1.026 0.726 0.645 1.0 1.11 1.007 1.129 1.251 1.0 1.38 1.451 0.999 1.105 1.0 1.155 1.031 1.367 0.962 1.0 1.043 0.976 0.972 0.638 1.0 0.985 0.664 0.975 1.08 1.0 0.933 0.938 0.882 0.711 1.0 1.356 0.66 0.744 1.163 1.0 0.863 0.813 1.0 0.722 1.0 0.804 0.804 1.0 0.78 1.0 0.779 1.152 1.0 0.804 1.0 0.749 1.182 1.0 0.837 1.0 0.953 1.202 1.0 0.709 1.0 0.784 1.017 1.0 0.633 1.0 0.897 0.668 1.0 1.241 1.0 1.204 1.087 1.0 0.93 1.0 0.698 0.655 1.0 0.885 1.0 0.707 0.813 1.0 0.77 1.0 1.068 0.901 1.0 1.137 1.0 1.639 0.721 1.0 0.855 1.0 1.0 1.007 1.0 1.064 1.0 1.0 0.904 1.0 0.782 1.0 1.0 0.984 1.0 0.856 1.0 1.0 0.605 1.0 0.767 1.0 1.0 0.715 1.0 0.689 1.0 1.0 0.696 1.0 1.0 1.0 1.0 2.183 1.0 1.0 1.0 1.0 0.707 1.0 1.0 1.0 1.0 0.704 1.0 1.0 1.0 1.0 0.697 1.0 1.0 1.0 1.0 0.7 1.0 1.0 1.0 1.0 0.653 1.0 1.0 1.0 1.0 0.805 1.0 1.0 1.0 1.0 1.0 1.0 1.0 1.0 1.0 1.0 1.0 1.0 1.0 1.0 1.0 1.0 1.0 1.0 1.0 1.0 1.0 1.0 1.0 1.0 1.0 1.0 1.0 1.0 1.0 1.0 1.0 1.0 1.0 1.0 1.0 1.0 1.0 1.0 1.0 1.0 1.0 1.0 1.0 1.0 1.0 1.0 1.0 1.0 1.0 1.0 1.0 1.0 1.0 1.0 1.0 1.0 1.0 1.0 1.0 1.0 1.0 1.0 1.0 1.0 1.0 1.0 1.0 1.0 1.0 1.0 1.0 1.0 1.0 1.0 1.0 1.0 1.0 1.0 1.0 1.0 1.0 1.0 1.0 1.0 1.0 1.0 1.0 1.0 1.0 1.0 1.0 1.0 1.0 1.0 1.0 1.0 1.0 1.0 1.0 1.0 1.0 1.0 1.0 1.0 1.0 1.0 1.0 1.0 1.0 1.0 1.0 1.0 1.0 1.0 1.0 1.0 1.0 1.0 1.0 1.0 1.0 1.0 1.0 1.0 1.0 1.0 1.0 1.0 1.0 1.0 1.0 1.0 1.0 1.0 1.0 1.0 1.0 1.0 1.0 1.0 1.0 1.0 1.0 1.0 1.0 1.0 1.0 1.0 1.0 1.0 1.0 1.0 1.0 0.851 1.126 1.173 1.073 0.828 1.289 1.188 1.072 0.79 0.772 0.785 0.879 0.792 0.777 1.108 0.941 0.754 1.074 0.777 1.09 0.887 0.861 0.785 0.935 0.762 1.19 1.01 1.159 1.028 0.64 0.825 1.427 0.9 1.238 0.734 1.186 1.226 1.011 1.332 0.837 0.887 0.82 1.2 0.437 1.123 0.885 0.924 1.219 0.666 1.153 0.89 0.837 0.693 0.822 0.727 1.25 0.867 0.609 1.338 0.719 0.709 1.067 1.118 0.518 1.109 0.824 1.053 0.973 0.729 0.966 0.728 0.866 0.99 1.126 0.669 1.113 1.088 1.007 0.578 1.017 0.779 1.043 0.706 0.608 0.702 1.0 1.04 1.245 0.751 0.808 1.0 0.867 0.7 0.728 1.002 1.0 0.848 1.525 0.839 0.66 1.0 0.72 0.605 0.739 0.778 1.0 0.725 0.556 0.756 1.0 1.0 1.199 0.764 0.753 1.0 1.0 0.752 0.769 0.737 1.0 1.0 0.787 0.67 0.725 1.0 1.0 1.18 0.592 0.612 1.0 1.0 0.867 0.688 0.782 1.0 1.0 0.806 0.637 0.767 1.0 1.0 0.689 0.778 0.676 1.0 1.0 0.677 0.552 1.0 1.0 1.0 1.168 0.691 1.0 1.0 1.0 0.771 0.626 1.0 1.0 1.0 0.727 0.67 1.0 1.0 1.0 1.164 1.789 1.0 1.0 1.0 0.701 1.0 1.0 1.0 1.0 0.699 1.0 1.0 1.0 1.0 1.096 1.0 1.0 1.0 1.0 0.723 1.0 1.0 1.0 1.0 0.698 1.0 1.0 1.0 1.0 0.728 1.0 1.0 1.0 1.0 0.979 1.0 1.0 1.0 1.0 0.7 1.0 1.0 1.0 1.0 0.789 1.0 1.0 1.0 1.0 0.785 1.0 1.0 1.0 1.0 0.808 1.0 1.0 1.0 1.0 0.713 1.0 1.0 1.0 1.0 2.281 1.0 1.0 1.0 1.0 1.644 1.0 1.0 1.0 1.0 0.788 1.0 1.0 1.0 1.0 1.0 1.0 1.0 1.0 1.0 1.0 1.0 1.0 1.0 1.0 1.0 1.0 1.0 1.0 1.0 1.0 1.0 1.0 1.0 1.0 1.0 1.0 1.0 1.0 1.0 1.0 1.0 1.0 1.0 1.0 1.0 1.0 1.0 1.0 1.0 1.0 1.0 1.0 1.0 1.0 1.0 1.0 1.0 1.0 1.0 1.0 1.0 1.0 1.0 1.0 1.0 1.0 1.0 1.0 1.0 1.0 1.0 1.0 1.0 1.0 1.0 1.0 1.0 1.0 1.0 1.0 1.0 1.0 1.0 1.0 1.0 1.0 1.0 1.0 1.0 1.0 1.0 1.0 1.0 1.0 1.0 1.0 1.0 1.0 1.0 1.0 1.0 1.0 1.0 1.0 1.0 1.0 1.0 1.0 1.0 1.0 1.0 1.0 1.0 1.0 1.0 1.0 1.0 1.0 1.0 1.0 1.0 1.0 1.0 1.0 1.0 1.0 1.0 1.0 1.0 1.0 1.0 1.0 1.0 1.0 1.0 1.0 1.0 1.0 1.0 1.0 1.0 1.0 1.0 1.0 1.0 1.0 1.0 1.0 1.212 0.97 0.808 1.158 0.824 1.206 1.18 1.252 1.096 0.766 1.328 1.342 1.09 1.221 1.187 1.258 0.846 1.225 1.237 0.963 1.339 0.921 1.215 1.084 0.899 1.419 1.322 1.082 1.264 1.19 1.296 1.136 0.907 0.707 0.664 1.326 0.859 0.954 1.049 1.268 0.826 0.958 1.045 1.296 0.536 0.874 0.99 1.045 0.93 1.133 1.079 1.282 1.319 1.113 1.184 0.978 0.697 1.042 1.17 0.55 1.126 1.148 1.023 0.684 0.784 0.813 1.068 0.706 1.228 0.852 1.634 1.472 0.769 1.305 0.877 0.561 0.699 0.805 1.087 0.87 0.999 0.717 0.85 1.34 0.846 0.567 0.888 0.643 1.241 0.819 0.798 0.597 0.87 0.642 0.946 0.946 0.629 0.804 0.916 1.389 0.694 0.748 1.35 1.223 0.672 0.734 0.855 1.0 0.947 0.972 0.766 0.693 1.0 0.672 0.631 0.627 0.759 1.0 1.335 1.0 0.658 1.549 1.0 1.523 1.0 0.669 0.748 1.0 0.702 1.0 0.686 1.154 1.0 1.083 1.0 0.758 0.947 1.0 0.659 1.0 1.046 0.773 1.0 0.853 1.0 1.126 1.326 1.0 0.781 1.0 0.668 0.785 1.0 0.648 1.0 1.253 0.771 1.0 1.0 1.0 0.699 0.72 1.0 1.0 1.0 0.703 0.72 1.0 1.0 1.0 0.986 0.67 1.0 1.0 1.0 1.155 0.705 1.0 1.0 1.0 0.83 0.702 1.0 1.0 1.0 1.048 0.979 1.0 1.0 1.0 0.964 1.0 1.0 1.0 1.0 0.739 1.0 1.0 1.0 1.0 0.742 1.0 1.0 1.0 1.0 0.709 1.0 1.0 1.0 1.0 0.78 1.0 1.0 1.0 1.0 0.706 1.0 1.0 1.0 1.0 0.758 1.0 1.0 1.0 1.0 0.842 1.0 1.0 1.0 1.0 0.942 1.0 1.0 1.0 1.0 0.887 1.0 1.0 1.0 1.0 0.744 1.0 1.0 1.0 1.0 0.86 1.0 1.0 1.0 1.0 1.449 1.0 1.0 1.0 1.0 0.612 1.0 1.0 1.0 1.0 1.0 1.0 1.0 1.0 1.0 1.0 1.0 1.0 1.0 1.0 1.0 1.0 1.0 1.0 1.0 1.0 1.0 1.0 1.0 1.0 1.0 1.0 1.0 1.0 1.0 1.0 1.0 1.0 1.0 1.0 1.0 1.0 1.0 1.0 1.0 1.0 1.0 1.0 1.0 1.0 1.0 1.0 1.0 1.0 1.0 1.0 1.0 1.0 1.0 1.0 1.0 1.0 1.0 1.0 1.0 1.0 1.0 1.0 1.0 1.0 1.0 1.0 1.0 1.0 1.0 1.0 1.0 1.0 1.0 1.0 1.0 1.0 1.0 1.0 1.0 1.0 1.0 1.0 1.0 1.0 1.0 1.0 1.0 1.0 1.0 1.0 1.0 1.0 1.0 1.0 1.0 1.0 1.0 1.0 1.0 1.0 1.0 1.0 1.0 1.0 1.0 1.0 1.0 1.0 1.0 1.0 1.0 1.0 1.0 1.0 1.0 1.0 1.0 1.0 1.0 1.0 1.0 1.0 1.0 1.0 1.212 0.896 0.808 1.158 1.128 0.838 1.177 1.2 0.813 0.759 1.239 0.839 1.091 0.799 1.135 0.827 0.837 1.299 0.939 1.286 0.954 1.258 0.773 1.271 0.89 0.97 0.962 1.245 0.703 1.333 1.263 1.284 1.224 1.298 0.729 0.614 1.215 1.298 1.3 1.418 1.295 1.214 1.306 1.215 1.336 1.304 1.184 0.717 1.297 1.296 1.272 1.233 0.91 1.301 1.308 1.234 1.298 1.222 1.332 1.442 1.136 1.224 0.828 1.112 1.295 1.3 1.3 1.295 1.327 0.864 1.283 1.345 1.307 1.311 1.303 0.864 1.302 1.256 1.254 0.764 1.358 0.648 1.3 0.834 1.303 1.25 1.3 0.732 1.304 0.949 0.669 1.241 1.313 0.914 1.284 1.253 1.19 1.187 0.811 1.296 1.371 0.756 1.378 1.262 1.301 0.789 1.13 1.156 0.836 0.815 1.326 1.426 1.249 0.94 1.292 1.187 1.029 1.209 1.259 0.841 1.184 1.063 0.768 1.315 0.802 1.097 1.251 1.024 0.967 0.923 1.405 1.012 0.993 1.169 1.43 1.143 1.082 1.122 1.173 1.19 0.728 1.337 0.847 0.655 0.717 0.634 1.0 0.846 0.614 1.0 0.684 1.0 0.779 1.0 1.0 0.731 1.0 0.836 1.0 1.0 0.767 1.0 1.303 1.0 1.0 0.945 1.0 1.319 1.0 1.0 2.0 1.0 1.348 1.0 1.0 0.736 1.0 0.872 1.0 1.0 1.883 1.0 0.772 1.0 1.0 0.789 1.0 0.761 1.0 1.0 0.881 1.0 0.756 1.0 1.0 0.744 1.0 0.751 1.0 1.0 1.0 1.0 0.623 1.0 1.0 1.0 1.0 1.447 1.0 1.0 1.0 1.0 1.247 1.0 1.0 1.0 1.0 1.097 1.0 1.0 1.0 1.0 1.005 1.0 1.0 1.0 1.0 0.975 1.0 1.0 1.0 1.0 0.913 1.0 1.0 1.0 1.0 0.96 1.0 1.0 1.0 1.0 1.383 1.0 1.0 1.0 1.0 1.367 1.0 1.0 1.0 1.0 0.818 1.0 1.0 1.0 1.0 0.748 1.0 1.0 1.0 1.0 0.684 1.0 1.0 1.0 1.0 1.028 1.0 1.0 1.0 1.0 0.922 1.0 1.0 1.0 1.0 0.929 1.0 1.0 1.0 1.0 0.986 1.0 1.0 1.0 1.0 0.982 1.0 1.0 1.0 1.0 0.609 1.0 1.0 1.0 1.0 0.877 1.0 1.0 1.0 1.0 0.982 1.0 1.0 1.0 1.0 1.403 1.0 1.0 1.0 1.0 0.619 1.0 1.0 1.0 1.0 0.657 1.0 1.0 1.0 1.0 0.687 1.0 1.0 1.0 1.0 0.681 1.0 1.0 1.0 1.0 0.961 1.0 1.0 1.0 1.0 0.642 1.0 1.0 1.0 1.0 1.033 1.0 1.0 1.0 1.0 0.756 1.0 1.0 1.0 1.0 1.317 1.0 1.0 1.0 1.0 0.637 1.0 1.0 1.0 1.0 0.792 1.0 1.0 1.0 1.0 0.699 1.0 1.0 1.0 1.0 0.679 1.0 1.0 1.0 1.0 0.708 1.0 1.0 1.137 1.214 0.838 1.116 1.09 1.294 1.172 1.202 0.771 1.16 0.841 0.862 1.11 0.756 1.296 1.244 1.242 1.271 0.855 0.756 0.871 1.055 0.718 0.943 0.896 1.271 1.274 0.854 1.256 0.87 0.924 0.808 0.861 1.298 0.956 0.964 1.122 1.092 1.294 1.303 1.015 1.223 1.308 1.317 0.837 1.297 1.358 1.245 1.254 1.381 1.311 0.846 1.24 0.621 1.095 0.802 1.065 1.353 1.023 1.396 1.305 1.077 0.666 1.634 0.743 1.099 1.257 1.441 1.455 0.979 0.902 1.475 1.096 1.019 1.457 1.08 1.278 1.049 1.596 1.091 1.151 1.415 1.304 0.607 0.882 1.06 1.0 1.497 1.442 1.305 0.805 1.0 0.909 1.347 0.77 0.845 1.0 0.815 0.847 0.775 0.698 1.0 0.821 0.662 1.324 1.147 1.0 0.668 1.13 0.814 1.175 1.0 0.76 1.677 1.049 1.1 1.0 0.957 0.737 1.009 1.249 1.0 0.859 0.723 1.244 0.73 1.0 0.89 0.733 0.661 1.03 1.0 0.919 1.116 0.677 0.963 1.0 0.655 0.922 0.685 1.021 1.0 0.7 0.923 0.866 1.017 1.0 0.723 0.735 0.91 1.012 1.0 0.793 0.923 0.626 0.846 1.0 0.832 1.162 1.0 0.96 1.0 0.673 1.106 1.0 1.061 1.0 0.738 0.976 1.0 0.775 1.0 0.733 0.812 1.0 0.893 1.0 1.0 1.075 1.0 0.826 1.0 1.0 0.955 1.0 0.705 1.0 1.0 1.018 1.0 0.709 1.0 1.0 1.228 1.0 0.699 1.0 1.0 1.241 1.0 0.66 1.0 1.0 0.749 1.0 0.675 1.0 1.0 0.761 1.0 0.628 1.0 1.0 0.74 1.0 0.699 1.0 1.0 0.74 1.0 1.0 1.0 1.0 0.69 1.0 1.0 1.0 1.0 0.755 1.0 1.0 1.0 1.0 0.687 1.0 1.0 1.0 1.0 1.0 1.0 1.0 1.0 1.0 1.0 1.0 1.0 1.0 1.0 1.0 1.0 1.0 1.0 1.0 1.0 1.0 1.0 1.0 1.0 1.0 1.0 1.0 1.0 1.0 1.0 1.0 1.0 1.0 1.0 1.0 1.0 1.0 1.0 1.0 1.0 1.0 1.0 1.0 1.0 1.0 1.0 1.0 1.0 1.0 1.0 1.0 1.0 1.0 1.0 1.0 1.0 1.0 1.0 1.0 1.0 1.0 1.0 1.0 1.0 1.0 1.0 1.0 1.0 1.0 1.0 1.0 1.0 1.0 1.0 1.0 1.0 1.0 1.0 1.0 1.0 1.0 1.0 1.0 1.0 1.0 1.0 1.0 1.0 1.0 1.0 1.0 1.0 1.0 1.0 1.0 1.0 1.0 1.0 1.0 1.0 1.0 1.0 1.0 1.0 1.0 1.0 1.0 1.0 1.0 1.0 1.0 1.0 1.0 1.0 1.0 1.0 1.0 1.0 1.0 1.0 1.0 1.0 1.0 1.0 1.0 1.0 1.0 1.0 1.0 1.0 1.0 1.0 1.0 1.0 1.0 1.0 1.0 1.0 1.0 1.0 1.0 1.0 1.0 1.0 1.0 1.0 0.87 0.97 1.154 0.854 1.09 0.913 1.292 1.245 0.814 1.129 1.2 1.309 0.774 0.997 1.315 0.826 0.839 0.736 0.687 0.767 1.316 1.302 1.308 1.239 1.113 0.831 0.825 0.75 0.485 0.788 1.021 0.863 1.303 0.813 0.844 0.951 0.874 1.008 0.799 0.975 0.831 0.779 0.888 1.383 0.765 1.042 0.912 1.198 0.827 1.212 0.78 0.934 0.924 0.861 1.303 0.762 1.074 1.018 0.813 0.78 1.129 0.697 1.193 1.0 1.13 0.798 1.101 1.111 1.0 1.245 0.949 0.755 1.196 1.0 0.723 0.641 0.985 1.17 1.0 1.166 0.851 1.218 1.035 1.0 1.057 0.986 0.65 0.995 1.0 0.768 0.77 1.056 0.862 1.0 0.716 1.06 0.971 0.777 1.0 0.743 1.036 0.983 1.263 1.0 0.727 1.089 1.077 1.096 1.0 0.719 0.748 1.176 0.738 1.0 0.755 0.913 1.12 0.739 1.0 1.604 1.003 0.585 1.095 1.0 0.915 1.044 1.097 0.748 1.0 0.721 0.694 0.922 1.189 1.0 0.728 0.735 0.578 0.75 1.0 1.0 0.673 0.82 1.09 1.0 1.0 0.843 1.456 1.307 1.0 1.0 0.969 0.992 1.309 1.0 1.0 1.102 0.717 0.72 1.0 1.0 0.652 0.895 0.748 1.0 1.0 0.657 0.873 1.233 1.0 1.0 1.0 0.684 1.244 1.0 1.0 1.0 1.151 1.189 1.0 1.0 1.0 0.685 0.749 1.0 1.0 1.0 0.7 1.187 1.0 1.0 1.0 0.692 0.855 1.0 1.0 1.0 0.688 0.86 1.0 1.0 1.0 0.755 1.074 1.0 1.0 1.0 0.706 0.699 1.0 1.0 1.0 0.686 0.709 1.0 1.0 1.0 0.971 0.692 1.0 1.0 1.0 0.837 0.679 1.0 1.0 1.0 0.697 0.695 1.0 1.0 1.0 1.102 0.651 1.0 1.0 1.0 0.898 0.592 1.0 1.0 1.0 1.028 0.625 1.0 1.0 1.0 0.673 1.0 1.0 1.0 1.0 0.612 1.0 1.0 1.0 1.0 0.656 1.0 1.0 1.0 1.0 0.71 1.0 1.0 1.0 1.0 0.659 1.0 1.0 1.0 1.0 0.67 1.0 1.0 1.0 1.0 0.699 1.0 1.0 1.0 1.0 0.71 1.0 1.0 1.0 1.0 0.712 1.0 1.0 1.0 1.0 0.696 1.0 1.0 1.0 1.0 0.674 1.0 1.0 1.0 1.0 1.0 1.0 1.0 1.0 1.0 1.0 1.0 1.0 1.0 1.0 1.0 1.0 1.0 1.0 1.0 1.0 1.0 1.0 1.0 1.0 1.0 1.0 1.0 1.0 1.0 1.0 1.0 1.0 1.0 1.0 1.0 1.0 1.0 1.0 1.0 1.0 1.0 1.0 1.0 1.0 1.0 1.0 1.0 1.0 1.0 1.0 1.0 1.0 1.0 1.0 1.0 1.0 1.0 1.0 1.0 1.0 1.0 1.0 1.0 1.0 1.0 1.0 1.0 1.0 1.0 1.0 1.0 1.0 1.0 1.0 1.0 1.0 1.0 1.0 1.0 1.0 1.0 1.0 1.0 1.212 1.214 1.073 1.158 0.824 1.195 1.303 1.229 1.233 1.212 1.332 0.856 0.776 1.278 1.208 0.819 0.848 1.112 0.729 0.838 0.852 1.179 1.242 1.035 1.14 0.82 1.137 0.965 1.177 0.802 1.283 0.478 1.055 0.749 1.25 1.033 1.158 0.763 0.93 1.074 1.156 1.258 1.321 1.164 1.143 0.931 1.307 1.324 1.27 0.873 0.795 1.121 1.226 1.19 1.327 1.051 0.636 1.122 0.924 1.204 1.275 1.345 1.384 1.342 1.023 1.281 0.457 1.423 1.137 1.331 1.081 1.531 0.688 0.916 0.901 1.277 1.237 0.694 1.416 0.881 1.026 0.985 1.25 1.333 1.0 1.383 0.61 1.269 1.481 1.0 1.49 1.308 1.302 0.653 1.0 0.756 1.326 1.308 1.374 1.0 1.136 0.615 1.375 0.655 1.0 1.174 1.302 1.128 1.21 1.0 0.808 1.264 0.955 0.958 1.0 1.125 1.514 1.435 0.711 1.0 1.178 1.533 0.905 1.053 1.0 1.316 1.001 0.75 1.002 1.0 1.277 1.555 1.085 1.04 1.0 1.203 0.884 0.776 0.741 1.0 1.006 1.634 1.121 0.901 1.0 1.119 0.543 1.047 0.64 1.0 1.042 0.823 1.068 0.883 1.0 0.691 1.21 0.758 0.964 1.0 0.698 1.299 1.016 0.754 1.0 0.695 0.879 0.77 1.0 1.0 0.705 0.591 0.886 1.0 1.0 0.702 0.685 1.0 1.0 1.0 0.668 0.637 1.0 1.0 1.0 0.627 0.687 1.0 1.0 1.0 1.043 0.697 1.0 1.0 1.0 0.734 0.692 1.0 1.0 1.0 1.197 0.702 1.0 1.0 1.0 1.213 1.0 1.0 1.0 1.0 0.974 1.0 1.0 1.0 1.0 1.184 1.0 1.0 1.0 1.0 0.77 1.0 1.0 1.0 1.0 0.887 1.0 1.0 1.0 1.0 1.088 1.0 1.0 1.0 1.0 0.742 1.0 1.0 1.0 1.0 0.834 1.0 1.0 1.0 1.0 1.0 1.0 1.0 1.0 1.0 1.0 1.0 1.0 1.0 1.0 1.0 1.0 1.0 1.0 1.0 1.0 1.0 1.0 1.0 1.0 1.0 1.0 1.0 1.0 1.0 1.0 1.0 1.0 1.0 1.0 1.0 1.0 1.0 1.0 1.0 1.0 1.0 1.0 1.0 1.0 1.0 1.0 1.0 1.0 1.0 1.0 1.0 1.0 1.0 1.0 1.0 1.0 1.0 1.0 1.0 1.0 1.0 1.0 1.0 1.0 1.0 1.0 1.0 1.0 1.0 1.0 1.0 1.0 1.0 1.0 1.0 1.0 1.0 1.0 1.0 1.0 1.0 1.0 1.0 1.0 1.0 1.0 1.0 1.0 1.0 1.0 1.0 1.0 1.0 1.0 1.0 1.0 1.0 1.0 1.0 1.0 1.0 1.0 1.0 1.0 1.0 1.0 1.0 1.0 1.0 1.0 1.0 1.0 1.0 1.0 1.0 1.0 1.0 1.0 1.0 1.0 1.0 1.0 1.0 1.0 1.0 1.0 1.0 1.0 1.0 1.0 1.0 1.0 1.0 1.0 1.0 1.0 1.0 1.0 1.0 0.87 0.896 1.154 1.158 0.824 1.292 1.185 1.247 0.776 1.227 0.764 0.744 1.095 1.137 1.206 0.919 0.739 1.269 0.771 1.131 0.92 1.336 1.263 0.84 0.864 0.935 0.8 0.723 1.024 1.102 0.938 0.99 1.273 1.05 0.921 1.168 0.898 0.714 1.258 1.196 0.879 1.024 0.83 1.361 1.116 0.728 0.86 1.123 1.37 1.217 1.333 0.978 1.162 1.335 1.088 1.03 0.976 0.834 1.419 0.55 0.61 1.162 0.893 1.515 1.234 1.334 0.924 0.888 0.856 1.454 0.829 1.272 1.015 0.967 0.618 1.306 1.299 0.945 1.0 1.196 0.888 1.234 1.339 1.0 1.304 0.892 1.169 0.842 1.0 1.294 1.169 1.286 1.243 1.0 1.498 0.938 0.942 0.963 1.0 0.744 1.015 0.606 1.312 1.0 0.818 0.94 0.622 1.161 1.0 0.842 1.171 0.792 0.671 1.0 0.821 1.432 0.894 1.0 1.0 2.015 1.011 0.91 0.979 1.0 1.009 0.848 1.31 1.052 1.0 0.736 1.472 0.894 1.115 1.0 2.107 0.811 0.985 1.041 1.0 0.901 1.092 1.081 0.828 1.0 0.66 0.905 0.71 0.711 1.0 0.749 0.862 0.771 0.755 1.0 0.784 0.985 1.508 0.838 1.0 0.647 1.0 0.838 1.057 1.0 0.715 1.0 0.922 0.831 1.0 0.698 1.0 0.746 0.894 1.0 0.681 1.0 0.904 0.701 1.0 0.709 1.0 0.867 0.795 1.0 0.753 1.0 0.823 0.704 1.0 0.682 1.0 0.689 1.308 1.0 2.363 1.0 1.0 0.713 1.0 0.64 1.0 1.0 0.709 1.0 0.638 1.0 1.0 0.99 1.0 1.0 1.0 1.0 0.753 1.0 1.0 1.0 1.0 0.748 1.0 1.0 1.0 1.0 1.891 1.0 1.0 1.0 1.0 1.0 1.0 1.0 1.0 1.0 1.0 1.0 1.0 1.0 1.0 1.0 1.0 1.0 1.0 1.0 1.0 1.0 1.0 1.0 1.0 1.0 1.0 1.0 1.0 1.0 1.0 1.0 1.0 1.0 1.0 1.0 1.0 1.0 1.0 1.0 1.0 1.0 1.0 1.0 1.0 1.0 1.0 1.0 1.0 1.0 1.0 1.0 1.0 1.0 1.0 1.0 1.0 1.0 1.0 1.0 1.0 1.0 1.0 1.0 1.0 1.0 1.0 1.0 1.0 1.0 1.0 1.0 1.0 1.0 1.0 1.0 1.0 1.0 1.0 1.0 1.0 1.0 1.0 1.0 1.0 1.0 1.0 1.0 1.0 1.0 1.0 1.0 1.0 1.0 1.0 1.0 1.0 1.0 1.0 1.0 1.0 1.0 1.0 1.0 1.0 1.0 1.0 1.0 1.0 1.0 1.0 1.0 1.0 1.0 1.0 1.0 1.0 1.0 1.0 1.0 1.0 1.0 1.0 1.0 1.0 1.0 1.0 1.0 1.0 1.0 1.0 1.0 1.0 1.0 1.0 1.0 1.0 1.0 1.0 1.0 1.0 1.0 1.0 1.0 1.0 1.0 1.0 1.0 1.0 1.0 1.0 1.0 1.0 1.0 1.0 1.0 1.0 1.0,2.3626943,1.3626943,0.43680346,0.3,0.7683630585670471,0.0003,5,5.212328
91,0.2722792625427246,0.9921247,0.943 0.969 0.835 1.076 0.825 1.185 1.282 1.25 0.773 0.766 0.886 1.311 1.091 1.221 0.875 1.315 0.713 0.686 1.085 0.796 0.807 0.939 1.063 1.228 1.045 0.804 0.707 1.306 0.923 0.985 0.874 0.717 0.984 0.826 1.054 0.944 1.125 1.26 1.257 1.171 1.059 0.962 0.873 0.604 0.706 0.877 0.739 1.138 1.259 1.15 1.239 0.743 1.167 1.265 0.992 1.123 0.851 1.177 1.235 1.135 1.036 1.182 0.853 1.303 1.0 1.185 1.026 0.728 0.645 1.0 1.11 1.007 1.128 1.25 1.0 1.38 1.449 0.999 1.102 1.0 1.147 1.033 1.367 0.96 1.0 1.034 0.976 0.967 0.639 1.0 0.984 0.661 0.976 1.078 1.0 0.931 0.937 0.887 0.711 1.0 1.357 0.657 0.743 1.161 1.0 0.862 0.812 1.0 0.723 1.0 0.807 0.802 1.0 0.78 1.0 0.782 1.152 1.0 0.804 1.0 0.751 1.188 1.0 0.838 1.0 0.951 1.208 1.0 0.71 1.0 0.787 1.012 1.0 0.631 1.0 0.894 0.669 1.0 1.245 1.0 1.204 1.087 1.0 0.926 1.0 0.699 0.655 1.0 0.883 1.0 0.707 0.807 1.0 0.77 1.0 1.068 0.899 1.0 1.139 1.0 1.63 0.716 1.0 0.854 1.0 1.0 1.012 1.0 1.065 1.0 1.0 0.902 1.0 0.782 1.0 1.0 0.986 1.0 0.851 1.0 1.0 0.605 1.0 0.765 1.0 1.0 0.716 1.0 0.688 1.0 1.0 0.695 1.0 1.0 1.0 1.0 2.177 1.0 1.0 1.0 1.0 0.707 1.0 1.0 1.0 1.0 0.705 1.0 1.0 1.0 1.0 0.698 1.0 1.0 1.0 1.0 0.7 1.0 1.0 1.0 1.0 0.651 1.0 1.0 1.0 1.0 0.806 1.0 1.0 1.0 1.0 1.0 1.0 1.0 1.0 1.0 1.0 1.0 1.0 1.0 1.0 1.0 1.0 1.0 1.0 1.0 1.0 1.0 1.0 1.0 1.0 1.0 1.0 1.0 1.0 1.0 1.0 1.0 1.0 1.0 1.0 1.0 1.0 1.0 1.0 1.0 1.0 1.0 1.0 1.0 1.0 1.0 1.0 1.0 1.0 1.0 1.0 1.0 1.0 1.0 1.0 1.0 1.0 1.0 1.0 1.0 1.0 1.0 1.0 1.0 1.0 1.0 1.0 1.0 1.0 1.0 1.0 1.0 1.0 1.0 1.0 1.0 1.0 1.0 1.0 1.0 1.0 1.0 1.0 1.0 1.0 1.0 1.0 1.0 1.0 1.0 1.0 1.0 1.0 1.0 1.0 1.0 1.0 1.0 1.0 1.0 1.0 1.0 1.0 1.0 1.0 1.0 1.0 1.0 1.0 1.0 1.0 1.0 1.0 1.0 1.0 1.0 1.0 1.0 1.0 1.0 1.0 1.0 1.0 1.0 1.0 1.0 1.0 1.0 1.0 1.0 1.0 1.0 1.0 1.0 1.0 1.0 1.0 1.0 1.0 1.0 1.0 1.0 1.0 1.0 1.0 1.0 1.0 1.0 1.0 1.0 1.0 1.0 1.0 1.0 0.849 1.131 1.175 1.076 0.825 1.288 1.195 1.076 0.789 0.769 0.782 0.876 0.789 0.776 1.108 0.941 0.752 1.078 0.776 1.093 0.886 0.86 0.782 0.935 0.764 1.191 1.013 1.158 1.028 0.642 0.828 1.428 0.899 1.24 0.736 1.186 1.224 1.01 1.332 0.842 0.893 0.821 1.199 0.435 1.122 0.89 0.922 1.219 0.667 1.152 0.894 0.839 0.693 0.826 0.729 1.252 0.871 0.607 1.339 0.721 0.699 1.065 1.118 0.518 1.109 0.819 1.051 0.966 0.732 0.96 0.723 0.864 0.99 1.121 0.67 1.112 1.086 1.006 0.578 1.011 0.774 1.041 0.708 0.609 0.703 1.0 1.034 1.244 0.749 0.811 1.0 0.865 0.7 0.731 0.998 1.0 0.845 1.528 0.835 0.657 1.0 0.718 0.605 0.741 0.781 1.0 0.722 0.552 0.751 1.0 1.0 1.198 0.762 0.75 1.0 1.0 0.75 0.766 0.734 1.0 1.0 0.768 0.669 0.72 1.0 1.0 1.184 0.591 0.611 1.0 1.0 0.846 0.688 0.773 1.0 1.0 0.811 0.634 0.764 1.0 1.0 0.693 0.77 0.674 1.0 1.0 0.679 0.55 1.0 1.0 1.0 1.165 0.691 1.0 1.0 1.0 0.768 0.626 1.0 1.0 1.0 0.724 0.67 1.0 1.0 1.0 1.167 1.788 1.0 1.0 1.0 0.698 1.0 1.0 1.0 1.0 0.696 1.0 1.0 1.0 1.0 1.098 1.0 1.0 1.0 1.0 0.723 1.0 1.0 1.0 1.0 0.699 1.0 1.0 1.0 1.0 0.726 1.0 1.0 1.0 1.0 0.977 1.0 1.0 1.0 1.0 0.7 1.0 1.0 1.0 1.0 0.786 1.0 1.0 1.0 1.0 0.783 1.0 1.0 1.0 1.0 0.801 1.0 1.0 1.0 1.0 0.715 1.0 1.0 1.0 1.0 2.283 1.0 1.0 1.0 1.0 1.643 1.0 1.0 1.0 1.0 0.79 1.0 1.0 1.0 1.0 1.0 1.0 1.0 1.0 1.0 1.0 1.0 1.0 1.0 1.0 1.0 1.0 1.0 1.0 1.0 1.0 1.0 1.0 1.0 1.0 1.0 1.0 1.0 1.0 1.0 1.0 1.0 1.0 1.0 1.0 1.0 1.0 1.0 1.0 1.0 1.0 1.0 1.0 1.0 1.0 1.0 1.0 1.0 1.0 1.0 1.0 1.0 1.0 1.0 1.0 1.0 1.0 1.0 1.0 1.0 1.0 1.0 1.0 1.0 1.0 1.0 1.0 1.0 1.0 1.0 1.0 1.0 1.0 1.0 1.0 1.0 1.0 1.0 1.0 1.0 1.0 1.0 1.0 1.0 1.0 1.0 1.0 1.0 1.0 1.0 1.0 1.0 1.0 1.0 1.0 1.0 1.0 1.0 1.0 1.0 1.0 1.0 1.0 1.0 1.0 1.0 1.0 1.0 1.0 1.0 1.0 1.0 1.0 1.0 1.0 1.0 1.0 1.0 1.0 1.0 1.0 1.0 1.0 1.0 1.0 1.0 1.0 1.0 1.0 1.0 1.0 1.0 1.0 1.0 1.0 1.0 1.0 1.0 1.0 1.212 0.969 0.806 1.16 0.822 1.212 1.186 1.255 1.1 0.765 1.327 1.34 1.094 1.224 1.185 1.265 0.844 1.223 1.239 0.965 1.339 0.918 1.213 1.088 0.899 1.428 1.33 1.086 1.266 1.19 1.296 1.139 0.905 0.706 0.665 1.332 0.857 0.952 1.053 1.268 0.824 0.959 1.044 1.295 0.537 0.872 0.989 1.046 0.93 1.134 1.084 1.285 1.321 1.112 1.187 0.984 0.701 1.043 1.17 0.551 1.131 1.143 1.019 0.685 0.788 0.81 1.064 0.707 1.228 0.85 1.643 1.477 0.767 1.305 0.883 0.558 0.689 0.81 1.087 0.875 0.995 0.706 0.849 1.34 0.842 0.563 0.885 0.641 1.238 0.813 0.797 0.599 0.868 0.643 0.945 0.943 0.63 0.808 0.919 1.389 0.691 0.751 1.346 1.222 0.671 0.731 0.853 1.0 0.946 0.97 0.767 0.694 1.0 0.673 0.63 0.625 0.761 1.0 1.336 1.0 0.655 1.556 1.0 1.518 1.0 0.667 0.749 1.0 0.7 1.0 0.684 1.146 1.0 1.082 1.0 0.756 0.946 1.0 0.657 1.0 1.046 0.771 1.0 0.851 1.0 1.126 1.328 1.0 0.781 1.0 0.667 0.783 1.0 0.648 1.0 1.255 0.772 1.0 1.0 1.0 0.697 0.718 1.0 1.0 1.0 0.703 0.719 1.0 1.0 1.0 0.982 0.671 1.0 1.0 1.0 1.156 0.704 1.0 1.0 1.0 0.829 0.702 1.0 1.0 1.0 1.049 0.977 1.0 1.0 1.0 0.964 1.0 1.0 1.0 1.0 0.74 1.0 1.0 1.0 1.0 0.739 1.0 1.0 1.0 1.0 0.705 1.0 1.0 1.0 1.0 0.778 1.0 1.0 1.0 1.0 0.705 1.0 1.0 1.0 1.0 0.746 1.0 1.0 1.0 1.0 0.83 1.0 1.0 1.0 1.0 0.924 1.0 1.0 1.0 1.0 0.885 1.0 1.0 1.0 1.0 0.744 1.0 1.0 1.0 1.0 0.866 1.0 1.0 1.0 1.0 1.434 1.0 1.0 1.0 1.0 0.613 1.0 1.0 1.0 1.0 1.0 1.0 1.0 1.0 1.0 1.0 1.0 1.0 1.0 1.0 1.0 1.0 1.0 1.0 1.0 1.0 1.0 1.0 1.0 1.0 1.0 1.0 1.0 1.0 1.0 1.0 1.0 1.0 1.0 1.0 1.0 1.0 1.0 1.0 1.0 1.0 1.0 1.0 1.0 1.0 1.0 1.0 1.0 1.0 1.0 1.0 1.0 1.0 1.0 1.0 1.0 1.0 1.0 1.0 1.0 1.0 1.0 1.0 1.0 1.0 1.0 1.0 1.0 1.0 1.0 1.0 1.0 1.0 1.0 1.0 1.0 1.0 1.0 1.0 1.0 1.0 1.0 1.0 1.0 1.0 1.0 1.0 1.0 1.0 1.0 1.0 1.0 1.0 1.0 1.0 1.0 1.0 1.0 1.0 1.0 1.0 1.0 1.0 1.0 1.0 1.0 1.0 1.0 1.0 1.0 1.0 1.0 1.0 1.0 1.0 1.0 1.0 1.0 1.0 1.0 1.0 1.0 1.0 1.0 1.0 1.212 0.894 0.806 1.16 1.129 0.838 1.183 1.199 0.81 0.758 1.246 0.837 1.096 0.796 1.14 0.827 0.835 1.303 0.941 1.285 0.956 1.259 0.77 1.272 0.893 0.97 0.96 1.248 0.703 1.333 1.265 1.284 1.227 1.295 0.731 0.614 1.213 1.298 1.298 1.418 1.294 1.228 1.306 1.213 1.335 1.32 1.199 0.717 1.299 1.297 1.272 1.232 0.911 1.3 1.308 1.233 1.299 1.226 1.331 1.444 1.129 1.226 0.829 1.109 1.296 1.3 1.301 1.293 1.328 0.862 1.279 1.347 1.31 1.31 1.303 0.863 1.299 1.258 1.252 0.767 1.355 0.649 1.298 0.834 1.305 1.25 1.302 0.732 1.301 0.957 0.67 1.241 1.313 0.92 1.284 1.256 1.188 1.189 0.815 1.296 1.368 0.757 1.379 1.262 1.302 0.788 1.13 1.156 0.84 0.819 1.328 1.43 1.252 0.945 1.295 1.189 1.035 1.211 1.257 0.84 1.186 1.07 0.763 1.313 0.802 1.099 1.247 1.027 0.973 0.929 1.398 1.02 0.995 1.171 1.43 1.144 1.09 1.122 1.175 1.186 0.727 1.333 0.846 0.655 0.718 0.633 1.0 0.847 0.613 1.0 0.683 1.0 0.78 1.0 1.0 0.731 1.0 0.835 1.0 1.0 0.768 1.0 1.305 1.0 1.0 0.945 1.0 1.321 1.0 1.0 1.988 1.0 1.345 1.0 1.0 0.738 1.0 0.874 1.0 1.0 1.866 1.0 0.771 1.0 1.0 0.79 1.0 0.759 1.0 1.0 0.885 1.0 0.754 1.0 1.0 0.744 1.0 0.75 1.0 1.0 1.0 1.0 0.625 1.0 1.0 1.0 1.0 1.445 1.0 1.0 1.0 1.0 1.243 1.0 1.0 1.0 1.0 1.095 1.0 1.0 1.0 1.0 1.002 1.0 1.0 1.0 1.0 0.972 1.0 1.0 1.0 1.0 0.915 1.0 1.0 1.0 1.0 0.955 1.0 1.0 1.0 1.0 1.385 1.0 1.0 1.0 1.0 1.37 1.0 1.0 1.0 1.0 0.817 1.0 1.0 1.0 1.0 0.746 1.0 1.0 1.0 1.0 0.685 1.0 1.0 1.0 1.0 1.026 1.0 1.0 1.0 1.0 0.924 1.0 1.0 1.0 1.0 0.925 1.0 1.0 1.0 1.0 0.981 1.0 1.0 1.0 1.0 0.978 1.0 1.0 1.0 1.0 0.612 1.0 1.0 1.0 1.0 0.878 1.0 1.0 1.0 1.0 0.978 1.0 1.0 1.0 1.0 1.405 1.0 1.0 1.0 1.0 0.622 1.0 1.0 1.0 1.0 0.657 1.0 1.0 1.0 1.0 0.689 1.0 1.0 1.0 1.0 0.682 1.0 1.0 1.0 1.0 0.958 1.0 1.0 1.0 1.0 0.643 1.0 1.0 1.0 1.0 1.029 1.0 1.0 1.0 1.0 0.758 1.0 1.0 1.0 1.0 1.317 1.0 1.0 1.0 1.0 0.639 1.0 1.0 1.0 1.0 0.792 1.0 1.0 1.0 1.0 0.699 1.0 1.0 1.0 1.0 0.679 1.0 1.0 1.0 1.0 0.707 1.0 1.0 1.141 1.214 0.835 1.115 1.093 1.293 1.178 1.201 0.769 1.161 0.841 0.86 1.114 0.755 1.296 1.251 1.243 1.274 0.855 0.753 0.87 1.056 0.716 0.944 0.895 1.274 1.276 0.854 1.259 0.873 0.924 0.81 0.861 1.296 0.955 0.967 1.121 1.093 1.297 1.301 1.019 1.223 1.307 1.316 0.842 1.297 1.36 1.247 1.254 1.377 1.311 0.85 1.24 0.622 1.093 0.792 1.064 1.358 1.013 1.391 1.306 1.074 0.668 1.638 0.746 1.108 1.26 1.443 1.454 0.978 0.901 1.478 1.104 1.021 1.454 1.087 1.283 1.056 1.597 1.089 1.15 1.417 1.304 0.608 0.88 1.058 1.0 1.494 1.443 1.303 0.803 1.0 0.908 1.349 0.772 0.845 1.0 0.813 0.848 0.777 0.696 1.0 0.823 0.662 1.329 1.144 1.0 0.668 1.132 0.816 1.174 1.0 0.758 1.679 1.046 1.101 1.0 0.954 0.738 1.004 1.259 1.0 0.86 0.723 1.248 0.726 1.0 0.889 0.735 0.66 1.027 1.0 0.922 1.115 0.676 0.96 1.0 0.651 0.917 0.685 1.019 1.0 0.7 0.918 0.863 1.016 1.0 0.72 0.735 0.91 1.008 1.0 0.791 0.92 0.625 0.845 1.0 0.83 1.164 1.0 0.957 1.0 0.672 1.106 1.0 1.062 1.0 0.738 0.976 1.0 0.774 1.0 0.73 0.813 1.0 0.895 1.0 1.0 1.074 1.0 0.828 1.0 1.0 0.956 1.0 0.704 1.0 1.0 1.022 1.0 0.708 1.0 1.0 1.217 1.0 0.692 1.0 1.0 1.235 1.0 0.658 1.0 1.0 0.75 1.0 0.675 1.0 1.0 0.763 1.0 0.626 1.0 1.0 0.741 1.0 0.699 1.0 1.0 0.736 1.0 1.0 1.0 1.0 0.685 1.0 1.0 1.0 1.0 0.755 1.0 1.0 1.0 1.0 0.689 1.0 1.0 1.0 1.0 1.0 1.0 1.0 1.0 1.0 1.0 1.0 1.0 1.0 1.0 1.0 1.0 1.0 1.0 1.0 1.0 1.0 1.0 1.0 1.0 1.0 1.0 1.0 1.0 1.0 1.0 1.0 1.0 1.0 1.0 1.0 1.0 1.0 1.0 1.0 1.0 1.0 1.0 1.0 1.0 1.0 1.0 1.0 1.0 1.0 1.0 1.0 1.0 1.0 1.0 1.0 1.0 1.0 1.0 1.0 1.0 1.0 1.0 1.0 1.0 1.0 1.0 1.0 1.0 1.0 1.0 1.0 1.0 1.0 1.0 1.0 1.0 1.0 1.0 1.0 1.0 1.0 1.0 1.0 1.0 1.0 1.0 1.0 1.0 1.0 1.0 1.0 1.0 1.0 1.0 1.0 1.0 1.0 1.0 1.0 1.0 1.0 1.0 1.0 1.0 1.0 1.0 1.0 1.0 1.0 1.0 1.0 1.0 1.0 1.0 1.0 1.0 1.0 1.0 1.0 1.0 1.0 1.0 1.0 1.0 1.0 1.0 1.0 1.0 1.0 1.0 1.0 1.0 1.0 1.0 1.0 1.0 1.0 1.0 1.0 1.0 1.0 1.0 1.0 1.0 1.0 1.0 0.869 0.969 1.154 0.852 1.093 0.911 1.29 1.248 0.811 1.13 1.206 1.307 0.771 0.997 1.316 0.826 0.838 0.735 0.687 0.763 1.313 1.298 1.31 1.24 1.114 0.832 0.826 0.749 0.484 0.786 1.024 0.86 1.305 0.806 0.845 0.951 0.875 1.011 0.804 0.972 0.832 0.778 0.887 1.384 0.767 1.04 0.909 1.194 0.832 1.211 0.778 0.931 0.924 0.86 1.302 0.765 1.079 1.019 0.818 0.781 1.126 0.696 1.195 1.0 1.129 0.8 1.095 1.112 1.0 1.243 0.947 0.754 1.199 1.0 0.725 0.641 0.984 1.174 1.0 1.164 0.85 1.228 1.037 1.0 1.056 0.983 0.646 0.999 1.0 0.767 0.772 1.057 0.862 1.0 0.717 1.061 0.97 0.779 1.0 0.743 1.034 0.981 1.266 1.0 0.726 1.091 1.076 1.103 1.0 0.718 0.75 1.183 0.74 1.0 0.756 0.915 1.116 0.74 1.0 1.605 1.008 0.58 1.101 1.0 0.915 1.048 1.096 0.748 1.0 0.721 0.695 0.924 1.18 1.0 0.729 0.735 0.573 0.751 1.0 1.0 0.673 0.821 1.096 1.0 1.0 0.845 1.464 1.311 1.0 1.0 0.966 0.984 1.313 1.0 1.0 1.107 0.713 0.717 1.0 1.0 0.652 0.898 0.749 1.0 1.0 0.658 0.876 1.225 1.0 1.0 1.0 0.682 1.235 1.0 1.0 1.0 1.141 1.181 1.0 1.0 1.0 0.683 0.746 1.0 1.0 1.0 0.702 1.186 1.0 1.0 1.0 0.694 0.853 1.0 1.0 1.0 0.69 0.86 1.0 1.0 1.0 0.759 1.075 1.0 1.0 1.0 0.708 0.698 1.0 1.0 1.0 0.688 0.71 1.0 1.0 1.0 0.963 0.691 1.0 1.0 1.0 0.829 0.68 1.0 1.0 1.0 0.701 0.696 1.0 1.0 1.0 1.1 0.65 1.0 1.0 1.0 0.896 0.592 1.0 1.0 1.0 1.027 0.626 1.0 1.0 1.0 0.673 1.0 1.0 1.0 1.0 0.609 1.0 1.0 1.0 1.0 0.655 1.0 1.0 1.0 1.0 0.708 1.0 1.0 1.0 1.0 0.659 1.0 1.0 1.0 1.0 0.67 1.0 1.0 1.0 1.0 0.7 1.0 1.0 1.0 1.0 0.709 1.0 1.0 1.0 1.0 0.71 1.0 1.0 1.0 1.0 0.695 1.0 1.0 1.0 1.0 0.672 1.0 1.0 1.0 1.0 1.0 1.0 1.0 1.0 1.0 1.0 1.0 1.0 1.0 1.0 1.0 1.0 1.0 1.0 1.0 1.0 1.0 1.0 1.0 1.0 1.0 1.0 1.0 1.0 1.0 1.0 1.0 1.0 1.0 1.0 1.0 1.0 1.0 1.0 1.0 1.0 1.0 1.0 1.0 1.0 1.0 1.0 1.0 1.0 1.0 1.0 1.0 1.0 1.0 1.0 1.0 1.0 1.0 1.0 1.0 1.0 1.0 1.0 1.0 1.0 1.0 1.0 1.0 1.0 1.0 1.0 1.0 1.0 1.0 1.0 1.0 1.0 1.0 1.0 1.0 1.0 1.0 1.0 1.0 1.212 1.214 1.076 1.16 0.822 1.201 1.302 1.228 1.236 1.212 1.331 0.854 0.773 1.282 1.207 0.819 0.847 1.116 0.728 0.837 0.848 1.178 1.244 1.039 1.143 0.819 1.137 0.965 1.174 0.802 1.284 0.477 1.053 0.749 1.251 1.034 1.157 0.766 0.929 1.073 1.157 1.257 1.321 1.165 1.144 0.928 1.307 1.324 1.269 0.88 0.797 1.12 1.225 1.189 1.324 1.049 0.637 1.122 0.921 1.203 1.275 1.345 1.382 1.34 1.025 1.281 0.455 1.422 1.139 1.329 1.08 1.532 0.691 0.922 0.909 1.277 1.237 0.697 1.415 0.889 1.027 0.985 1.25 1.333 1.0 1.382 0.61 1.268 1.479 1.0 1.494 1.307 1.303 0.655 1.0 0.742 1.339 1.309 1.372 1.0 1.138 0.611 1.378 0.656 1.0 1.184 1.304 1.13 1.209 1.0 0.809 1.276 0.958 0.958 1.0 1.126 1.517 1.433 0.711 1.0 1.184 1.537 0.909 1.05 1.0 1.317 1.003 0.75 1.004 1.0 1.278 1.56 1.082 1.038 1.0 1.205 0.889 0.778 0.743 1.0 1.008 1.64 1.115 0.904 1.0 1.107 0.542 1.04 0.639 1.0 1.028 0.825 1.059 0.886 1.0 0.691 1.213 0.754 0.96 1.0 0.699 1.3 1.008 0.755 1.0 0.695 0.865 0.771 1.0 1.0 0.704 0.591 0.886 1.0 1.0 0.703 0.684 1.0 1.0 1.0 0.668 0.635 1.0 1.0 1.0 0.626 0.686 1.0 1.0 1.0 1.039 0.697 1.0 1.0 1.0 0.734 0.691 1.0 1.0 1.0 1.195 0.701 1.0 1.0 1.0 1.21 1.0 1.0 1.0 1.0 0.976 1.0 1.0 1.0 1.0 1.17 1.0 1.0 1.0 1.0 0.771 1.0 1.0 1.0 1.0 0.886 1.0 1.0 1.0 1.0 1.088 1.0 1.0 1.0 1.0 0.741 1.0 1.0 1.0 1.0 0.836 1.0 1.0 1.0 1.0 1.0 1.0 1.0 1.0 1.0 1.0 1.0 1.0 1.0 1.0 1.0 1.0 1.0 1.0 1.0 1.0 1.0 1.0 1.0 1.0 1.0 1.0 1.0 1.0 1.0 1.0 1.0 1.0 1.0 1.0 1.0 1.0 1.0 1.0 1.0 1.0 1.0 1.0 1.0 1.0 1.0 1.0 1.0 1.0 1.0 1.0 1.0 1.0 1.0 1.0 1.0 1.0 1.0 1.0 1.0 1.0 1.0 1.0 1.0 1.0 1.0 1.0 1.0 1.0 1.0 1.0 1.0 1.0 1.0 1.0 1.0 1.0 1.0 1.0 1.0 1.0 1.0 1.0 1.0 1.0 1.0 1.0 1.0 1.0 1.0 1.0 1.0 1.0 1.0 1.0 1.0 1.0 1.0 1.0 1.0 1.0 1.0 1.0 1.0 1.0 1.0 1.0 1.0 1.0 1.0 1.0 1.0 1.0 1.0 1.0 1.0 1.0 1.0 1.0 1.0 1.0 1.0 1.0 1.0 1.0 1.0 1.0 1.0 1.0 1.0 1.0 1.0 1.0 1.0 1.0 1.0 1.0 1.0 1.0 1.0 0.869 0.894 1.154 1.16 0.822 1.292 1.191 1.25 0.774 1.227 0.76 0.743 1.099 1.134 1.209 0.918 0.737 1.271 0.77 1.136 0.918 1.335 1.266 0.837 0.863 0.933 0.797 0.721 1.023 1.101 0.937 0.992 1.276 1.049 0.92 1.17 0.897 0.713 1.26 1.195 0.882 1.024 0.829 1.363 1.117 0.73 0.861 1.127 1.372 1.217 1.332 0.977 1.167 1.338 1.088 1.029 0.976 0.833 1.423 0.55 0.61 1.163 0.893 1.518 1.235 1.334 0.928 0.89 0.857 1.453 0.832 1.27 1.015 0.969 0.619 1.305 1.297 0.944 1.0 1.193 0.892 1.232 1.338 1.0 1.302 0.895 1.168 0.845 1.0 1.293 1.169 1.291 1.248 1.0 1.498 0.942 0.946 0.962 1.0 0.746 1.011 0.606 1.312 1.0 0.817 0.936 0.622 1.162 1.0 0.839 1.171 0.788 0.67 1.0 0.817 1.436 0.896 0.993 1.0 2.022 1.015 0.911 0.979 1.0 1.005 0.845 1.316 1.046 1.0 0.738 1.477 0.896 1.116 1.0 2.115 0.808 0.988 1.034 1.0 0.898 1.091 1.08 0.828 1.0 0.66 0.906 0.697 0.709 1.0 0.745 0.849 0.768 0.755 1.0 0.784 0.984 1.514 0.835 1.0 0.647 1.0 0.824 1.047 1.0 0.711 1.0 0.907 0.832 1.0 0.698 1.0 0.743 0.895 1.0 0.681 1.0 0.903 0.7 1.0 0.707 1.0 0.867 0.795 1.0 0.755 1.0 0.823 0.704 1.0 0.682 1.0 0.688 1.299 1.0 2.351 1.0 1.0 0.714 1.0 0.64 1.0 1.0 0.71 1.0 0.639 1.0 1.0 0.989 1.0 1.0 1.0 1.0 0.755 1.0 1.0 1.0 1.0 0.748 1.0 1.0 1.0 1.0 1.88 1.0 1.0 1.0 1.0 1.0 1.0 1.0 1.0 1.0 1.0 1.0 1.0 1.0 1.0 1.0 1.0 1.0 1.0 1.0 1.0 1.0 1.0 1.0 1.0 1.0 1.0 1.0 1.0 1.0 1.0 1.0 1.0 1.0 1.0 1.0 1.0 1.0 1.0 1.0 1.0 1.0 1.0 1.0 1.0 1.0 1.0 1.0 1.0 1.0 1.0 1.0 1.0 1.0 1.0 1.0 1.0 1.0 1.0 1.0 1.0 1.0 1.0 1.0 1.0 1.0 1.0 1.0 1.0 1.0 1.0 1.0 1.0 1.0 1.0 1.0 1.0 1.0 1.0 1.0 1.0 1.0 1.0 1.0 1.0 1.0 1.0 1.0 1.0 1.0 1.0 1.0 1.0 1.0 1.0 1.0 1.0 1.0 1.0 1.0 1.0 1.0 1.0 1.0 1.0 1.0 1.0 1.0 1.0 1.0 1.0 1.0 1.0 1.0 1.0 1.0 1.0 1.0 1.0 1.0 1.0 1.0 1.0 1.0 1.0 1.0 1.0 1.0 1.0 1.0 1.0 1.0 1.0 1.0 1.0 1.0 1.0 1.0 1.0 1.0 1.0 1.0 1.0 1.0 1.0 1.0 1.0 1.0 1.0 1.0 1.0 1.0 1.0 1.0 1.0 1.0 1.0 1.0,2.35077,1.35077,0.43547577,0.3,0.7724241614341736,0.0003,5,5.18047
92,0.27444589138031006,0.992037,0.941 0.968 0.833 1.079 0.823 1.191 1.281 1.252 0.772 0.765 0.883 1.31 1.095 1.223 0.872 1.313 0.712 0.684 1.089 0.797 0.803 0.936 1.067 1.226 1.044 0.801 0.705 1.308 0.921 0.983 0.871 0.716 0.982 0.827 1.052 0.944 1.131 1.262 1.258 1.171 1.059 0.96 0.873 0.606 0.709 0.876 0.739 1.138 1.26 1.148 1.238 0.743 1.166 1.266 0.999 1.13 0.851 1.176 1.235 1.133 1.042 1.187 0.856 1.302 1.0 1.184 1.025 0.729 0.645 1.0 1.11 1.006 1.129 1.248 1.0 1.378 1.446 0.998 1.101 1.0 1.139 1.034 1.368 0.959 1.0 1.027 0.977 0.963 0.64 1.0 0.984 0.659 0.976 1.077 1.0 0.931 0.936 0.892 0.711 1.0 1.357 0.655 0.743 1.159 1.0 0.861 0.81 1.0 0.723 1.0 0.809 0.8 1.0 0.782 1.0 0.784 1.152 1.0 0.805 1.0 0.754 1.193 1.0 0.839 1.0 0.949 1.214 1.0 0.711 1.0 0.788 1.007 1.0 0.629 1.0 0.891 0.669 1.0 1.248 1.0 1.203 1.088 1.0 0.922 1.0 0.7 0.656 1.0 0.883 1.0 0.708 0.801 1.0 0.77 1.0 1.067 0.896 1.0 1.141 1.0 1.623 0.711 1.0 0.853 1.0 1.0 1.016 1.0 1.066 1.0 1.0 0.9 1.0 0.781 1.0 1.0 0.988 1.0 0.847 1.0 1.0 0.606 1.0 0.763 1.0 1.0 0.718 1.0 0.686 1.0 1.0 0.694 1.0 1.0 1.0 1.0 2.171 1.0 1.0 1.0 1.0 0.706 1.0 1.0 1.0 1.0 0.705 1.0 1.0 1.0 1.0 0.698 1.0 1.0 1.0 1.0 0.7 1.0 1.0 1.0 1.0 0.649 1.0 1.0 1.0 1.0 0.806 1.0 1.0 1.0 1.0 1.0 1.0 1.0 1.0 1.0 1.0 1.0 1.0 1.0 1.0 1.0 1.0 1.0 1.0 1.0 1.0 1.0 1.0 1.0 1.0 1.0 1.0 1.0 1.0 1.0 1.0 1.0 1.0 1.0 1.0 1.0 1.0 1.0 1.0 1.0 1.0 1.0 1.0 1.0 1.0 1.0 1.0 1.0 1.0 1.0 1.0 1.0 1.0 1.0 1.0 1.0 1.0 1.0 1.0 1.0 1.0 1.0 1.0 1.0 1.0 1.0 1.0 1.0 1.0 1.0 1.0 1.0 1.0 1.0 1.0 1.0 1.0 1.0 1.0 1.0 1.0 1.0 1.0 1.0 1.0 1.0 1.0 1.0 1.0 1.0 1.0 1.0 1.0 1.0 1.0 1.0 1.0 1.0 1.0 1.0 1.0 1.0 1.0 1.0 1.0 1.0 1.0 1.0 1.0 1.0 1.0 1.0 1.0 1.0 1.0 1.0 1.0 1.0 1.0 1.0 1.0 1.0 1.0 1.0 1.0 1.0 1.0 1.0 1.0 1.0 1.0 1.0 1.0 1.0 1.0 1.0 1.0 1.0 1.0 1.0 1.0 1.0 1.0 1.0 1.0 1.0 1.0 1.0 1.0 1.0 1.0 1.0 1.0 1.0 0.847 1.135 1.177 1.079 0.823 1.287 1.201 1.079 0.788 0.765 0.779 0.873 0.786 0.774 1.108 0.94 0.751 1.082 0.775 1.095 0.884 0.858 0.779 0.936 0.766 1.19 1.016 1.157 1.027 0.644 0.831 1.429 0.898 1.242 0.738 1.183 1.223 1.01 1.333 0.845 0.896 0.822 1.2 0.434 1.122 0.896 0.921 1.219 0.668 1.151 0.897 0.842 0.694 0.828 0.731 1.252 0.875 0.604 1.338 0.721 0.691 1.064 1.117 0.518 1.107 0.815 1.048 0.96 0.735 0.954 0.718 0.863 0.99 1.118 0.67 1.11 1.084 1.004 0.579 1.005 0.77 1.039 0.708 0.61 0.703 1.0 1.029 1.243 0.745 0.814 1.0 0.865 0.7 0.733 0.995 1.0 0.842 1.532 0.829 0.654 1.0 0.717 0.605 0.743 0.783 1.0 0.718 0.547 0.746 1.0 1.0 1.197 0.761 0.748 1.0 1.0 0.746 0.764 0.732 1.0 1.0 0.751 0.667 0.714 1.0 1.0 1.187 0.588 0.61 1.0 1.0 0.827 0.688 0.765 1.0 1.0 0.816 0.63 0.76 1.0 1.0 0.698 0.763 0.673 1.0 1.0 0.68 0.547 1.0 1.0 1.0 1.16 0.691 1.0 1.0 1.0 0.765 0.626 1.0 1.0 1.0 0.721 0.67 1.0 1.0 1.0 1.17 1.786 1.0 1.0 1.0 0.696 1.0 1.0 1.0 1.0 0.694 1.0 1.0 1.0 1.0 1.099 1.0 1.0 1.0 1.0 0.722 1.0 1.0 1.0 1.0 0.7 1.0 1.0 1.0 1.0 0.723 1.0 1.0 1.0 1.0 0.975 1.0 1.0 1.0 1.0 0.7 1.0 1.0 1.0 1.0 0.783 1.0 1.0 1.0 1.0 0.781 1.0 1.0 1.0 1.0 0.795 1.0 1.0 1.0 1.0 0.716 1.0 1.0 1.0 1.0 2.285 1.0 1.0 1.0 1.0 1.641 1.0 1.0 1.0 1.0 0.791 1.0 1.0 1.0 1.0 1.0 1.0 1.0 1.0 1.0 1.0 1.0 1.0 1.0 1.0 1.0 1.0 1.0 1.0 1.0 1.0 1.0 1.0 1.0 1.0 1.0 1.0 1.0 1.0 1.0 1.0 1.0 1.0 1.0 1.0 1.0 1.0 1.0 1.0 1.0 1.0 1.0 1.0 1.0 1.0 1.0 1.0 1.0 1.0 1.0 1.0 1.0 1.0 1.0 1.0 1.0 1.0 1.0 1.0 1.0 1.0 1.0 1.0 1.0 1.0 1.0 1.0 1.0 1.0 1.0 1.0 1.0 1.0 1.0 1.0 1.0 1.0 1.0 1.0 1.0 1.0 1.0 1.0 1.0 1.0 1.0 1.0 1.0 1.0 1.0 1.0 1.0 1.0 1.0 1.0 1.0 1.0 1.0 1.0 1.0 1.0 1.0 1.0 1.0 1.0 1.0 1.0 1.0 1.0 1.0 1.0 1.0 1.0 1.0 1.0 1.0 1.0 1.0 1.0 1.0 1.0 1.0 1.0 1.0 1.0 1.0 1.0 1.0 1.0 1.0 1.0 1.0 1.0 1.0 1.0 1.0 1.0 1.0 1.0 1.212 0.968 0.805 1.162 0.821 1.218 1.192 1.258 1.104 0.763 1.327 1.339 1.099 1.226 1.183 1.273 0.841 1.221 1.242 0.967 1.338 0.914 1.211 1.092 0.899 1.436 1.337 1.09 1.268 1.191 1.295 1.143 0.903 0.705 0.665 1.337 0.856 0.95 1.057 1.27 0.822 0.959 1.043 1.295 0.538 0.869 0.988 1.046 0.929 1.134 1.087 1.287 1.325 1.112 1.189 0.989 0.703 1.043 1.171 0.552 1.136 1.141 1.016 0.686 0.791 0.807 1.061 0.707 1.227 0.849 1.651 1.48 0.765 1.305 0.888 0.554 0.679 0.814 1.087 0.879 0.991 0.696 0.849 1.341 0.837 0.559 0.883 0.637 1.235 0.807 0.797 0.6 0.865 0.645 0.943 0.939 0.631 0.812 0.921 1.39 0.688 0.754 1.342 1.22 0.671 0.728 0.852 1.0 0.946 0.968 0.768 0.695 1.0 0.674 0.63 0.622 0.762 1.0 1.335 1.0 0.652 1.562 1.0 1.515 1.0 0.665 0.749 1.0 0.7 1.0 0.682 1.14 1.0 1.081 1.0 0.754 0.946 1.0 0.656 1.0 1.046 0.769 1.0 0.848 1.0 1.127 1.329 1.0 0.781 1.0 0.667 0.781 1.0 0.648 1.0 1.257 0.771 1.0 1.0 1.0 0.696 0.716 1.0 1.0 1.0 0.703 0.719 1.0 1.0 1.0 0.979 0.671 1.0 1.0 1.0 1.158 0.703 1.0 1.0 1.0 0.829 0.703 1.0 1.0 1.0 1.049 0.976 1.0 1.0 1.0 0.964 1.0 1.0 1.0 1.0 0.741 1.0 1.0 1.0 1.0 0.734 1.0 1.0 1.0 1.0 0.701 1.0 1.0 1.0 1.0 0.775 1.0 1.0 1.0 1.0 0.704 1.0 1.0 1.0 1.0 0.733 1.0 1.0 1.0 1.0 0.819 1.0 1.0 1.0 1.0 0.905 1.0 1.0 1.0 1.0 0.882 1.0 1.0 1.0 1.0 0.744 1.0 1.0 1.0 1.0 0.872 1.0 1.0 1.0 1.0 1.418 1.0 1.0 1.0 1.0 0.614 1.0 1.0 1.0 1.0 1.0 1.0 1.0 1.0 1.0 1.0 1.0 1.0 1.0 1.0 1.0 1.0 1.0 1.0 1.0 1.0 1.0 1.0 1.0 1.0 1.0 1.0 1.0 1.0 1.0 1.0 1.0 1.0 1.0 1.0 1.0 1.0 1.0 1.0 1.0 1.0 1.0 1.0 1.0 1.0 1.0 1.0 1.0 1.0 1.0 1.0 1.0 1.0 1.0 1.0 1.0 1.0 1.0 1.0 1.0 1.0 1.0 1.0 1.0 1.0 1.0 1.0 1.0 1.0 1.0 1.0 1.0 1.0 1.0 1.0 1.0 1.0 1.0 1.0 1.0 1.0 1.0 1.0 1.0 1.0 1.0 1.0 1.0 1.0 1.0 1.0 1.0 1.0 1.0 1.0 1.0 1.0 1.0 1.0 1.0 1.0 1.0 1.0 1.0 1.0 1.0 1.0 1.0 1.0 1.0 1.0 1.0 1.0 1.0 1.0 1.0 1.0 1.0 1.0 1.0 1.0 1.0 1.0 1.0 1.0 1.212 0.893 0.805 1.162 1.13 0.837 1.19 1.199 0.807 0.756 1.253 0.835 1.1 0.793 1.144 0.827 0.834 1.306 0.942 1.285 0.957 1.26 0.767 1.273 0.895 0.97 0.958 1.251 0.704 1.334 1.269 1.287 1.23 1.295 0.732 0.615 1.213 1.299 1.297 1.419 1.296 1.24 1.308 1.211 1.335 1.333 1.21 0.717 1.301 1.3 1.27 1.234 0.912 1.297 1.308 1.23 1.302 1.229 1.33 1.446 1.127 1.228 0.83 1.104 1.298 1.297 1.298 1.293 1.329 0.86 1.28 1.346 1.313 1.31 1.303 0.864 1.3 1.259 1.251 0.77 1.356 0.65 1.298 0.834 1.307 1.248 1.3 0.732 1.3 0.965 0.671 1.242 1.314 0.927 1.285 1.26 1.189 1.191 0.819 1.296 1.369 0.759 1.38 1.263 1.302 0.787 1.127 1.156 0.844 0.822 1.328 1.43 1.255 0.951 1.299 1.189 1.04 1.213 1.256 0.841 1.185 1.076 0.759 1.312 0.803 1.101 1.245 1.03 0.979 0.935 1.395 1.027 0.998 1.173 1.43 1.144 1.097 1.122 1.177 1.182 0.726 1.33 0.845 0.655 0.719 0.633 1.0 0.848 0.612 1.0 0.683 1.0 0.782 1.0 1.0 0.731 1.0 0.833 1.0 1.0 0.768 1.0 1.308 1.0 1.0 0.945 1.0 1.323 1.0 1.0 1.978 1.0 1.341 1.0 1.0 0.74 1.0 0.876 1.0 1.0 1.851 1.0 0.769 1.0 1.0 0.791 1.0 0.758 1.0 1.0 0.889 1.0 0.753 1.0 1.0 0.743 1.0 0.748 1.0 1.0 1.0 1.0 0.627 1.0 1.0 1.0 1.0 1.443 1.0 1.0 1.0 1.0 1.239 1.0 1.0 1.0 1.0 1.092 1.0 1.0 1.0 1.0 1.0 1.0 1.0 1.0 1.0 0.969 1.0 1.0 1.0 1.0 0.916 1.0 1.0 1.0 1.0 0.95 1.0 1.0 1.0 1.0 1.387 1.0 1.0 1.0 1.0 1.373 1.0 1.0 1.0 1.0 0.815 1.0 1.0 1.0 1.0 0.744 1.0 1.0 1.0 1.0 0.687 1.0 1.0 1.0 1.0 1.024 1.0 1.0 1.0 1.0 0.926 1.0 1.0 1.0 1.0 0.922 1.0 1.0 1.0 1.0 0.977 1.0 1.0 1.0 1.0 0.973 1.0 1.0 1.0 1.0 0.614 1.0 1.0 1.0 1.0 0.879 1.0 1.0 1.0 1.0 0.973 1.0 1.0 1.0 1.0 1.407 1.0 1.0 1.0 1.0 0.624 1.0 1.0 1.0 1.0 0.657 1.0 1.0 1.0 1.0 0.69 1.0 1.0 1.0 1.0 0.682 1.0 1.0 1.0 1.0 0.955 1.0 1.0 1.0 1.0 0.645 1.0 1.0 1.0 1.0 1.024 1.0 1.0 1.0 1.0 0.761 1.0 1.0 1.0 1.0 1.317 1.0 1.0 1.0 1.0 0.64 1.0 1.0 1.0 1.0 0.791 1.0 1.0 1.0 1.0 0.698 1.0 1.0 1.0 1.0 0.678 1.0 1.0 1.0 1.0 0.706 1.0 1.0 1.145 1.214 0.833 1.114 1.096 1.292 1.185 1.201 0.768 1.162 0.841 0.858 1.119 0.754 1.297 1.259 1.245 1.277 0.855 0.749 0.87 1.056 0.715 0.946 0.894 1.276 1.276 0.853 1.26 0.876 0.923 0.812 0.86 1.296 0.953 0.97 1.121 1.095 1.3 1.301 1.023 1.221 1.308 1.314 0.846 1.296 1.363 1.25 1.256 1.374 1.309 0.855 1.239 0.623 1.092 0.784 1.062 1.363 1.003 1.387 1.305 1.071 0.671 1.641 0.748 1.117 1.262 1.447 1.456 0.977 0.898 1.481 1.111 1.024 1.452 1.093 1.285 1.062 1.597 1.088 1.148 1.419 1.304 0.61 0.879 1.056 1.0 1.492 1.443 1.301 0.801 1.0 0.908 1.349 0.775 0.845 1.0 0.812 0.85 0.78 0.693 1.0 0.825 0.662 1.333 1.142 1.0 0.668 1.132 0.818 1.174 1.0 0.755 1.682 1.042 1.102 1.0 0.951 0.738 0.998 1.269 1.0 0.861 0.724 1.25 0.723 1.0 0.889 0.737 0.66 1.023 1.0 0.924 1.114 0.675 0.958 1.0 0.646 0.912 0.684 1.017 1.0 0.701 0.914 0.86 1.014 1.0 0.718 0.736 0.91 1.006 1.0 0.789 0.917 0.624 0.844 1.0 0.829 1.164 1.0 0.953 1.0 0.672 1.106 1.0 1.064 1.0 0.737 0.977 1.0 0.773 1.0 0.727 0.814 1.0 0.897 1.0 1.0 1.073 1.0 0.829 1.0 1.0 0.957 1.0 0.703 1.0 1.0 1.025 1.0 0.707 1.0 1.0 1.206 1.0 0.686 1.0 1.0 1.229 1.0 0.657 1.0 1.0 0.751 1.0 0.676 1.0 1.0 0.764 1.0 0.623 1.0 1.0 0.743 1.0 0.699 1.0 1.0 0.732 1.0 1.0 1.0 1.0 0.681 1.0 1.0 1.0 1.0 0.755 1.0 1.0 1.0 1.0 0.691 1.0 1.0 1.0 1.0 1.0 1.0 1.0 1.0 1.0 1.0 1.0 1.0 1.0 1.0 1.0 1.0 1.0 1.0 1.0 1.0 1.0 1.0 1.0 1.0 1.0 1.0 1.0 1.0 1.0 1.0 1.0 1.0 1.0 1.0 1.0 1.0 1.0 1.0 1.0 1.0 1.0 1.0 1.0 1.0 1.0 1.0 1.0 1.0 1.0 1.0 1.0 1.0 1.0 1.0 1.0 1.0 1.0 1.0 1.0 1.0 1.0 1.0 1.0 1.0 1.0 1.0 1.0 1.0 1.0 1.0 1.0 1.0 1.0 1.0 1.0 1.0 1.0 1.0 1.0 1.0 1.0 1.0 1.0 1.0 1.0 1.0 1.0 1.0 1.0 1.0 1.0 1.0 1.0 1.0 1.0 1.0 1.0 1.0 1.0 1.0 1.0 1.0 1.0 1.0 1.0 1.0 1.0 1.0 1.0 1.0 1.0 1.0 1.0 1.0 1.0 1.0 1.0 1.0 1.0 1.0 1.0 1.0 1.0 1.0 1.0 1.0 1.0 1.0 1.0 1.0 1.0 1.0 1.0 1.0 1.0 1.0 1.0 1.0 1.0 1.0 1.0 1.0 1.0 1.0 1.0 1.0 0.868 0.968 1.154 0.849 1.096 0.908 1.288 1.25 0.808 1.13 1.212 1.304 0.768 0.995 1.316 0.827 0.836 0.733 0.688 0.759 1.31 1.295 1.312 1.242 1.114 0.833 0.827 0.748 0.483 0.784 1.026 0.858 1.307 0.799 0.846 0.95 0.876 1.014 0.807 0.969 0.834 0.776 0.886 1.386 0.77 1.036 0.906 1.191 0.835 1.21 0.776 0.928 0.924 0.86 1.301 0.767 1.083 1.02 0.821 0.783 1.122 0.694 1.196 1.0 1.128 0.801 1.09 1.112 1.0 1.242 0.944 0.753 1.203 1.0 0.726 0.641 0.983 1.178 1.0 1.162 0.848 1.237 1.039 1.0 1.055 0.979 0.642 1.004 1.0 0.766 0.772 1.057 0.861 1.0 0.718 1.062 0.969 0.78 1.0 0.744 1.032 0.978 1.27 1.0 0.726 1.092 1.076 1.109 1.0 0.718 0.752 1.19 0.741 1.0 0.756 0.917 1.112 0.74 1.0 1.606 1.014 0.576 1.107 1.0 0.914 1.053 1.096 0.749 1.0 0.721 0.695 0.926 1.171 1.0 0.73 0.735 0.568 0.752 1.0 1.0 0.672 0.823 1.102 1.0 1.0 0.848 1.471 1.315 1.0 1.0 0.963 0.976 1.318 1.0 1.0 1.112 0.711 0.715 1.0 1.0 0.652 0.901 0.749 1.0 1.0 0.657 0.879 1.216 1.0 1.0 1.0 0.68 1.225 1.0 1.0 1.0 1.13 1.173 1.0 1.0 1.0 0.681 0.744 1.0 1.0 1.0 0.703 1.186 1.0 1.0 1.0 0.697 0.852 1.0 1.0 1.0 0.693 0.859 1.0 1.0 1.0 0.762 1.076 1.0 1.0 1.0 0.71 0.697 1.0 1.0 1.0 0.689 0.711 1.0 1.0 1.0 0.956 0.691 1.0 1.0 1.0 0.821 0.68 1.0 1.0 1.0 0.705 0.696 1.0 1.0 1.0 1.099 0.648 1.0 1.0 1.0 0.896 0.591 1.0 1.0 1.0 1.024 0.627 1.0 1.0 1.0 0.673 1.0 1.0 1.0 1.0 0.606 1.0 1.0 1.0 1.0 0.655 1.0 1.0 1.0 1.0 0.706 1.0 1.0 1.0 1.0 0.66 1.0 1.0 1.0 1.0 0.671 1.0 1.0 1.0 1.0 0.7 1.0 1.0 1.0 1.0 0.708 1.0 1.0 1.0 1.0 0.708 1.0 1.0 1.0 1.0 0.695 1.0 1.0 1.0 1.0 0.671 1.0 1.0 1.0 1.0 1.0 1.0 1.0 1.0 1.0 1.0 1.0 1.0 1.0 1.0 1.0 1.0 1.0 1.0 1.0 1.0 1.0 1.0 1.0 1.0 1.0 1.0 1.0 1.0 1.0 1.0 1.0 1.0 1.0 1.0 1.0 1.0 1.0 1.0 1.0 1.0 1.0 1.0 1.0 1.0 1.0 1.0 1.0 1.0 1.0 1.0 1.0 1.0 1.0 1.0 1.0 1.0 1.0 1.0 1.0 1.0 1.0 1.0 1.0 1.0 1.0 1.0 1.0 1.0 1.0 1.0 1.0 1.0 1.0 1.0 1.0 1.0 1.0 1.0 1.0 1.0 1.0 1.0 1.0 1.212 1.214 1.079 1.162 0.821 1.207 1.302 1.227 1.239 1.212 1.331 0.851 0.77 1.285 1.206 0.818 0.845 1.12 0.726 0.837 0.844 1.179 1.247 1.042 1.145 0.818 1.138 0.965 1.172 0.801 1.285 0.476 1.052 0.748 1.253 1.036 1.156 0.768 0.927 1.07 1.158 1.259 1.321 1.166 1.145 0.927 1.304 1.324 1.27 0.887 0.798 1.121 1.224 1.188 1.324 1.048 0.637 1.123 0.917 1.202 1.276 1.347 1.38 1.339 1.025 1.283 0.453 1.419 1.141 1.327 1.079 1.53 0.694 0.928 0.916 1.276 1.238 0.7 1.412 0.896 1.028 0.985 1.25 1.335 1.0 1.38 0.61 1.268 1.476 1.0 1.496 1.306 1.302 0.657 1.0 0.728 1.351 1.31 1.369 1.0 1.141 0.608 1.381 0.658 1.0 1.192 1.304 1.13 1.206 1.0 0.811 1.286 0.962 0.958 1.0 1.127 1.518 1.43 0.712 1.0 1.188 1.539 0.914 1.048 1.0 1.316 1.006 0.751 1.005 1.0 1.279 1.562 1.079 1.036 1.0 1.206 0.892 0.779 0.745 1.0 1.01 1.645 1.109 0.906 1.0 1.096 0.541 1.032 0.639 1.0 1.016 0.826 1.051 0.889 1.0 0.693 1.216 0.751 0.956 1.0 0.7 1.3 0.999 0.756 1.0 0.695 0.852 0.772 1.0 1.0 0.705 0.59 0.884 1.0 1.0 0.703 0.682 1.0 1.0 1.0 0.668 0.634 1.0 1.0 1.0 0.625 0.685 1.0 1.0 1.0 1.036 0.698 1.0 1.0 1.0 0.733 0.69 1.0 1.0 1.0 1.194 0.699 1.0 1.0 1.0 1.208 1.0 1.0 1.0 1.0 0.979 1.0 1.0 1.0 1.0 1.155 1.0 1.0 1.0 1.0 0.771 1.0 1.0 1.0 1.0 0.886 1.0 1.0 1.0 1.0 1.087 1.0 1.0 1.0 1.0 0.74 1.0 1.0 1.0 1.0 0.837 1.0 1.0 1.0 1.0 1.0 1.0 1.0 1.0 1.0 1.0 1.0 1.0 1.0 1.0 1.0 1.0 1.0 1.0 1.0 1.0 1.0 1.0 1.0 1.0 1.0 1.0 1.0 1.0 1.0 1.0 1.0 1.0 1.0 1.0 1.0 1.0 1.0 1.0 1.0 1.0 1.0 1.0 1.0 1.0 1.0 1.0 1.0 1.0 1.0 1.0 1.0 1.0 1.0 1.0 1.0 1.0 1.0 1.0 1.0 1.0 1.0 1.0 1.0 1.0 1.0 1.0 1.0 1.0 1.0 1.0 1.0 1.0 1.0 1.0 1.0 1.0 1.0 1.0 1.0 1.0 1.0 1.0 1.0 1.0 1.0 1.0 1.0 1.0 1.0 1.0 1.0 1.0 1.0 1.0 1.0 1.0 1.0 1.0 1.0 1.0 1.0 1.0 1.0 1.0 1.0 1.0 1.0 1.0 1.0 1.0 1.0 1.0 1.0 1.0 1.0 1.0 1.0 1.0 1.0 1.0 1.0 1.0 1.0 1.0 1.0 1.0 1.0 1.0 1.0 1.0 1.0 1.0 1.0 1.0 1.0 1.0 1.0 1.0 1.0 0.868 0.893 1.154 1.162 0.821 1.292 1.197 1.252 0.773 1.227 0.757 0.741 1.104 1.132 1.21 0.918 0.736 1.274 0.769 1.141 0.916 1.333 1.268 0.834 0.861 0.932 0.794 0.72 1.022 1.101 0.935 0.995 1.278 1.047 0.919 1.171 0.898 0.712 1.26 1.194 0.884 1.025 0.827 1.363 1.118 0.731 0.861 1.132 1.372 1.217 1.332 0.975 1.172 1.339 1.086 1.029 0.976 0.832 1.424 0.55 0.61 1.163 0.893 1.521 1.236 1.334 0.931 0.891 0.858 1.454 0.836 1.27 1.015 0.972 0.621 1.304 1.296 0.942 1.0 1.19 0.897 1.231 1.338 1.0 1.3 0.899 1.167 0.847 1.0 1.294 1.169 1.298 1.254 1.0 1.499 0.945 0.949 0.96 1.0 0.747 1.009 0.605 1.312 1.0 0.817 0.934 0.621 1.163 1.0 0.836 1.169 0.785 0.669 1.0 0.814 1.439 0.899 0.985 1.0 2.031 1.019 0.912 0.978 1.0 1.0 0.843 1.322 1.04 1.0 0.739 1.481 0.898 1.117 1.0 2.123 0.806 0.99 1.028 1.0 0.893 1.089 1.078 0.828 1.0 0.659 0.908 0.684 0.706 1.0 0.741 0.838 0.765 0.755 1.0 0.784 0.982 1.519 0.831 1.0 0.647 1.0 0.81 1.037 1.0 0.707 1.0 0.893 0.832 1.0 0.699 1.0 0.741 0.896 1.0 0.681 1.0 0.902 0.699 1.0 0.705 1.0 0.868 0.795 1.0 0.757 1.0 0.823 0.703 1.0 0.682 1.0 0.687 1.29 1.0 2.339 1.0 1.0 0.714 1.0 0.641 1.0 1.0 0.71 1.0 0.64 1.0 1.0 0.99 1.0 1.0 1.0 1.0 0.757 1.0 1.0 1.0 1.0 0.748 1.0 1.0 1.0 1.0 1.868 1.0 1.0 1.0 1.0 1.0 1.0 1.0 1.0 1.0 1.0 1.0 1.0 1.0 1.0 1.0 1.0 1.0 1.0 1.0 1.0 1.0 1.0 1.0 1.0 1.0 1.0 1.0 1.0 1.0 1.0 1.0 1.0 1.0 1.0 1.0 1.0 1.0 1.0 1.0 1.0 1.0 1.0 1.0 1.0 1.0 1.0 1.0 1.0 1.0 1.0 1.0 1.0 1.0 1.0 1.0 1.0 1.0 1.0 1.0 1.0 1.0 1.0 1.0 1.0 1.0 1.0 1.0 1.0 1.0 1.0 1.0 1.0 1.0 1.0 1.0 1.0 1.0 1.0 1.0 1.0 1.0 1.0 1.0 1.0 1.0 1.0 1.0 1.0 1.0 1.0 1.0 1.0 1.0 1.0 1.0 1.0 1.0 1.0 1.0 1.0 1.0 1.0 1.0 1.0 1.0 1.0 1.0 1.0 1.0 1.0 1.0 1.0 1.0 1.0 1.0 1.0 1.0 1.0 1.0 1.0 1.0 1.0 1.0 1.0 1.0 1.0 1.0 1.0 1.0 1.0 1.0 1.0 1.0 1.0 1.0 1.0 1.0 1.0 1.0 1.0 1.0 1.0 1.0 1.0 1.0 1.0 1.0 1.0 1.0 1.0 1.0 1.0 1.0 1.0 1.0 1.0 1.0,2.339304,1.339304,0.43378517,0.3,0.776474118232727,0.0003,5,5.151686
93,0.27651792764663696,0.9919549,0.94 0.966 0.831 1.081 0.82 1.197 1.28 1.255 0.771 0.763 0.879 1.309 1.099 1.226 0.869 1.313 0.71 0.681 1.093 0.798 0.8 0.932 1.071 1.225 1.042 0.799 0.704 1.31 0.919 0.981 0.868 0.715 0.981 0.827 1.05 0.945 1.136 1.264 1.258 1.171 1.059 0.958 0.873 0.608 0.712 0.876 0.74 1.138 1.262 1.147 1.238 0.744 1.166 1.269 1.006 1.136 0.851 1.176 1.235 1.132 1.046 1.193 0.858 1.301 1.0 1.181 1.025 0.73 0.645 1.0 1.111 1.005 1.131 1.247 1.0 1.377 1.442 0.997 1.1 1.0 1.132 1.036 1.367 0.959 1.0 1.02 0.977 0.958 0.641 1.0 0.985 0.657 0.976 1.076 1.0 0.931 0.935 0.896 0.711 1.0 1.355 0.653 0.743 1.157 1.0 0.861 0.808 1.0 0.723 1.0 0.811 0.799 1.0 0.783 1.0 0.785 1.152 1.0 0.806 1.0 0.756 1.198 1.0 0.839 1.0 0.948 1.219 1.0 0.711 1.0 0.789 1.002 1.0 0.626 1.0 0.889 0.669 1.0 1.252 1.0 1.203 1.088 1.0 0.917 1.0 0.701 0.657 1.0 0.883 1.0 0.709 0.796 1.0 0.77 1.0 1.067 0.894 1.0 1.143 1.0 1.615 0.707 1.0 0.853 1.0 1.0 1.019 1.0 1.066 1.0 1.0 0.897 1.0 0.78 1.0 1.0 0.991 1.0 0.842 1.0 1.0 0.606 1.0 0.761 1.0 1.0 0.72 1.0 0.685 1.0 1.0 0.694 1.0 1.0 1.0 1.0 2.164 1.0 1.0 1.0 1.0 0.706 1.0 1.0 1.0 1.0 0.705 1.0 1.0 1.0 1.0 0.698 1.0 1.0 1.0 1.0 0.7 1.0 1.0 1.0 1.0 0.648 1.0 1.0 1.0 1.0 0.805 1.0 1.0 1.0 1.0 1.0 1.0 1.0 1.0 1.0 1.0 1.0 1.0 1.0 1.0 1.0 1.0 1.0 1.0 1.0 1.0 1.0 1.0 1.0 1.0 1.0 1.0 1.0 1.0 1.0 1.0 1.0 1.0 1.0 1.0 1.0 1.0 1.0 1.0 1.0 1.0 1.0 1.0 1.0 1.0 1.0 1.0 1.0 1.0 1.0 1.0 1.0 1.0 1.0 1.0 1.0 1.0 1.0 1.0 1.0 1.0 1.0 1.0 1.0 1.0 1.0 1.0 1.0 1.0 1.0 1.0 1.0 1.0 1.0 1.0 1.0 1.0 1.0 1.0 1.0 1.0 1.0 1.0 1.0 1.0 1.0 1.0 1.0 1.0 1.0 1.0 1.0 1.0 1.0 1.0 1.0 1.0 1.0 1.0 1.0 1.0 1.0 1.0 1.0 1.0 1.0 1.0 1.0 1.0 1.0 1.0 1.0 1.0 1.0 1.0 1.0 1.0 1.0 1.0 1.0 1.0 1.0 1.0 1.0 1.0 1.0 1.0 1.0 1.0 1.0 1.0 1.0 1.0 1.0 1.0 1.0 1.0 1.0 1.0 1.0 1.0 1.0 1.0 1.0 1.0 1.0 1.0 1.0 1.0 1.0 1.0 1.0 1.0 1.0 0.844 1.139 1.178 1.081 0.82 1.287 1.208 1.083 0.787 0.762 0.776 0.869 0.783 0.773 1.108 0.939 0.75 1.087 0.774 1.097 0.883 0.857 0.776 0.936 0.768 1.188 1.018 1.157 1.027 0.645 0.834 1.43 0.896 1.243 0.739 1.18 1.222 1.009 1.336 0.847 0.898 0.823 1.2 0.432 1.121 0.902 0.92 1.219 0.669 1.15 0.899 0.845 0.695 0.828 0.731 1.251 0.88 0.602 1.339 0.721 0.683 1.063 1.116 0.517 1.107 0.811 1.045 0.955 0.739 0.949 0.713 0.862 0.989 1.114 0.67 1.11 1.081 1.003 0.579 1.0 0.765 1.036 0.707 0.611 0.704 1.0 1.023 1.243 0.741 0.817 1.0 0.864 0.7 0.735 0.992 1.0 0.84 1.534 0.824 0.65 1.0 0.715 0.604 0.745 0.785 1.0 0.715 0.542 0.74 1.0 1.0 1.196 0.76 0.746 1.0 1.0 0.743 0.761 0.73 1.0 1.0 0.733 0.665 0.709 1.0 1.0 1.19 0.586 0.608 1.0 1.0 0.807 0.688 0.757 1.0 1.0 0.821 0.627 0.756 1.0 1.0 0.702 0.756 0.671 1.0 1.0 0.682 0.544 1.0 1.0 1.0 1.155 0.691 1.0 1.0 1.0 0.763 0.626 1.0 1.0 1.0 0.719 0.669 1.0 1.0 1.0 1.172 1.783 1.0 1.0 1.0 0.694 1.0 1.0 1.0 1.0 0.692 1.0 1.0 1.0 1.0 1.101 1.0 1.0 1.0 1.0 0.721 1.0 1.0 1.0 1.0 0.701 1.0 1.0 1.0 1.0 0.72 1.0 1.0 1.0 1.0 0.975 1.0 1.0 1.0 1.0 0.7 1.0 1.0 1.0 1.0 0.781 1.0 1.0 1.0 1.0 0.779 1.0 1.0 1.0 1.0 0.79 1.0 1.0 1.0 1.0 0.716 1.0 1.0 1.0 1.0 2.288 1.0 1.0 1.0 1.0 1.639 1.0 1.0 1.0 1.0 0.792 1.0 1.0 1.0 1.0 1.0 1.0 1.0 1.0 1.0 1.0 1.0 1.0 1.0 1.0 1.0 1.0 1.0 1.0 1.0 1.0 1.0 1.0 1.0 1.0 1.0 1.0 1.0 1.0 1.0 1.0 1.0 1.0 1.0 1.0 1.0 1.0 1.0 1.0 1.0 1.0 1.0 1.0 1.0 1.0 1.0 1.0 1.0 1.0 1.0 1.0 1.0 1.0 1.0 1.0 1.0 1.0 1.0 1.0 1.0 1.0 1.0 1.0 1.0 1.0 1.0 1.0 1.0 1.0 1.0 1.0 1.0 1.0 1.0 1.0 1.0 1.0 1.0 1.0 1.0 1.0 1.0 1.0 1.0 1.0 1.0 1.0 1.0 1.0 1.0 1.0 1.0 1.0 1.0 1.0 1.0 1.0 1.0 1.0 1.0 1.0 1.0 1.0 1.0 1.0 1.0 1.0 1.0 1.0 1.0 1.0 1.0 1.0 1.0 1.0 1.0 1.0 1.0 1.0 1.0 1.0 1.0 1.0 1.0 1.0 1.0 1.0 1.0 1.0 1.0 1.0 1.0 1.0 1.0 1.0 1.0 1.0 1.0 1.0 1.212 0.966 0.803 1.164 0.82 1.225 1.199 1.26 1.107 0.761 1.326 1.338 1.103 1.228 1.182 1.28 0.839 1.219 1.244 0.968 1.337 0.911 1.21 1.096 0.898 1.443 1.344 1.095 1.27 1.193 1.295 1.145 0.901 0.703 0.665 1.342 0.854 0.948 1.061 1.273 0.819 0.959 1.04 1.296 0.539 0.867 0.989 1.045 0.928 1.134 1.091 1.286 1.326 1.111 1.19 0.994 0.706 1.042 1.171 0.552 1.14 1.138 1.013 0.687 0.793 0.804 1.058 0.707 1.226 0.847 1.659 1.482 0.763 1.307 0.891 0.55 0.67 0.818 1.086 0.882 0.987 0.687 0.848 1.343 0.833 0.556 0.881 0.634 1.232 0.801 0.796 0.601 0.863 0.646 0.941 0.935 0.632 0.815 0.923 1.39 0.686 0.758 1.337 1.218 0.67 0.725 0.851 1.0 0.946 0.966 0.769 0.697 1.0 0.676 0.63 0.619 0.763 1.0 1.335 1.0 0.649 1.567 1.0 1.512 1.0 0.663 0.749 1.0 0.699 1.0 0.68 1.134 1.0 1.08 1.0 0.752 0.945 1.0 0.655 1.0 1.047 0.767 1.0 0.846 1.0 1.127 1.33 1.0 0.781 1.0 0.667 0.78 1.0 0.649 1.0 1.26 0.771 1.0 1.0 1.0 0.696 0.715 1.0 1.0 1.0 0.704 0.719 1.0 1.0 1.0 0.975 0.671 1.0 1.0 1.0 1.159 0.702 1.0 1.0 1.0 0.829 0.703 1.0 1.0 1.0 1.049 0.974 1.0 1.0 1.0 0.965 1.0 1.0 1.0 1.0 0.743 1.0 1.0 1.0 1.0 0.73 1.0 1.0 1.0 1.0 0.697 1.0 1.0 1.0 1.0 0.772 1.0 1.0 1.0 1.0 0.702 1.0 1.0 1.0 1.0 0.721 1.0 1.0 1.0 1.0 0.806 1.0 1.0 1.0 1.0 0.887 1.0 1.0 1.0 1.0 0.879 1.0 1.0 1.0 1.0 0.743 1.0 1.0 1.0 1.0 0.878 1.0 1.0 1.0 1.0 1.403 1.0 1.0 1.0 1.0 0.615 1.0 1.0 1.0 1.0 1.0 1.0 1.0 1.0 1.0 1.0 1.0 1.0 1.0 1.0 1.0 1.0 1.0 1.0 1.0 1.0 1.0 1.0 1.0 1.0 1.0 1.0 1.0 1.0 1.0 1.0 1.0 1.0 1.0 1.0 1.0 1.0 1.0 1.0 1.0 1.0 1.0 1.0 1.0 1.0 1.0 1.0 1.0 1.0 1.0 1.0 1.0 1.0 1.0 1.0 1.0 1.0 1.0 1.0 1.0 1.0 1.0 1.0 1.0 1.0 1.0 1.0 1.0 1.0 1.0 1.0 1.0 1.0 1.0 1.0 1.0 1.0 1.0 1.0 1.0 1.0 1.0 1.0 1.0 1.0 1.0 1.0 1.0 1.0 1.0 1.0 1.0 1.0 1.0 1.0 1.0 1.0 1.0 1.0 1.0 1.0 1.0 1.0 1.0 1.0 1.0 1.0 1.0 1.0 1.0 1.0 1.0 1.0 1.0 1.0 1.0 1.0 1.0 1.0 1.0 1.0 1.0 1.0 1.0 1.0 1.212 0.891 0.803 1.164 1.131 0.837 1.196 1.198 0.804 0.754 1.26 0.833 1.104 0.79 1.149 0.828 0.832 1.309 0.943 1.286 0.959 1.262 0.764 1.273 0.897 0.969 0.958 1.254 0.704 1.334 1.273 1.289 1.232 1.297 0.733 0.615 1.213 1.301 1.299 1.42 1.298 1.249 1.31 1.21 1.337 1.344 1.219 0.716 1.303 1.301 1.27 1.237 0.913 1.297 1.308 1.225 1.302 1.232 1.33 1.448 1.123 1.233 0.831 1.101 1.298 1.297 1.298 1.294 1.33 0.858 1.281 1.344 1.314 1.311 1.303 0.864 1.301 1.261 1.25 0.772 1.357 0.651 1.298 0.834 1.308 1.245 1.298 0.732 1.298 0.973 0.672 1.241 1.315 0.934 1.286 1.265 1.19 1.191 0.822 1.297 1.369 0.76 1.382 1.265 1.303 0.786 1.126 1.157 0.847 0.826 1.327 1.431 1.258 0.956 1.302 1.19 1.045 1.215 1.254 0.841 1.187 1.082 0.754 1.311 0.803 1.104 1.243 1.034 0.985 0.941 1.391 1.035 1.001 1.175 1.43 1.145 1.105 1.121 1.18 1.177 0.725 1.327 0.844 0.655 0.719 0.632 1.0 0.848 0.612 1.0 0.682 1.0 0.783 1.0 1.0 0.731 1.0 0.832 1.0 1.0 0.768 1.0 1.312 1.0 1.0 0.945 1.0 1.326 1.0 1.0 1.966 1.0 1.336 1.0 1.0 0.742 1.0 0.876 1.0 1.0 1.834 1.0 0.769 1.0 1.0 0.793 1.0 0.758 1.0 1.0 0.892 1.0 0.752 1.0 1.0 0.742 1.0 0.747 1.0 1.0 1.0 1.0 0.629 1.0 1.0 1.0 1.0 1.441 1.0 1.0 1.0 1.0 1.234 1.0 1.0 1.0 1.0 1.089 1.0 1.0 1.0 1.0 0.998 1.0 1.0 1.0 1.0 0.967 1.0 1.0 1.0 1.0 0.917 1.0 1.0 1.0 1.0 0.944 1.0 1.0 1.0 1.0 1.389 1.0 1.0 1.0 1.0 1.376 1.0 1.0 1.0 1.0 0.812 1.0 1.0 1.0 1.0 0.742 1.0 1.0 1.0 1.0 0.688 1.0 1.0 1.0 1.0 1.021 1.0 1.0 1.0 1.0 0.926 1.0 1.0 1.0 1.0 0.919 1.0 1.0 1.0 1.0 0.972 1.0 1.0 1.0 1.0 0.968 1.0 1.0 1.0 1.0 0.617 1.0 1.0 1.0 1.0 0.879 1.0 1.0 1.0 1.0 0.968 1.0 1.0 1.0 1.0 1.409 1.0 1.0 1.0 1.0 0.627 1.0 1.0 1.0 1.0 0.657 1.0 1.0 1.0 1.0 0.692 1.0 1.0 1.0 1.0 0.682 1.0 1.0 1.0 1.0 0.953 1.0 1.0 1.0 1.0 0.647 1.0 1.0 1.0 1.0 1.02 1.0 1.0 1.0 1.0 0.764 1.0 1.0 1.0 1.0 1.317 1.0 1.0 1.0 1.0 0.643 1.0 1.0 1.0 1.0 0.79 1.0 1.0 1.0 1.0 0.698 1.0 1.0 1.0 1.0 0.678 1.0 1.0 1.0 1.0 0.705 1.0 1.0 1.149 1.213 0.831 1.113 1.098 1.292 1.191 1.2 0.767 1.163 0.841 0.856 1.123 0.753 1.298 1.266 1.246 1.279 0.855 0.746 0.87 1.057 0.713 0.947 0.893 1.278 1.275 0.853 1.263 0.879 0.923 0.815 0.86 1.297 0.952 0.972 1.122 1.096 1.301 1.302 1.027 1.218 1.31 1.313 0.849 1.293 1.364 1.251 1.26 1.374 1.306 0.86 1.239 0.623 1.09 0.776 1.061 1.368 0.994 1.385 1.303 1.068 0.673 1.646 0.749 1.125 1.262 1.451 1.459 0.976 0.896 1.483 1.117 1.026 1.451 1.099 1.287 1.067 1.598 1.087 1.145 1.42 1.304 0.611 0.878 1.056 1.0 1.49 1.444 1.3 0.799 1.0 0.907 1.352 0.777 0.845 1.0 0.81 0.852 0.782 0.69 1.0 0.827 0.662 1.337 1.14 1.0 0.668 1.133 0.82 1.174 1.0 0.753 1.684 1.038 1.102 1.0 0.948 0.739 0.993 1.279 1.0 0.86 0.724 1.252 0.719 1.0 0.888 0.739 0.659 1.019 1.0 0.925 1.113 0.674 0.955 1.0 0.642 0.908 0.683 1.016 1.0 0.701 0.91 0.857 1.014 1.0 0.716 0.737 0.91 1.003 1.0 0.787 0.913 0.623 0.843 1.0 0.827 1.164 1.0 0.95 1.0 0.672 1.106 1.0 1.067 1.0 0.736 0.978 1.0 0.771 1.0 0.724 0.815 1.0 0.899 1.0 1.0 1.072 1.0 0.83 1.0 1.0 0.957 1.0 0.702 1.0 1.0 1.028 1.0 0.706 1.0 1.0 1.195 1.0 0.681 1.0 1.0 1.222 1.0 0.656 1.0 1.0 0.752 1.0 0.676 1.0 1.0 0.767 1.0 0.62 1.0 1.0 0.745 1.0 0.699 1.0 1.0 0.729 1.0 1.0 1.0 1.0 0.677 1.0 1.0 1.0 1.0 0.754 1.0 1.0 1.0 1.0 0.693 1.0 1.0 1.0 1.0 1.0 1.0 1.0 1.0 1.0 1.0 1.0 1.0 1.0 1.0 1.0 1.0 1.0 1.0 1.0 1.0 1.0 1.0 1.0 1.0 1.0 1.0 1.0 1.0 1.0 1.0 1.0 1.0 1.0 1.0 1.0 1.0 1.0 1.0 1.0 1.0 1.0 1.0 1.0 1.0 1.0 1.0 1.0 1.0 1.0 1.0 1.0 1.0 1.0 1.0 1.0 1.0 1.0 1.0 1.0 1.0 1.0 1.0 1.0 1.0 1.0 1.0 1.0 1.0 1.0 1.0 1.0 1.0 1.0 1.0 1.0 1.0 1.0 1.0 1.0 1.0 1.0 1.0 1.0 1.0 1.0 1.0 1.0 1.0 1.0 1.0 1.0 1.0 1.0 1.0 1.0 1.0 1.0 1.0 1.0 1.0 1.0 1.0 1.0 1.0 1.0 1.0 1.0 1.0 1.0 1.0 1.0 1.0 1.0 1.0 1.0 1.0 1.0 1.0 1.0 1.0 1.0 1.0 1.0 1.0 1.0 1.0 1.0 1.0 1.0 1.0 1.0 1.0 1.0 1.0 1.0 1.0 1.0 1.0 1.0 1.0 1.0 1.0 1.0 1.0 1.0 1.0 0.868 0.966 1.154 0.847 1.098 0.906 1.287 1.252 0.805 1.131 1.218 1.302 0.765 0.994 1.317 0.828 0.835 0.732 0.688 0.755 1.307 1.291 1.314 1.243 1.115 0.834 0.827 0.747 0.483 0.782 1.027 0.855 1.308 0.793 0.847 0.949 0.877 1.018 0.809 0.966 0.835 0.775 0.885 1.391 0.773 1.033 0.903 1.188 0.838 1.207 0.774 0.925 0.923 0.859 1.3 0.77 1.088 1.02 0.823 0.785 1.118 0.693 1.196 1.0 1.129 0.803 1.084 1.111 1.0 1.242 0.941 0.753 1.207 1.0 0.725 0.641 0.982 1.182 1.0 1.16 0.846 1.247 1.041 1.0 1.054 0.975 0.638 1.008 1.0 0.765 0.771 1.058 0.862 1.0 0.718 1.063 0.968 0.78 1.0 0.745 1.029 0.975 1.275 1.0 0.725 1.094 1.074 1.113 1.0 0.718 0.754 1.197 0.741 1.0 0.757 0.92 1.109 0.74 1.0 1.609 1.019 0.571 1.112 1.0 0.914 1.058 1.096 0.749 1.0 0.721 0.695 0.928 1.163 1.0 0.731 0.734 0.563 0.752 1.0 1.0 0.67 0.824 1.107 1.0 1.0 0.85 1.479 1.32 1.0 1.0 0.959 0.969 1.322 1.0 1.0 1.118 0.708 0.714 1.0 1.0 0.652 0.904 0.75 1.0 1.0 0.657 0.882 1.208 1.0 1.0 1.0 0.678 1.216 1.0 1.0 1.0 1.119 1.165 1.0 1.0 1.0 0.68 0.743 1.0 1.0 1.0 0.705 1.186 1.0 1.0 1.0 0.699 0.851 1.0 1.0 1.0 0.696 0.859 1.0 1.0 1.0 0.766 1.076 1.0 1.0 1.0 0.711 0.696 1.0 1.0 1.0 0.689 0.712 1.0 1.0 1.0 0.948 0.692 1.0 1.0 1.0 0.814 0.68 1.0 1.0 1.0 0.709 0.696 1.0 1.0 1.0 1.098 0.647 1.0 1.0 1.0 0.895 0.591 1.0 1.0 1.0 1.022 0.628 1.0 1.0 1.0 0.673 1.0 1.0 1.0 1.0 0.603 1.0 1.0 1.0 1.0 0.654 1.0 1.0 1.0 1.0 0.703 1.0 1.0 1.0 1.0 0.66 1.0 1.0 1.0 1.0 0.672 1.0 1.0 1.0 1.0 0.701 1.0 1.0 1.0 1.0 0.708 1.0 1.0 1.0 1.0 0.706 1.0 1.0 1.0 1.0 0.696 1.0 1.0 1.0 1.0 0.67 1.0 1.0 1.0 1.0 1.0 1.0 1.0 1.0 1.0 1.0 1.0 1.0 1.0 1.0 1.0 1.0 1.0 1.0 1.0 1.0 1.0 1.0 1.0 1.0 1.0 1.0 1.0 1.0 1.0 1.0 1.0 1.0 1.0 1.0 1.0 1.0 1.0 1.0 1.0 1.0 1.0 1.0 1.0 1.0 1.0 1.0 1.0 1.0 1.0 1.0 1.0 1.0 1.0 1.0 1.0 1.0 1.0 1.0 1.0 1.0 1.0 1.0 1.0 1.0 1.0 1.0 1.0 1.0 1.0 1.0 1.0 1.0 1.0 1.0 1.0 1.0 1.0 1.0 1.0 1.0 1.0 1.0 1.0 1.212 1.213 1.081 1.164 0.82 1.213 1.301 1.227 1.241 1.212 1.33 0.849 0.767 1.287 1.206 0.818 0.844 1.125 0.725 0.837 0.84 1.179 1.25 1.046 1.148 0.817 1.14 0.964 1.17 0.8 1.286 0.475 1.05 0.746 1.254 1.037 1.155 0.77 0.926 1.069 1.159 1.263 1.32 1.167 1.146 0.926 1.301 1.324 1.271 0.891 0.8 1.121 1.223 1.187 1.325 1.048 0.637 1.123 0.913 1.201 1.277 1.352 1.379 1.34 1.025 1.283 0.451 1.418 1.143 1.328 1.08 1.531 0.697 0.932 0.922 1.276 1.241 0.702 1.41 0.902 1.03 0.986 1.251 1.336 1.0 1.379 0.61 1.268 1.474 1.0 1.499 1.304 1.302 0.659 1.0 0.715 1.361 1.311 1.367 1.0 1.143 0.605 1.382 0.659 1.0 1.199 1.305 1.131 1.204 1.0 0.813 1.294 0.965 0.957 1.0 1.127 1.52 1.427 0.713 1.0 1.192 1.542 0.919 1.046 1.0 1.316 1.009 0.752 1.006 1.0 1.28 1.566 1.077 1.034 1.0 1.208 0.895 0.78 0.747 1.0 1.013 1.65 1.102 0.909 1.0 1.086 0.541 1.025 0.639 1.0 1.004 0.826 1.042 0.891 1.0 0.695 1.22 0.747 0.951 1.0 0.702 1.3 0.991 0.757 1.0 0.696 0.839 0.773 1.0 1.0 0.705 0.589 0.883 1.0 1.0 0.702 0.68 1.0 1.0 1.0 0.667 0.634 1.0 1.0 1.0 0.624 0.685 1.0 1.0 1.0 1.033 0.698 1.0 1.0 1.0 0.731 0.69 1.0 1.0 1.0 1.192 0.698 1.0 1.0 1.0 1.207 1.0 1.0 1.0 1.0 0.983 1.0 1.0 1.0 1.0 1.14 1.0 1.0 1.0 1.0 0.771 1.0 1.0 1.0 1.0 0.887 1.0 1.0 1.0 1.0 1.087 1.0 1.0 1.0 1.0 0.74 1.0 1.0 1.0 1.0 0.838 1.0 1.0 1.0 1.0 1.0 1.0 1.0 1.0 1.0 1.0 1.0 1.0 1.0 1.0 1.0 1.0 1.0 1.0 1.0 1.0 1.0 1.0 1.0 1.0 1.0 1.0 1.0 1.0 1.0 1.0 1.0 1.0 1.0 1.0 1.0 1.0 1.0 1.0 1.0 1.0 1.0 1.0 1.0 1.0 1.0 1.0 1.0 1.0 1.0 1.0 1.0 1.0 1.0 1.0 1.0 1.0 1.0 1.0 1.0 1.0 1.0 1.0 1.0 1.0 1.0 1.0 1.0 1.0 1.0 1.0 1.0 1.0 1.0 1.0 1.0 1.0 1.0 1.0 1.0 1.0 1.0 1.0 1.0 1.0 1.0 1.0 1.0 1.0 1.0 1.0 1.0 1.0 1.0 1.0 1.0 1.0 1.0 1.0 1.0 1.0 1.0 1.0 1.0 1.0 1.0 1.0 1.0 1.0 1.0 1.0 1.0 1.0 1.0 1.0 1.0 1.0 1.0 1.0 1.0 1.0 1.0 1.0 1.0 1.0 1.0 1.0 1.0 1.0 1.0 1.0 1.0 1.0 1.0 1.0 1.0 1.0 1.0 1.0 1.0 0.868 0.891 1.154 1.164 0.82 1.291 1.204 1.254 0.772 1.228 0.754 0.74 1.108 1.129 1.212 0.918 0.735 1.275 0.767 1.145 0.915 1.332 1.27 0.831 0.86 0.931 0.79 0.719 1.021 1.101 0.934 0.997 1.28 1.044 0.918 1.173 0.898 0.71 1.262 1.195 0.885 1.026 0.826 1.362 1.119 0.732 0.862 1.137 1.374 1.216 1.331 0.975 1.177 1.339 1.086 1.031 0.975 0.832 1.427 0.55 0.609 1.164 0.893 1.527 1.237 1.334 0.935 0.892 0.859 1.456 0.84 1.27 1.015 0.974 0.623 1.302 1.294 0.941 1.0 1.187 0.901 1.23 1.338 1.0 1.299 0.903 1.166 0.849 1.0 1.296 1.169 1.306 1.261 1.0 1.499 0.946 0.95 0.959 1.0 0.748 1.006 0.605 1.311 1.0 0.817 0.931 0.621 1.164 1.0 0.832 1.169 0.781 0.667 1.0 0.81 1.44 0.902 0.978 1.0 2.038 1.023 0.912 0.976 1.0 0.996 0.84 1.33 1.034 1.0 0.741 1.484 0.901 1.118 1.0 2.132 0.804 0.991 1.021 1.0 0.89 1.088 1.076 0.829 1.0 0.659 0.908 0.672 0.703 1.0 0.737 0.827 0.763 0.755 1.0 0.783 0.981 1.522 0.827 1.0 0.647 1.0 0.797 1.028 1.0 0.704 1.0 0.879 0.833 1.0 0.7 1.0 0.739 0.898 1.0 0.681 1.0 0.901 0.699 1.0 0.703 1.0 0.869 0.795 1.0 0.759 1.0 0.823 0.702 1.0 0.683 1.0 0.686 1.28 1.0 2.327 1.0 1.0 0.714 1.0 0.641 1.0 1.0 0.711 1.0 0.641 1.0 1.0 0.991 1.0 1.0 1.0 1.0 0.759 1.0 1.0 1.0 1.0 0.747 1.0 1.0 1.0 1.0 1.855 1.0 1.0 1.0 1.0 1.0 1.0 1.0 1.0 1.0 1.0 1.0 1.0 1.0 1.0 1.0 1.0 1.0 1.0 1.0 1.0 1.0 1.0 1.0 1.0 1.0 1.0 1.0 1.0 1.0 1.0 1.0 1.0 1.0 1.0 1.0 1.0 1.0 1.0 1.0 1.0 1.0 1.0 1.0 1.0 1.0 1.0 1.0 1.0 1.0 1.0 1.0 1.0 1.0 1.0 1.0 1.0 1.0 1.0 1.0 1.0 1.0 1.0 1.0 1.0 1.0 1.0 1.0 1.0 1.0 1.0 1.0 1.0 1.0 1.0 1.0 1.0 1.0 1.0 1.0 1.0 1.0 1.0 1.0 1.0 1.0 1.0 1.0 1.0 1.0 1.0 1.0 1.0 1.0 1.0 1.0 1.0 1.0 1.0 1.0 1.0 1.0 1.0 1.0 1.0 1.0 1.0 1.0 1.0 1.0 1.0 1.0 1.0 1.0 1.0 1.0 1.0 1.0 1.0 1.0 1.0 1.0 1.0 1.0 1.0 1.0 1.0 1.0 1.0 1.0 1.0 1.0 1.0 1.0 1.0 1.0 1.0 1.0 1.0 1.0 1.0 1.0 1.0 1.0 1.0 1.0 1.0 1.0 1.0 1.0 1.0 1.0 1.0 1.0 1.0 1.0 1.0 1.0,2.3269708,1.3269708,0.43189695,0.3,0.7807072997093201,0.0003,5,5.1200705
94,0.2785106897354126,0.991887,0.937 0.965 0.829 1.084 0.818 1.203 1.278 1.257 0.77 0.762 0.875 1.307 1.103 1.228 0.867 1.311 0.71 0.679 1.097 0.798 0.798 0.928 1.075 1.222 1.04 0.796 0.704 1.31 0.918 0.979 0.865 0.715 0.98 0.827 1.048 0.945 1.142 1.268 1.256 1.171 1.061 0.956 0.873 0.61 0.715 0.875 0.741 1.138 1.266 1.148 1.239 0.745 1.168 1.272 1.012 1.14 0.851 1.177 1.233 1.133 1.05 1.2 0.859 1.302 1.0 1.179 1.024 0.729 0.646 1.0 1.11 1.005 1.133 1.249 1.0 1.378 1.438 0.996 1.1 1.0 1.126 1.037 1.366 0.957 1.0 1.013 0.977 0.952 0.642 1.0 0.986 0.655 0.976 1.075 1.0 0.93 0.934 0.901 0.711 1.0 1.354 0.651 0.743 1.157 1.0 0.859 0.807 1.0 0.723 1.0 0.812 0.797 1.0 0.783 1.0 0.785 1.151 1.0 0.806 1.0 0.758 1.202 1.0 0.84 1.0 0.946 1.223 1.0 0.711 1.0 0.789 0.998 1.0 0.622 1.0 0.886 0.67 1.0 1.255 1.0 1.205 1.089 1.0 0.913 1.0 0.701 0.658 1.0 0.883 1.0 0.709 0.791 1.0 0.77 1.0 1.068 0.892 1.0 1.145 1.0 1.607 0.702 1.0 0.852 1.0 1.0 1.022 1.0 1.066 1.0 1.0 0.894 1.0 0.779 1.0 1.0 0.994 1.0 0.838 1.0 1.0 0.606 1.0 0.758 1.0 1.0 0.722 1.0 0.683 1.0 1.0 0.693 1.0 1.0 1.0 1.0 2.157 1.0 1.0 1.0 1.0 0.706 1.0 1.0 1.0 1.0 0.705 1.0 1.0 1.0 1.0 0.697 1.0 1.0 1.0 1.0 0.699 1.0 1.0 1.0 1.0 0.647 1.0 1.0 1.0 1.0 0.805 1.0 1.0 1.0 1.0 1.0 1.0 1.0 1.0 1.0 1.0 1.0 1.0 1.0 1.0 1.0 1.0 1.0 1.0 1.0 1.0 1.0 1.0 1.0 1.0 1.0 1.0 1.0 1.0 1.0 1.0 1.0 1.0 1.0 1.0 1.0 1.0 1.0 1.0 1.0 1.0 1.0 1.0 1.0 1.0 1.0 1.0 1.0 1.0 1.0 1.0 1.0 1.0 1.0 1.0 1.0 1.0 1.0 1.0 1.0 1.0 1.0 1.0 1.0 1.0 1.0 1.0 1.0 1.0 1.0 1.0 1.0 1.0 1.0 1.0 1.0 1.0 1.0 1.0 1.0 1.0 1.0 1.0 1.0 1.0 1.0 1.0 1.0 1.0 1.0 1.0 1.0 1.0 1.0 1.0 1.0 1.0 1.0 1.0 1.0 1.0 1.0 1.0 1.0 1.0 1.0 1.0 1.0 1.0 1.0 1.0 1.0 1.0 1.0 1.0 1.0 1.0 1.0 1.0 1.0 1.0 1.0 1.0 1.0 1.0 1.0 1.0 1.0 1.0 1.0 1.0 1.0 1.0 1.0 1.0 1.0 1.0 1.0 1.0 1.0 1.0 1.0 1.0 1.0 1.0 1.0 1.0 1.0 1.0 1.0 1.0 1.0 1.0 1.0 0.842 1.144 1.18 1.084 0.818 1.285 1.215 1.086 0.785 0.759 0.774 0.865 0.781 0.772 1.108 0.94 0.75 1.091 0.773 1.099 0.882 0.855 0.774 0.936 0.769 1.186 1.021 1.157 1.028 0.646 0.837 1.429 0.895 1.243 0.74 1.178 1.219 1.01 1.34 0.848 0.899 0.824 1.202 0.43 1.119 0.908 0.918 1.217 0.669 1.149 0.899 0.847 0.695 0.827 0.73 1.25 0.884 0.6 1.343 0.72 0.676 1.061 1.116 0.517 1.108 0.806 1.043 0.949 0.741 0.944 0.709 0.861 0.988 1.109 0.67 1.11 1.078 1.0 0.58 0.995 0.76 1.034 0.706 0.612 0.704 1.0 1.019 1.243 0.738 0.819 1.0 0.864 0.699 0.737 0.987 1.0 0.838 1.537 0.821 0.647 1.0 0.713 0.602 0.747 0.786 1.0 0.711 0.537 0.736 1.0 1.0 1.195 0.759 0.744 1.0 1.0 0.739 0.759 0.728 1.0 1.0 0.717 0.662 0.705 1.0 1.0 1.193 0.584 0.607 1.0 1.0 0.789 0.688 0.749 1.0 1.0 0.826 0.625 0.752 1.0 1.0 0.706 0.749 0.669 1.0 1.0 0.682 0.542 1.0 1.0 1.0 1.15 0.69 1.0 1.0 1.0 0.761 0.626 1.0 1.0 1.0 0.718 0.668 1.0 1.0 1.0 1.175 1.779 1.0 1.0 1.0 0.693 1.0 1.0 1.0 1.0 0.691 1.0 1.0 1.0 1.0 1.101 1.0 1.0 1.0 1.0 0.721 1.0 1.0 1.0 1.0 0.7 1.0 1.0 1.0 1.0 0.719 1.0 1.0 1.0 1.0 0.975 1.0 1.0 1.0 1.0 0.7 1.0 1.0 1.0 1.0 0.78 1.0 1.0 1.0 1.0 0.778 1.0 1.0 1.0 1.0 0.785 1.0 1.0 1.0 1.0 0.716 1.0 1.0 1.0 1.0 2.291 1.0 1.0 1.0 1.0 1.635 1.0 1.0 1.0 1.0 0.793 1.0 1.0 1.0 1.0 1.0 1.0 1.0 1.0 1.0 1.0 1.0 1.0 1.0 1.0 1.0 1.0 1.0 1.0 1.0 1.0 1.0 1.0 1.0 1.0 1.0 1.0 1.0 1.0 1.0 1.0 1.0 1.0 1.0 1.0 1.0 1.0 1.0 1.0 1.0 1.0 1.0 1.0 1.0 1.0 1.0 1.0 1.0 1.0 1.0 1.0 1.0 1.0 1.0 1.0 1.0 1.0 1.0 1.0 1.0 1.0 1.0 1.0 1.0 1.0 1.0 1.0 1.0 1.0 1.0 1.0 1.0 1.0 1.0 1.0 1.0 1.0 1.0 1.0 1.0 1.0 1.0 1.0 1.0 1.0 1.0 1.0 1.0 1.0 1.0 1.0 1.0 1.0 1.0 1.0 1.0 1.0 1.0 1.0 1.0 1.0 1.0 1.0 1.0 1.0 1.0 1.0 1.0 1.0 1.0 1.0 1.0 1.0 1.0 1.0 1.0 1.0 1.0 1.0 1.0 1.0 1.0 1.0 1.0 1.0 1.0 1.0 1.0 1.0 1.0 1.0 1.0 1.0 1.0 1.0 1.0 1.0 1.0 1.0 1.212 0.965 0.802 1.166 0.818 1.231 1.205 1.262 1.111 0.76 1.325 1.336 1.108 1.231 1.18 1.287 0.837 1.216 1.246 0.97 1.335 0.907 1.207 1.1 0.897 1.45 1.351 1.099 1.272 1.196 1.294 1.147 0.899 0.702 0.664 1.346 0.854 0.946 1.065 1.278 0.817 0.961 1.039 1.295 0.539 0.866 0.99 1.045 0.927 1.133 1.094 1.286 1.326 1.112 1.191 0.999 0.708 1.042 1.17 0.553 1.144 1.134 1.009 0.688 0.794 0.801 1.055 0.706 1.227 0.845 1.667 1.484 0.76 1.309 0.894 0.546 0.661 0.822 1.085 0.884 0.984 0.678 0.848 1.345 0.829 0.553 0.879 0.631 1.231 0.797 0.795 0.602 0.862 0.648 0.94 0.932 0.633 0.819 0.924 1.389 0.684 0.76 1.332 1.218 0.669 0.722 0.85 1.0 0.944 0.965 0.771 0.698 1.0 0.677 0.629 0.617 0.762 1.0 1.337 1.0 0.647 1.573 1.0 1.509 1.0 0.661 0.748 1.0 0.698 1.0 0.679 1.127 1.0 1.081 1.0 0.75 0.945 1.0 0.654 1.0 1.048 0.764 1.0 0.844 1.0 1.126 1.333 1.0 0.78 1.0 0.666 0.778 1.0 0.649 1.0 1.261 0.77 1.0 1.0 1.0 0.696 0.713 1.0 1.0 1.0 0.704 0.718 1.0 1.0 1.0 0.97 0.672 1.0 1.0 1.0 1.161 0.7 1.0 1.0 1.0 0.83 0.704 1.0 1.0 1.0 1.049 0.972 1.0 1.0 1.0 0.966 1.0 1.0 1.0 1.0 0.743 1.0 1.0 1.0 1.0 0.727 1.0 1.0 1.0 1.0 0.694 1.0 1.0 1.0 1.0 0.771 1.0 1.0 1.0 1.0 0.7 1.0 1.0 1.0 1.0 0.709 1.0 1.0 1.0 1.0 0.794 1.0 1.0 1.0 1.0 0.869 1.0 1.0 1.0 1.0 0.876 1.0 1.0 1.0 1.0 0.741 1.0 1.0 1.0 1.0 0.883 1.0 1.0 1.0 1.0 1.388 1.0 1.0 1.0 1.0 0.616 1.0 1.0 1.0 1.0 1.0 1.0 1.0 1.0 1.0 1.0 1.0 1.0 1.0 1.0 1.0 1.0 1.0 1.0 1.0 1.0 1.0 1.0 1.0 1.0 1.0 1.0 1.0 1.0 1.0 1.0 1.0 1.0 1.0 1.0 1.0 1.0 1.0 1.0 1.0 1.0 1.0 1.0 1.0 1.0 1.0 1.0 1.0 1.0 1.0 1.0 1.0 1.0 1.0 1.0 1.0 1.0 1.0 1.0 1.0 1.0 1.0 1.0 1.0 1.0 1.0 1.0 1.0 1.0 1.0 1.0 1.0 1.0 1.0 1.0 1.0 1.0 1.0 1.0 1.0 1.0 1.0 1.0 1.0 1.0 1.0 1.0 1.0 1.0 1.0 1.0 1.0 1.0 1.0 1.0 1.0 1.0 1.0 1.0 1.0 1.0 1.0 1.0 1.0 1.0 1.0 1.0 1.0 1.0 1.0 1.0 1.0 1.0 1.0 1.0 1.0 1.0 1.0 1.0 1.0 1.0 1.0 1.0 1.0 1.0 1.212 0.89 0.802 1.166 1.131 0.838 1.203 1.197 0.801 0.753 1.267 0.831 1.108 0.787 1.153 0.828 0.831 1.312 0.944 1.285 0.962 1.261 0.762 1.273 0.898 0.97 0.957 1.257 0.704 1.332 1.277 1.29 1.236 1.302 0.734 0.615 1.213 1.301 1.303 1.418 1.298 1.255 1.31 1.212 1.341 1.352 1.225 0.716 1.303 1.301 1.274 1.242 0.914 1.298 1.308 1.222 1.298 1.233 1.33 1.45 1.119 1.239 0.832 1.1 1.296 1.3 1.301 1.295 1.33 0.855 1.281 1.345 1.314 1.311 1.302 0.864 1.302 1.264 1.248 0.775 1.357 0.652 1.299 0.833 1.307 1.244 1.299 0.732 1.298 0.982 0.672 1.239 1.317 0.942 1.288 1.271 1.192 1.191 0.825 1.299 1.368 0.761 1.384 1.268 1.305 0.784 1.126 1.158 0.85 0.829 1.327 1.433 1.262 0.962 1.304 1.194 1.05 1.216 1.253 0.84 1.19 1.089 0.749 1.311 0.803 1.107 1.241 1.038 0.992 0.947 1.386 1.042 1.004 1.177 1.432 1.148 1.113 1.121 1.181 1.172 0.723 1.324 0.841 0.655 0.719 0.631 1.0 0.847 0.611 1.0 0.682 1.0 0.785 1.0 1.0 0.73 1.0 0.832 1.0 1.0 0.767 1.0 1.315 1.0 1.0 0.946 1.0 1.328 1.0 1.0 1.955 1.0 1.331 1.0 1.0 0.743 1.0 0.876 1.0 1.0 1.818 1.0 0.769 1.0 1.0 0.796 1.0 0.758 1.0 1.0 0.897 1.0 0.753 1.0 1.0 0.741 1.0 0.748 1.0 1.0 1.0 1.0 0.632 1.0 1.0 1.0 1.0 1.438 1.0 1.0 1.0 1.0 1.229 1.0 1.0 1.0 1.0 1.086 1.0 1.0 1.0 1.0 0.997 1.0 1.0 1.0 1.0 0.965 1.0 1.0 1.0 1.0 0.916 1.0 1.0 1.0 1.0 0.938 1.0 1.0 1.0 1.0 1.391 1.0 1.0 1.0 1.0 1.378 1.0 1.0 1.0 1.0 0.81 1.0 1.0 1.0 1.0 0.741 1.0 1.0 1.0 1.0 0.691 1.0 1.0 1.0 1.0 1.018 1.0 1.0 1.0 1.0 0.926 1.0 1.0 1.0 1.0 0.917 1.0 1.0 1.0 1.0 0.967 1.0 1.0 1.0 1.0 0.963 1.0 1.0 1.0 1.0 0.621 1.0 1.0 1.0 1.0 0.878 1.0 1.0 1.0 1.0 0.963 1.0 1.0 1.0 1.0 1.41 1.0 1.0 1.0 1.0 0.63 1.0 1.0 1.0 1.0 0.656 1.0 1.0 1.0 1.0 0.695 1.0 1.0 1.0 1.0 0.681 1.0 1.0 1.0 1.0 0.951 1.0 1.0 1.0 1.0 0.649 1.0 1.0 1.0 1.0 1.015 1.0 1.0 1.0 1.0 0.769 1.0 1.0 1.0 1.0 1.317 1.0 1.0 1.0 1.0 0.646 1.0 1.0 1.0 1.0 0.788 1.0 1.0 1.0 1.0 0.696 1.0 1.0 1.0 1.0 0.677 1.0 1.0 1.0 1.0 0.703 1.0 1.0 1.154 1.212 0.829 1.112 1.101 1.29 1.197 1.199 0.766 1.163 0.842 0.854 1.127 0.752 1.298 1.274 1.247 1.281 0.855 0.743 0.871 1.059 0.712 0.947 0.892 1.279 1.275 0.852 1.266 0.881 0.923 0.817 0.859 1.3 0.952 0.975 1.122 1.099 1.3 1.305 1.031 1.216 1.312 1.314 0.851 1.291 1.363 1.25 1.264 1.374 1.304 0.864 1.241 0.623 1.089 0.768 1.061 1.375 0.984 1.384 1.301 1.065 0.675 1.653 0.749 1.134 1.262 1.456 1.462 0.974 0.896 1.484 1.121 1.027 1.451 1.105 1.289 1.071 1.603 1.086 1.142 1.42 1.307 0.612 0.876 1.055 1.0 1.487 1.449 1.299 0.797 1.0 0.906 1.357 0.78 0.844 1.0 0.808 0.853 0.784 0.689 1.0 0.829 0.662 1.341 1.138 1.0 0.668 1.137 0.822 1.174 1.0 0.75 1.685 1.035 1.102 1.0 0.945 0.741 0.987 1.289 1.0 0.86 0.725 1.255 0.716 1.0 0.887 0.741 0.658 1.016 1.0 0.926 1.112 0.672 0.954 1.0 0.638 0.904 0.682 1.014 1.0 0.701 0.906 0.855 1.013 1.0 0.714 0.738 0.91 0.999 1.0 0.785 0.911 0.622 0.842 1.0 0.824 1.166 1.0 0.946 1.0 0.672 1.107 1.0 1.07 1.0 0.734 0.979 1.0 0.769 1.0 0.721 0.815 1.0 0.9 1.0 1.0 1.07 1.0 0.83 1.0 1.0 0.958 1.0 0.7 1.0 1.0 1.032 1.0 0.706 1.0 1.0 1.184 1.0 0.675 1.0 1.0 1.214 1.0 0.656 1.0 1.0 0.753 1.0 0.677 1.0 1.0 0.769 1.0 0.618 1.0 1.0 0.748 1.0 0.7 1.0 1.0 0.726 1.0 1.0 1.0 1.0 0.674 1.0 1.0 1.0 1.0 0.754 1.0 1.0 1.0 1.0 0.696 1.0 1.0 1.0 1.0 1.0 1.0 1.0 1.0 1.0 1.0 1.0 1.0 1.0 1.0 1.0 1.0 1.0 1.0 1.0 1.0 1.0 1.0 1.0 1.0 1.0 1.0 1.0 1.0 1.0 1.0 1.0 1.0 1.0 1.0 1.0 1.0 1.0 1.0 1.0 1.0 1.0 1.0 1.0 1.0 1.0 1.0 1.0 1.0 1.0 1.0 1.0 1.0 1.0 1.0 1.0 1.0 1.0 1.0 1.0 1.0 1.0 1.0 1.0 1.0 1.0 1.0 1.0 1.0 1.0 1.0 1.0 1.0 1.0 1.0 1.0 1.0 1.0 1.0 1.0 1.0 1.0 1.0 1.0 1.0 1.0 1.0 1.0 1.0 1.0 1.0 1.0 1.0 1.0 1.0 1.0 1.0 1.0 1.0 1.0 1.0 1.0 1.0 1.0 1.0 1.0 1.0 1.0 1.0 1.0 1.0 1.0 1.0 1.0 1.0 1.0 1.0 1.0 1.0 1.0 1.0 1.0 1.0 1.0 1.0 1.0 1.0 1.0 1.0 1.0 1.0 1.0 1.0 1.0 1.0 1.0 1.0 1.0 1.0 1.0 1.0 1.0 1.0 1.0 1.0 1.0 1.0 0.868 0.965 1.153 0.845 1.101 0.903 1.284 1.254 0.802 1.131 1.224 1.298 0.763 0.993 1.317 0.83 0.834 0.731 0.687 0.752 1.304 1.287 1.316 1.242 1.115 0.836 0.829 0.747 0.482 0.781 1.029 0.852 1.31 0.787 0.848 0.949 0.878 1.021 0.811 0.964 0.835 0.774 0.885 1.397 0.776 1.03 0.9 1.184 0.838 1.204 0.772 0.921 0.924 0.858 1.298 0.772 1.092 1.02 0.825 0.787 1.115 0.692 1.196 1.0 1.13 0.804 1.077 1.11 1.0 1.239 0.94 0.753 1.211 1.0 0.724 0.641 0.983 1.185 1.0 1.16 0.846 1.256 1.043 1.0 1.055 0.971 0.633 1.011 1.0 0.764 0.771 1.06 0.862 1.0 0.719 1.063 0.968 0.782 1.0 0.745 1.026 0.972 1.279 1.0 0.725 1.095 1.072 1.117 1.0 0.718 0.756 1.203 0.743 1.0 0.757 0.922 1.105 0.741 1.0 1.611 1.024 0.567 1.115 1.0 0.914 1.062 1.097 0.75 1.0 0.72 0.695 0.929 1.153 1.0 0.733 0.733 0.558 0.753 1.0 1.0 0.669 0.824 1.111 1.0 1.0 0.851 1.486 1.326 1.0 1.0 0.957 0.96 1.328 1.0 1.0 1.123 0.707 0.714 1.0 1.0 0.651 0.904 0.751 1.0 1.0 0.656 0.882 1.199 1.0 1.0 1.0 0.678 1.207 1.0 1.0 1.0 1.108 1.157 1.0 1.0 1.0 0.679 0.742 1.0 1.0 1.0 0.708 1.185 1.0 1.0 1.0 0.702 0.851 1.0 1.0 1.0 0.699 0.86 1.0 1.0 1.0 0.771 1.075 1.0 1.0 1.0 0.711 0.697 1.0 1.0 1.0 0.688 0.712 1.0 1.0 1.0 0.94 0.692 1.0 1.0 1.0 0.806 0.679 1.0 1.0 1.0 0.711 0.697 1.0 1.0 1.0 1.095 0.647 1.0 1.0 1.0 0.894 0.59 1.0 1.0 1.0 1.018 0.63 1.0 1.0 1.0 0.674 1.0 1.0 1.0 1.0 0.6 1.0 1.0 1.0 1.0 0.653 1.0 1.0 1.0 1.0 0.702 1.0 1.0 1.0 1.0 0.66 1.0 1.0 1.0 1.0 0.672 1.0 1.0 1.0 1.0 0.701 1.0 1.0 1.0 1.0 0.708 1.0 1.0 1.0 1.0 0.706 1.0 1.0 1.0 1.0 0.697 1.0 1.0 1.0 1.0 0.669 1.0 1.0 1.0 1.0 1.0 1.0 1.0 1.0 1.0 1.0 1.0 1.0 1.0 1.0 1.0 1.0 1.0 1.0 1.0 1.0 1.0 1.0 1.0 1.0 1.0 1.0 1.0 1.0 1.0 1.0 1.0 1.0 1.0 1.0 1.0 1.0 1.0 1.0 1.0 1.0 1.0 1.0 1.0 1.0 1.0 1.0 1.0 1.0 1.0 1.0 1.0 1.0 1.0 1.0 1.0 1.0 1.0 1.0 1.0 1.0 1.0 1.0 1.0 1.0 1.0 1.0 1.0 1.0 1.0 1.0 1.0 1.0 1.0 1.0 1.0 1.0 1.0 1.0 1.0 1.0 1.0 1.0 1.0 1.212 1.212 1.084 1.166 0.818 1.219 1.299 1.226 1.244 1.211 1.329 0.847 0.764 1.29 1.205 0.818 0.843 1.129 0.724 0.836 0.836 1.179 1.251 1.05 1.15 0.817 1.144 0.962 1.166 0.799 1.286 0.473 1.049 0.746 1.253 1.037 1.157 0.772 0.925 1.069 1.16 1.269 1.318 1.167 1.146 0.925 1.298 1.323 1.273 0.895 0.801 1.12 1.225 1.188 1.328 1.048 0.637 1.122 0.909 1.2 1.276 1.358 1.38 1.341 1.026 1.282 0.449 1.419 1.143 1.329 1.081 1.534 0.699 0.935 0.927 1.277 1.245 0.705 1.411 0.908 1.032 0.985 1.25 1.337 1.0 1.378 0.611 1.267 1.473 1.0 1.504 1.302 1.304 0.661 1.0 0.703 1.369 1.31 1.366 1.0 1.145 0.602 1.383 0.66 1.0 1.206 1.306 1.134 1.204 1.0 0.815 1.301 0.969 0.957 1.0 1.127 1.523 1.424 0.714 1.0 1.194 1.548 0.924 1.043 1.0 1.318 1.011 0.753 1.007 1.0 1.282 1.573 1.074 1.032 1.0 1.21 0.896 0.781 0.749 1.0 1.015 1.659 1.095 0.912 1.0 1.075 0.54 1.017 0.638 1.0 0.992 0.825 1.034 0.894 1.0 0.697 1.224 0.744 0.947 1.0 0.704 1.299 0.982 0.757 1.0 0.697 0.826 0.774 1.0 1.0 0.705 0.589 0.882 1.0 1.0 0.701 0.678 1.0 1.0 1.0 0.666 0.633 1.0 1.0 1.0 0.622 0.684 1.0 1.0 1.0 1.03 0.699 1.0 1.0 1.0 0.73 0.689 1.0 1.0 1.0 1.191 0.697 1.0 1.0 1.0 1.205 1.0 1.0 1.0 1.0 0.985 1.0 1.0 1.0 1.0 1.125 1.0 1.0 1.0 1.0 0.771 1.0 1.0 1.0 1.0 0.888 1.0 1.0 1.0 1.0 1.087 1.0 1.0 1.0 1.0 0.74 1.0 1.0 1.0 1.0 0.838 1.0 1.0 1.0 1.0 1.0 1.0 1.0 1.0 1.0 1.0 1.0 1.0 1.0 1.0 1.0 1.0 1.0 1.0 1.0 1.0 1.0 1.0 1.0 1.0 1.0 1.0 1.0 1.0 1.0 1.0 1.0 1.0 1.0 1.0 1.0 1.0 1.0 1.0 1.0 1.0 1.0 1.0 1.0 1.0 1.0 1.0 1.0 1.0 1.0 1.0 1.0 1.0 1.0 1.0 1.0 1.0 1.0 1.0 1.0 1.0 1.0 1.0 1.0 1.0 1.0 1.0 1.0 1.0 1.0 1.0 1.0 1.0 1.0 1.0 1.0 1.0 1.0 1.0 1.0 1.0 1.0 1.0 1.0 1.0 1.0 1.0 1.0 1.0 1.0 1.0 1.0 1.0 1.0 1.0 1.0 1.0 1.0 1.0 1.0 1.0 1.0 1.0 1.0 1.0 1.0 1.0 1.0 1.0 1.0 1.0 1.0 1.0 1.0 1.0 1.0 1.0 1.0 1.0 1.0 1.0 1.0 1.0 1.0 1.0 1.0 1.0 1.0 1.0 1.0 1.0 1.0 1.0 1.0 1.0 1.0 1.0 1.0 1.0 1.0 0.868 0.89 1.153 1.166 0.818 1.291 1.21 1.256 0.771 1.227 0.751 0.74 1.112 1.125 1.213 0.919 0.735 1.277 0.766 1.15 0.914 1.329 1.272 0.829 0.859 0.93 0.787 0.718 1.021 1.101 0.934 0.998 1.282 1.041 0.917 1.176 0.899 0.71 1.266 1.196 0.886 1.027 0.825 1.363 1.122 0.732 0.861 1.142 1.379 1.214 1.329 0.975 1.182 1.34 1.087 1.033 0.974 0.832 1.432 0.55 0.608 1.166 0.894 1.533 1.236 1.333 0.938 0.894 0.86 1.46 0.843 1.269 1.015 0.976 0.624 1.3 1.292 0.94 1.0 1.183 0.905 1.228 1.336 1.0 1.3 0.907 1.168 0.851 1.0 1.298 1.171 1.315 1.269 1.0 1.499 0.947 0.95 0.96 1.0 0.749 1.003 0.605 1.31 1.0 0.816 0.928 0.621 1.166 1.0 0.829 1.17 0.778 0.665 1.0 0.807 1.443 0.904 0.971 1.0 2.045 1.026 0.911 0.975 1.0 0.994 0.838 1.337 1.027 1.0 0.741 1.487 0.903 1.12 1.0 2.139 0.802 0.992 1.014 1.0 0.888 1.088 1.076 0.829 1.0 0.659 0.909 0.66 0.7 1.0 0.734 0.815 0.76 0.756 1.0 0.782 0.98 1.527 0.823 1.0 0.648 1.0 0.784 1.019 1.0 0.701 1.0 0.866 0.833 1.0 0.701 1.0 0.737 0.9 1.0 0.681 1.0 0.9 0.698 1.0 0.701 1.0 0.869 0.795 1.0 0.761 1.0 0.823 0.701 1.0 0.684 1.0 0.684 1.27 1.0 2.314 1.0 1.0 0.714 1.0 0.64 1.0 1.0 0.712 1.0 0.643 1.0 1.0 0.991 1.0 1.0 1.0 1.0 0.761 1.0 1.0 1.0 1.0 0.747 1.0 1.0 1.0 1.0 1.843 1.0 1.0 1.0 1.0 1.0 1.0 1.0 1.0 1.0 1.0 1.0 1.0 1.0 1.0 1.0 1.0 1.0 1.0 1.0 1.0 1.0 1.0 1.0 1.0 1.0 1.0 1.0 1.0 1.0 1.0 1.0 1.0 1.0 1.0 1.0 1.0 1.0 1.0 1.0 1.0 1.0 1.0 1.0 1.0 1.0 1.0 1.0 1.0 1.0 1.0 1.0 1.0 1.0 1.0 1.0 1.0 1.0 1.0 1.0 1.0 1.0 1.0 1.0 1.0 1.0 1.0 1.0 1.0 1.0 1.0 1.0 1.0 1.0 1.0 1.0 1.0 1.0 1.0 1.0 1.0 1.0 1.0 1.0 1.0 1.0 1.0 1.0 1.0 1.0 1.0 1.0 1.0 1.0 1.0 1.0 1.0 1.0 1.0 1.0 1.0 1.0 1.0 1.0 1.0 1.0 1.0 1.0 1.0 1.0 1.0 1.0 1.0 1.0 1.0 1.0 1.0 1.0 1.0 1.0 1.0 1.0 1.0 1.0 1.0 1.0 1.0 1.0 1.0 1.0 1.0 1.0 1.0 1.0 1.0 1.0 1.0 1.0 1.0 1.0 1.0 1.0 1.0 1.0 1.0 1.0 1.0 1.0 1.0 1.0 1.0 1.0 1.0 1.0 1.0 1.0 1.0 1.0,2.3140361,1.3140361,0.42977956,0.3,0.7849213480949402,0.0003,5,5.0880165
95,0.280509352684021,0.9918237,0.935 0.963 0.827 1.087 0.816 1.209 1.276 1.259 0.769 0.761 0.87 1.305 1.108 1.231 0.865 1.309 0.709 0.678 1.101 0.798 0.795 0.923 1.079 1.219 1.039 0.794 0.704 1.31 0.916 0.976 0.861 0.715 0.98 0.827 1.045 0.946 1.149 1.27 1.254 1.173 1.063 0.953 0.872 0.611 0.718 0.873 0.742 1.14 1.268 1.15 1.241 0.747 1.17 1.274 1.018 1.145 0.852 1.179 1.23 1.132 1.053 1.206 0.86 1.304 1.0 1.178 1.023 0.729 0.646 1.0 1.11 1.003 1.134 1.251 1.0 1.379 1.432 0.996 1.099 1.0 1.119 1.039 1.365 0.954 1.0 1.007 0.977 0.947 0.642 1.0 0.985 0.654 0.978 1.073 1.0 0.929 0.933 0.906 0.711 1.0 1.355 0.65 0.743 1.156 1.0 0.858 0.806 1.0 0.723 1.0 0.812 0.796 1.0 0.784 1.0 0.786 1.15 1.0 0.806 1.0 0.759 1.205 1.0 0.84 1.0 0.944 1.226 1.0 0.711 1.0 0.79 0.994 1.0 0.62 1.0 0.883 0.669 1.0 1.257 1.0 1.207 1.089 1.0 0.909 1.0 0.701 0.659 1.0 0.882 1.0 0.709 0.786 1.0 0.769 1.0 1.069 0.891 1.0 1.145 1.0 1.599 0.698 1.0 0.851 1.0 1.0 1.025 1.0 1.065 1.0 1.0 0.891 1.0 0.778 1.0 1.0 0.996 1.0 0.834 1.0 1.0 0.605 1.0 0.755 1.0 1.0 0.723 1.0 0.682 1.0 1.0 0.694 1.0 1.0 1.0 1.0 2.15 1.0 1.0 1.0 1.0 0.706 1.0 1.0 1.0 1.0 0.705 1.0 1.0 1.0 1.0 0.697 1.0 1.0 1.0 1.0 0.7 1.0 1.0 1.0 1.0 0.647 1.0 1.0 1.0 1.0 0.804 1.0 1.0 1.0 1.0 1.0 1.0 1.0 1.0 1.0 1.0 1.0 1.0 1.0 1.0 1.0 1.0 1.0 1.0 1.0 1.0 1.0 1.0 1.0 1.0 1.0 1.0 1.0 1.0 1.0 1.0 1.0 1.0 1.0 1.0 1.0 1.0 1.0 1.0 1.0 1.0 1.0 1.0 1.0 1.0 1.0 1.0 1.0 1.0 1.0 1.0 1.0 1.0 1.0 1.0 1.0 1.0 1.0 1.0 1.0 1.0 1.0 1.0 1.0 1.0 1.0 1.0 1.0 1.0 1.0 1.0 1.0 1.0 1.0 1.0 1.0 1.0 1.0 1.0 1.0 1.0 1.0 1.0 1.0 1.0 1.0 1.0 1.0 1.0 1.0 1.0 1.0 1.0 1.0 1.0 1.0 1.0 1.0 1.0 1.0 1.0 1.0 1.0 1.0 1.0 1.0 1.0 1.0 1.0 1.0 1.0 1.0 1.0 1.0 1.0 1.0 1.0 1.0 1.0 1.0 1.0 1.0 1.0 1.0 1.0 1.0 1.0 1.0 1.0 1.0 1.0 1.0 1.0 1.0 1.0 1.0 1.0 1.0 1.0 1.0 1.0 1.0 1.0 1.0 1.0 1.0 1.0 1.0 1.0 1.0 1.0 1.0 1.0 1.0 0.84 1.148 1.181 1.087 0.816 1.284 1.222 1.09 0.785 0.756 0.771 0.86 0.778 0.771 1.109 0.94 0.75 1.096 0.773 1.1 0.883 0.854 0.771 0.936 0.77 1.185 1.024 1.156 1.03 0.648 0.84 1.427 0.894 1.243 0.74 1.176 1.216 1.011 1.344 0.85 0.901 0.825 1.203 0.428 1.118 0.913 0.915 1.215 0.669 1.148 0.9 0.85 0.696 0.826 0.73 1.25 0.888 0.597 1.347 0.72 0.669 1.06 1.117 0.517 1.11 0.801 1.042 0.945 0.744 0.939 0.704 0.858 0.989 1.105 0.671 1.108 1.075 0.997 0.581 0.99 0.756 1.031 0.704 0.613 0.705 1.0 1.015 1.242 0.736 0.822 1.0 0.862 0.697 0.74 0.983 1.0 0.835 1.538 0.817 0.644 1.0 0.711 0.601 0.75 0.787 1.0 0.707 0.534 0.732 1.0 1.0 1.194 0.758 0.741 1.0 1.0 0.736 0.755 0.725 1.0 1.0 0.702 0.66 0.701 1.0 1.0 1.195 0.582 0.605 1.0 1.0 0.772 0.688 0.741 1.0 1.0 0.828 0.623 0.747 1.0 1.0 0.709 0.742 0.666 1.0 1.0 0.682 0.54 1.0 1.0 1.0 1.143 0.688 1.0 1.0 1.0 0.76 0.626 1.0 1.0 1.0 0.717 0.666 1.0 1.0 1.0 1.177 1.773 1.0 1.0 1.0 0.692 1.0 1.0 1.0 1.0 0.691 1.0 1.0 1.0 1.0 1.102 1.0 1.0 1.0 1.0 0.721 1.0 1.0 1.0 1.0 0.698 1.0 1.0 1.0 1.0 0.718 1.0 1.0 1.0 1.0 0.974 1.0 1.0 1.0 1.0 0.699 1.0 1.0 1.0 1.0 0.779 1.0 1.0 1.0 1.0 0.777 1.0 1.0 1.0 1.0 0.78 1.0 1.0 1.0 1.0 0.715 1.0 1.0 1.0 1.0 2.293 1.0 1.0 1.0 1.0 1.63 1.0 1.0 1.0 1.0 0.795 1.0 1.0 1.0 1.0 1.0 1.0 1.0 1.0 1.0 1.0 1.0 1.0 1.0 1.0 1.0 1.0 1.0 1.0 1.0 1.0 1.0 1.0 1.0 1.0 1.0 1.0 1.0 1.0 1.0 1.0 1.0 1.0 1.0 1.0 1.0 1.0 1.0 1.0 1.0 1.0 1.0 1.0 1.0 1.0 1.0 1.0 1.0 1.0 1.0 1.0 1.0 1.0 1.0 1.0 1.0 1.0 1.0 1.0 1.0 1.0 1.0 1.0 1.0 1.0 1.0 1.0 1.0 1.0 1.0 1.0 1.0 1.0 1.0 1.0 1.0 1.0 1.0 1.0 1.0 1.0 1.0 1.0 1.0 1.0 1.0 1.0 1.0 1.0 1.0 1.0 1.0 1.0 1.0 1.0 1.0 1.0 1.0 1.0 1.0 1.0 1.0 1.0 1.0 1.0 1.0 1.0 1.0 1.0 1.0 1.0 1.0 1.0 1.0 1.0 1.0 1.0 1.0 1.0 1.0 1.0 1.0 1.0 1.0 1.0 1.0 1.0 1.0 1.0 1.0 1.0 1.0 1.0 1.0 1.0 1.0 1.0 1.0 1.0 1.212 0.963 0.801 1.167 0.817 1.238 1.212 1.264 1.115 0.759 1.323 1.334 1.112 1.233 1.178 1.295 0.835 1.213 1.248 0.972 1.333 0.903 1.203 1.105 0.896 1.457 1.358 1.104 1.274 1.198 1.292 1.149 0.898 0.701 0.664 1.349 0.854 0.946 1.069 1.282 0.814 0.963 1.038 1.293 0.54 0.865 0.989 1.045 0.927 1.135 1.096 1.287 1.325 1.113 1.194 1.003 0.71 1.044 1.169 0.554 1.147 1.13 1.006 0.689 0.795 0.797 1.051 0.705 1.229 0.843 1.674 1.487 0.757 1.31 0.897 0.542 0.652 0.826 1.085 0.887 0.981 0.669 0.846 1.346 0.826 0.551 0.875 0.628 1.23 0.793 0.794 0.603 0.86 0.65 0.94 0.929 0.634 0.822 0.924 1.389 0.683 0.762 1.327 1.218 0.668 0.718 0.848 1.0 0.942 0.964 0.772 0.698 1.0 0.678 0.628 0.613 0.762 1.0 1.338 1.0 0.645 1.581 1.0 1.507 1.0 0.659 0.747 1.0 0.697 1.0 0.677 1.121 1.0 1.081 1.0 0.749 0.943 1.0 0.653 1.0 1.049 0.762 1.0 0.842 1.0 1.125 1.336 1.0 0.779 1.0 0.665 0.776 1.0 0.649 1.0 1.263 0.769 1.0 1.0 1.0 0.696 0.712 1.0 1.0 1.0 0.703 0.717 1.0 1.0 1.0 0.966 0.672 1.0 1.0 1.0 1.162 0.699 1.0 1.0 1.0 0.83 0.704 1.0 1.0 1.0 1.051 0.968 1.0 1.0 1.0 0.966 1.0 1.0 1.0 1.0 0.743 1.0 1.0 1.0 1.0 0.725 1.0 1.0 1.0 1.0 0.692 1.0 1.0 1.0 1.0 0.771 1.0 1.0 1.0 1.0 0.698 1.0 1.0 1.0 1.0 0.696 1.0 1.0 1.0 1.0 0.781 1.0 1.0 1.0 1.0 0.851 1.0 1.0 1.0 1.0 0.875 1.0 1.0 1.0 1.0 0.74 1.0 1.0 1.0 1.0 0.887 1.0 1.0 1.0 1.0 1.372 1.0 1.0 1.0 1.0 0.619 1.0 1.0 1.0 1.0 1.0 1.0 1.0 1.0 1.0 1.0 1.0 1.0 1.0 1.0 1.0 1.0 1.0 1.0 1.0 1.0 1.0 1.0 1.0 1.0 1.0 1.0 1.0 1.0 1.0 1.0 1.0 1.0 1.0 1.0 1.0 1.0 1.0 1.0 1.0 1.0 1.0 1.0 1.0 1.0 1.0 1.0 1.0 1.0 1.0 1.0 1.0 1.0 1.0 1.0 1.0 1.0 1.0 1.0 1.0 1.0 1.0 1.0 1.0 1.0 1.0 1.0 1.0 1.0 1.0 1.0 1.0 1.0 1.0 1.0 1.0 1.0 1.0 1.0 1.0 1.0 1.0 1.0 1.0 1.0 1.0 1.0 1.0 1.0 1.0 1.0 1.0 1.0 1.0 1.0 1.0 1.0 1.0 1.0 1.0 1.0 1.0 1.0 1.0 1.0 1.0 1.0 1.0 1.0 1.0 1.0 1.0 1.0 1.0 1.0 1.0 1.0 1.0 1.0 1.0 1.0 1.0 1.0 1.0 1.0 1.212 0.889 0.801 1.167 1.132 0.838 1.21 1.196 0.798 0.752 1.274 0.83 1.113 0.784 1.158 0.83 0.829 1.314 0.945 1.284 0.965 1.261 0.759 1.272 0.899 0.971 0.956 1.26 0.704 1.33 1.281 1.291 1.24 1.304 0.734 0.614 1.212 1.3 1.305 1.416 1.299 1.261 1.309 1.215 1.343 1.359 1.231 0.715 1.301 1.299 1.278 1.245 0.914 1.301 1.308 1.221 1.296 1.235 1.33 1.453 1.114 1.244 0.833 1.1 1.294 1.303 1.305 1.295 1.33 0.852 1.281 1.347 1.313 1.313 1.301 0.863 1.301 1.269 1.246 0.777 1.357 0.653 1.301 0.832 1.304 1.244 1.301 0.732 1.299 0.992 0.673 1.236 1.317 0.95 1.289 1.276 1.193 1.19 0.828 1.303 1.367 0.762 1.385 1.27 1.308 0.782 1.126 1.158 0.853 0.832 1.329 1.436 1.267 0.969 1.305 1.197 1.056 1.217 1.253 0.839 1.194 1.095 0.745 1.31 0.803 1.109 1.24 1.042 0.999 0.955 1.381 1.051 1.008 1.18 1.434 1.151 1.121 1.121 1.182 1.167 0.722 1.321 0.838 0.655 0.719 0.63 1.0 0.845 0.61 1.0 0.681 1.0 0.787 1.0 1.0 0.73 1.0 0.833 1.0 1.0 0.767 1.0 1.319 1.0 1.0 0.948 1.0 1.331 1.0 1.0 1.943 1.0 1.326 1.0 1.0 0.743 1.0 0.875 1.0 1.0 1.802 1.0 0.77 1.0 1.0 0.798 1.0 0.758 1.0 1.0 0.902 1.0 0.753 1.0 1.0 0.741 1.0 0.748 1.0 1.0 1.0 1.0 0.635 1.0 1.0 1.0 1.0 1.435 1.0 1.0 1.0 1.0 1.224 1.0 1.0 1.0 1.0 1.083 1.0 1.0 1.0 1.0 0.996 1.0 1.0 1.0 1.0 0.963 1.0 1.0 1.0 1.0 0.915 1.0 1.0 1.0 1.0 0.933 1.0 1.0 1.0 1.0 1.392 1.0 1.0 1.0 1.0 1.38 1.0 1.0 1.0 1.0 0.808 1.0 1.0 1.0 1.0 0.74 1.0 1.0 1.0 1.0 0.693 1.0 1.0 1.0 1.0 1.016 1.0 1.0 1.0 1.0 0.925 1.0 1.0 1.0 1.0 0.915 1.0 1.0 1.0 1.0 0.962 1.0 1.0 1.0 1.0 0.958 1.0 1.0 1.0 1.0 0.624 1.0 1.0 1.0 1.0 0.877 1.0 1.0 1.0 1.0 0.958 1.0 1.0 1.0 1.0 1.411 1.0 1.0 1.0 1.0 0.634 1.0 1.0 1.0 1.0 0.654 1.0 1.0 1.0 1.0 0.698 1.0 1.0 1.0 1.0 0.679 1.0 1.0 1.0 1.0 0.949 1.0 1.0 1.0 1.0 0.652 1.0 1.0 1.0 1.0 1.012 1.0 1.0 1.0 1.0 0.774 1.0 1.0 1.0 1.0 1.316 1.0 1.0 1.0 1.0 0.649 1.0 1.0 1.0 1.0 0.788 1.0 1.0 1.0 1.0 0.694 1.0 1.0 1.0 1.0 0.677 1.0 1.0 1.0 1.0 0.7 1.0 1.0 1.158 1.212 0.827 1.11 1.104 1.289 1.204 1.198 0.765 1.163 0.843 0.853 1.132 0.751 1.298 1.281 1.247 1.283 0.855 0.74 0.872 1.062 0.711 0.948 0.892 1.28 1.276 0.852 1.271 0.883 0.924 0.819 0.859 1.302 0.953 0.977 1.122 1.102 1.298 1.307 1.034 1.215 1.314 1.316 0.853 1.29 1.363 1.249 1.268 1.373 1.302 0.869 1.243 0.623 1.089 0.76 1.061 1.38 0.975 1.381 1.3 1.063 0.677 1.662 0.75 1.141 1.264 1.46 1.465 0.971 0.895 1.484 1.125 1.026 1.45 1.111 1.292 1.075 1.608 1.086 1.141 1.42 1.309 0.613 0.873 1.055 1.0 1.484 1.454 1.298 0.794 1.0 0.904 1.363 0.783 0.843 1.0 0.805 0.854 0.787 0.688 1.0 0.832 0.661 1.347 1.137 1.0 0.667 1.141 0.824 1.175 1.0 0.747 1.686 1.032 1.102 1.0 0.941 0.742 0.981 1.298 1.0 0.859 0.725 1.259 0.713 1.0 0.885 0.744 0.657 1.012 1.0 0.927 1.111 0.671 0.952 1.0 0.635 0.9 0.681 1.013 1.0 0.701 0.901 0.852 1.012 1.0 0.713 0.739 0.91 0.996 1.0 0.783 0.907 0.621 0.839 1.0 0.822 1.167 1.0 0.942 1.0 0.672 1.109 1.0 1.072 1.0 0.733 0.979 1.0 0.768 1.0 0.719 0.816 1.0 0.902 1.0 1.0 1.069 1.0 0.83 1.0 1.0 0.959 1.0 0.699 1.0 1.0 1.034 1.0 0.706 1.0 1.0 1.173 1.0 0.67 1.0 1.0 1.206 1.0 0.655 1.0 1.0 0.754 1.0 0.677 1.0 1.0 0.771 1.0 0.617 1.0 1.0 0.75 1.0 0.7 1.0 1.0 0.723 1.0 1.0 1.0 1.0 0.671 1.0 1.0 1.0 1.0 0.755 1.0 1.0 1.0 1.0 0.698 1.0 1.0 1.0 1.0 1.0 1.0 1.0 1.0 1.0 1.0 1.0 1.0 1.0 1.0 1.0 1.0 1.0 1.0 1.0 1.0 1.0 1.0 1.0 1.0 1.0 1.0 1.0 1.0 1.0 1.0 1.0 1.0 1.0 1.0 1.0 1.0 1.0 1.0 1.0 1.0 1.0 1.0 1.0 1.0 1.0 1.0 1.0 1.0 1.0 1.0 1.0 1.0 1.0 1.0 1.0 1.0 1.0 1.0 1.0 1.0 1.0 1.0 1.0 1.0 1.0 1.0 1.0 1.0 1.0 1.0 1.0 1.0 1.0 1.0 1.0 1.0 1.0 1.0 1.0 1.0 1.0 1.0 1.0 1.0 1.0 1.0 1.0 1.0 1.0 1.0 1.0 1.0 1.0 1.0 1.0 1.0 1.0 1.0 1.0 1.0 1.0 1.0 1.0 1.0 1.0 1.0 1.0 1.0 1.0 1.0 1.0 1.0 1.0 1.0 1.0 1.0 1.0 1.0 1.0 1.0 1.0 1.0 1.0 1.0 1.0 1.0 1.0 1.0 1.0 1.0 1.0 1.0 1.0 1.0 1.0 1.0 1.0 1.0 1.0 1.0 1.0 1.0 1.0 1.0 1.0 1.0 0.868 0.963 1.153 0.843 1.104 0.9 1.282 1.256 0.799 1.131 1.23 1.294 0.76 0.993 1.317 0.832 0.833 0.731 0.687 0.749 1.299 1.282 1.318 1.241 1.115 0.838 0.831 0.746 0.481 0.78 1.031 0.849 1.312 0.78 0.849 0.949 0.88 1.025 0.812 0.962 0.836 0.772 0.884 1.403 0.779 1.029 0.896 1.179 0.839 1.201 0.769 0.917 0.924 0.855 1.295 0.774 1.097 1.021 0.826 0.789 1.113 0.691 1.195 1.0 1.13 0.806 1.07 1.109 1.0 1.237 0.94 0.753 1.214 1.0 0.723 0.64 0.984 1.188 1.0 1.16 0.847 1.265 1.046 1.0 1.056 0.968 0.629 1.013 1.0 0.763 0.771 1.062 0.863 1.0 0.72 1.064 0.968 0.783 1.0 0.745 1.025 0.969 1.284 1.0 0.724 1.097 1.071 1.12 1.0 0.717 0.758 1.209 0.744 1.0 0.757 0.923 1.101 0.742 1.0 1.614 1.029 0.563 1.118 1.0 0.914 1.066 1.099 0.751 1.0 0.721 0.695 0.929 1.143 1.0 0.734 0.733 0.553 0.754 1.0 1.0 0.668 0.823 1.114 1.0 1.0 0.852 1.494 1.331 1.0 1.0 0.955 0.953 1.333 1.0 1.0 1.127 0.706 0.714 1.0 1.0 0.649 0.904 0.753 1.0 1.0 0.657 0.882 1.19 1.0 1.0 1.0 0.678 1.197 1.0 1.0 1.0 1.096 1.15 1.0 1.0 1.0 0.679 0.742 1.0 1.0 1.0 0.71 1.185 1.0 1.0 1.0 0.705 0.851 1.0 1.0 1.0 0.702 0.861 1.0 1.0 1.0 0.776 1.074 1.0 1.0 1.0 0.71 0.698 1.0 1.0 1.0 0.687 0.712 1.0 1.0 1.0 0.933 0.692 1.0 1.0 1.0 0.799 0.679 1.0 1.0 1.0 0.712 0.697 1.0 1.0 1.0 1.093 0.647 1.0 1.0 1.0 0.894 0.588 1.0 1.0 1.0 1.015 0.631 1.0 1.0 1.0 0.675 1.0 1.0 1.0 1.0 0.597 1.0 1.0 1.0 1.0 0.652 1.0 1.0 1.0 1.0 0.7 1.0 1.0 1.0 1.0 0.66 1.0 1.0 1.0 1.0 0.671 1.0 1.0 1.0 1.0 0.701 1.0 1.0 1.0 1.0 0.708 1.0 1.0 1.0 1.0 0.705 1.0 1.0 1.0 1.0 0.698 1.0 1.0 1.0 1.0 0.669 1.0 1.0 1.0 1.0 1.0 1.0 1.0 1.0 1.0 1.0 1.0 1.0 1.0 1.0 1.0 1.0 1.0 1.0 1.0 1.0 1.0 1.0 1.0 1.0 1.0 1.0 1.0 1.0 1.0 1.0 1.0 1.0 1.0 1.0 1.0 1.0 1.0 1.0 1.0 1.0 1.0 1.0 1.0 1.0 1.0 1.0 1.0 1.0 1.0 1.0 1.0 1.0 1.0 1.0 1.0 1.0 1.0 1.0 1.0 1.0 1.0 1.0 1.0 1.0 1.0 1.0 1.0 1.0 1.0 1.0 1.0 1.0 1.0 1.0 1.0 1.0 1.0 1.0 1.0 1.0 1.0 1.0 1.0 1.212 1.212 1.087 1.167 0.817 1.225 1.298 1.225 1.246 1.21 1.327 0.846 0.761 1.293 1.203 0.819 0.843 1.134 0.723 0.836 0.831 1.179 1.252 1.054 1.151 0.817 1.146 0.96 1.162 0.797 1.285 0.472 1.047 0.745 1.251 1.037 1.16 0.774 0.924 1.071 1.162 1.274 1.316 1.167 1.146 0.923 1.297 1.32 1.275 0.899 0.802 1.118 1.227 1.19 1.331 1.047 0.637 1.12 0.906 1.198 1.276 1.362 1.381 1.342 1.028 1.282 0.447 1.42 1.143 1.33 1.08 1.538 0.701 0.937 0.933 1.278 1.249 0.707 1.411 0.913 1.034 0.984 1.25 1.338 1.0 1.379 0.611 1.266 1.474 1.0 1.509 1.301 1.306 0.663 1.0 0.691 1.376 1.308 1.365 1.0 1.146 0.599 1.383 0.661 1.0 1.211 1.307 1.137 1.203 1.0 0.816 1.308 0.972 0.958 1.0 1.127 1.527 1.42 0.715 1.0 1.197 1.553 0.929 1.04 1.0 1.32 1.013 0.754 1.01 1.0 1.284 1.579 1.071 1.029 1.0 1.213 0.897 0.782 0.751 1.0 1.017 1.667 1.087 0.914 1.0 1.065 0.539 1.009 0.637 1.0 0.981 0.824 1.027 0.897 1.0 0.699 1.226 0.741 0.941 1.0 0.705 1.301 0.973 0.757 1.0 0.697 0.813 0.775 1.0 1.0 0.705 0.588 0.882 1.0 1.0 0.7 0.676 1.0 1.0 1.0 0.665 0.632 1.0 1.0 1.0 0.621 0.684 1.0 1.0 1.0 1.027 0.699 1.0 1.0 1.0 0.728 0.688 1.0 1.0 1.0 1.189 0.696 1.0 1.0 1.0 1.203 1.0 1.0 1.0 1.0 0.988 1.0 1.0 1.0 1.0 1.11 1.0 1.0 1.0 1.0 0.771 1.0 1.0 1.0 1.0 0.888 1.0 1.0 1.0 1.0 1.087 1.0 1.0 1.0 1.0 0.74 1.0 1.0 1.0 1.0 0.837 1.0 1.0 1.0 1.0 1.0 1.0 1.0 1.0 1.0 1.0 1.0 1.0 1.0 1.0 1.0 1.0 1.0 1.0 1.0 1.0 1.0 1.0 1.0 1.0 1.0 1.0 1.0 1.0 1.0 1.0 1.0 1.0 1.0 1.0 1.0 1.0 1.0 1.0 1.0 1.0 1.0 1.0 1.0 1.0 1.0 1.0 1.0 1.0 1.0 1.0 1.0 1.0 1.0 1.0 1.0 1.0 1.0 1.0 1.0 1.0 1.0 1.0 1.0 1.0 1.0 1.0 1.0 1.0 1.0 1.0 1.0 1.0 1.0 1.0 1.0 1.0 1.0 1.0 1.0 1.0 1.0 1.0 1.0 1.0 1.0 1.0 1.0 1.0 1.0 1.0 1.0 1.0 1.0 1.0 1.0 1.0 1.0 1.0 1.0 1.0 1.0 1.0 1.0 1.0 1.0 1.0 1.0 1.0 1.0 1.0 1.0 1.0 1.0 1.0 1.0 1.0 1.0 1.0 1.0 1.0 1.0 1.0 1.0 1.0 1.0 1.0 1.0 1.0 1.0 1.0 1.0 1.0 1.0 1.0 1.0 1.0 1.0 1.0 1.0 0.868 0.889 1.153 1.167 0.817 1.289 1.217 1.258 0.77 1.227 0.748 0.739 1.117 1.122 1.215 0.92 0.735 1.279 0.766 1.155 0.913 1.326 1.274 0.826 0.858 0.929 0.783 0.717 1.022 1.101 0.932 1.0 1.284 1.039 0.915 1.18 0.901 0.709 1.271 1.197 0.887 1.03 0.824 1.366 1.125 0.732 0.861 1.148 1.384 1.211 1.328 0.974 1.188 1.343 1.089 1.034 0.972 0.832 1.438 0.55 0.607 1.169 0.895 1.539 1.235 1.333 0.941 0.896 0.86 1.463 0.847 1.268 1.015 0.976 0.625 1.297 1.29 0.941 1.0 1.18 0.909 1.226 1.335 1.0 1.302 0.91 1.169 0.852 1.0 1.299 1.174 1.322 1.275 1.0 1.499 0.947 0.951 0.961 1.0 0.751 0.999 0.604 1.308 1.0 0.815 0.925 0.62 1.169 1.0 0.828 1.171 0.774 0.663 1.0 0.804 1.446 0.906 0.965 1.0 2.052 1.029 0.911 0.975 1.0 0.992 0.835 1.343 1.021 1.0 0.742 1.491 0.905 1.122 1.0 2.147 0.8 0.993 1.007 1.0 0.886 1.087 1.075 0.829 1.0 0.659 0.909 0.648 0.697 1.0 0.731 0.804 0.757 0.756 1.0 0.782 0.98 1.531 0.82 1.0 0.648 1.0 0.771 1.011 1.0 0.699 1.0 0.853 0.833 1.0 0.702 1.0 0.735 0.901 1.0 0.681 1.0 0.9 0.698 1.0 0.698 1.0 0.869 0.795 1.0 0.763 1.0 0.823 0.7 1.0 0.685 1.0 0.684 1.259 1.0 2.301 1.0 1.0 0.714 1.0 0.639 1.0 1.0 0.713 1.0 0.645 1.0 1.0 0.993 1.0 1.0 1.0 1.0 0.764 1.0 1.0 1.0 1.0 0.748 1.0 1.0 1.0 1.0 1.831 1.0 1.0 1.0 1.0 1.0 1.0 1.0 1.0 1.0 1.0 1.0 1.0 1.0 1.0 1.0 1.0 1.0 1.0 1.0 1.0 1.0 1.0 1.0 1.0 1.0 1.0 1.0 1.0 1.0 1.0 1.0 1.0 1.0 1.0 1.0 1.0 1.0 1.0 1.0 1.0 1.0 1.0 1.0 1.0 1.0 1.0 1.0 1.0 1.0 1.0 1.0 1.0 1.0 1.0 1.0 1.0 1.0 1.0 1.0 1.0 1.0 1.0 1.0 1.0 1.0 1.0 1.0 1.0 1.0 1.0 1.0 1.0 1.0 1.0 1.0 1.0 1.0 1.0 1.0 1.0 1.0 1.0 1.0 1.0 1.0 1.0 1.0 1.0 1.0 1.0 1.0 1.0 1.0 1.0 1.0 1.0 1.0 1.0 1.0 1.0 1.0 1.0 1.0 1.0 1.0 1.0 1.0 1.0 1.0 1.0 1.0 1.0 1.0 1.0 1.0 1.0 1.0 1.0 1.0 1.0 1.0 1.0 1.0 1.0 1.0 1.0 1.0 1.0 1.0 1.0 1.0 1.0 1.0 1.0 1.0 1.0 1.0 1.0 1.0 1.0 1.0 1.0 1.0 1.0 1.0 1.0 1.0 1.0 1.0 1.0 1.0 1.0 1.0 1.0 1.0 1.0 1.0,2.3011966,1.3011966,0.427699,0.3,0.7889443635940552,0.0003,5,5.054638
96,0.2824176251888275,0.99175316,0.932 0.96 0.825 1.089 0.813 1.215 1.275 1.261 0.768 0.76 0.865 1.303 1.113 1.232 0.863 1.308 0.709 0.676 1.106 0.799 0.792 0.918 1.084 1.217 1.039 0.791 0.704 1.311 0.915 0.974 0.856 0.715 0.98 0.828 1.043 0.948 1.155 1.271 1.254 1.175 1.064 0.949 0.872 0.613 0.721 0.873 0.744 1.142 1.269 1.149 1.242 0.748 1.172 1.275 1.025 1.15 0.852 1.181 1.229 1.13 1.056 1.214 0.861 1.306 1.0 1.177 1.02 0.729 0.646 1.0 1.11 1.0 1.135 1.252 1.0 1.379 1.427 0.997 1.097 1.0 1.114 1.041 1.364 0.952 1.0 1.001 0.978 0.942 0.643 1.0 0.984 0.653 0.98 1.071 1.0 0.928 0.932 0.91 0.71 1.0 1.355 0.648 0.743 1.155 1.0 0.857 0.804 1.0 0.723 1.0 0.814 0.794 1.0 0.784 1.0 0.786 1.15 1.0 0.806 1.0 0.761 1.209 1.0 0.84 1.0 0.941 1.23 1.0 0.712 1.0 0.791 0.991 1.0 0.617 1.0 0.879 0.668 1.0 1.258 1.0 1.207 1.089 1.0 0.905 1.0 0.702 0.66 1.0 0.881 1.0 0.709 0.783 1.0 0.769 1.0 1.069 0.89 1.0 1.144 1.0 1.589 0.696 1.0 0.851 1.0 1.0 1.029 1.0 1.063 1.0 1.0 0.888 1.0 0.777 1.0 1.0 0.998 1.0 0.83 1.0 1.0 0.604 1.0 0.752 1.0 1.0 0.725 1.0 0.682 1.0 1.0 0.695 1.0 1.0 1.0 1.0 2.141 1.0 1.0 1.0 1.0 0.706 1.0 1.0 1.0 1.0 0.707 1.0 1.0 1.0 1.0 0.699 1.0 1.0 1.0 1.0 0.701 1.0 1.0 1.0 1.0 0.645 1.0 1.0 1.0 1.0 0.803 1.0 1.0 1.0 1.0 1.0 1.0 1.0 1.0 1.0 1.0 1.0 1.0 1.0 1.0 1.0 1.0 1.0 1.0 1.0 1.0 1.0 1.0 1.0 1.0 1.0 1.0 1.0 1.0 1.0 1.0 1.0 1.0 1.0 1.0 1.0 1.0 1.0 1.0 1.0 1.0 1.0 1.0 1.0 1.0 1.0 1.0 1.0 1.0 1.0 1.0 1.0 1.0 1.0 1.0 1.0 1.0 1.0 1.0 1.0 1.0 1.0 1.0 1.0 1.0 1.0 1.0 1.0 1.0 1.0 1.0 1.0 1.0 1.0 1.0 1.0 1.0 1.0 1.0 1.0 1.0 1.0 1.0 1.0 1.0 1.0 1.0 1.0 1.0 1.0 1.0 1.0 1.0 1.0 1.0 1.0 1.0 1.0 1.0 1.0 1.0 1.0 1.0 1.0 1.0 1.0 1.0 1.0 1.0 1.0 1.0 1.0 1.0 1.0 1.0 1.0 1.0 1.0 1.0 1.0 1.0 1.0 1.0 1.0 1.0 1.0 1.0 1.0 1.0 1.0 1.0 1.0 1.0 1.0 1.0 1.0 1.0 1.0 1.0 1.0 1.0 1.0 1.0 1.0 1.0 1.0 1.0 1.0 1.0 1.0 1.0 1.0 1.0 1.0 0.838 1.153 1.182 1.089 0.813 1.283 1.229 1.095 0.784 0.752 0.768 0.855 0.775 0.77 1.108 0.94 0.751 1.101 0.772 1.101 0.882 0.852 0.768 0.937 0.771 1.185 1.026 1.155 1.031 0.649 0.843 1.427 0.893 1.243 0.741 1.174 1.214 1.011 1.345 0.851 0.902 0.826 1.202 0.426 1.117 0.919 0.914 1.215 0.67 1.147 0.901 0.852 0.697 0.825 0.73 1.249 0.893 0.595 1.349 0.719 0.663 1.059 1.117 0.516 1.11 0.797 1.04 0.94 0.747 0.934 0.699 0.855 0.99 1.101 0.671 1.105 1.073 0.994 0.582 0.986 0.751 1.029 0.703 0.615 0.706 1.0 1.011 1.241 0.734 0.824 1.0 0.859 0.697 0.742 0.979 1.0 0.831 1.54 0.813 0.642 1.0 0.709 0.601 0.752 0.789 1.0 0.704 0.531 0.728 1.0 1.0 1.193 0.756 0.738 1.0 1.0 0.732 0.752 0.723 1.0 1.0 0.687 0.659 0.696 1.0 1.0 1.198 0.58 0.605 1.0 1.0 0.755 0.688 0.733 1.0 1.0 0.83 0.621 0.742 1.0 1.0 0.71 0.735 0.663 1.0 1.0 0.681 0.538 1.0 1.0 1.0 1.138 0.687 1.0 1.0 1.0 0.759 0.625 1.0 1.0 1.0 0.716 0.664 1.0 1.0 1.0 1.179 1.768 1.0 1.0 1.0 0.692 1.0 1.0 1.0 1.0 0.69 1.0 1.0 1.0 1.0 1.102 1.0 1.0 1.0 1.0 0.721 1.0 1.0 1.0 1.0 0.696 1.0 1.0 1.0 1.0 0.716 1.0 1.0 1.0 1.0 0.973 1.0 1.0 1.0 1.0 0.699 1.0 1.0 1.0 1.0 0.777 1.0 1.0 1.0 1.0 0.776 1.0 1.0 1.0 1.0 0.776 1.0 1.0 1.0 1.0 0.714 1.0 1.0 1.0 1.0 2.294 1.0 1.0 1.0 1.0 1.626 1.0 1.0 1.0 1.0 0.797 1.0 1.0 1.0 1.0 1.0 1.0 1.0 1.0 1.0 1.0 1.0 1.0 1.0 1.0 1.0 1.0 1.0 1.0 1.0 1.0 1.0 1.0 1.0 1.0 1.0 1.0 1.0 1.0 1.0 1.0 1.0 1.0 1.0 1.0 1.0 1.0 1.0 1.0 1.0 1.0 1.0 1.0 1.0 1.0 1.0 1.0 1.0 1.0 1.0 1.0 1.0 1.0 1.0 1.0 1.0 1.0 1.0 1.0 1.0 1.0 1.0 1.0 1.0 1.0 1.0 1.0 1.0 1.0 1.0 1.0 1.0 1.0 1.0 1.0 1.0 1.0 1.0 1.0 1.0 1.0 1.0 1.0 1.0 1.0 1.0 1.0 1.0 1.0 1.0 1.0 1.0 1.0 1.0 1.0 1.0 1.0 1.0 1.0 1.0 1.0 1.0 1.0 1.0 1.0 1.0 1.0 1.0 1.0 1.0 1.0 1.0 1.0 1.0 1.0 1.0 1.0 1.0 1.0 1.0 1.0 1.0 1.0 1.0 1.0 1.0 1.0 1.0 1.0 1.0 1.0 1.0 1.0 1.0 1.0 1.0 1.0 1.0 1.0 1.212 0.96 0.8 1.169 0.816 1.244 1.219 1.265 1.119 0.757 1.322 1.332 1.118 1.234 1.176 1.303 0.832 1.211 1.249 0.974 1.332 0.898 1.201 1.109 0.895 1.465 1.365 1.109 1.275 1.199 1.292 1.151 0.896 0.7 0.664 1.352 0.854 0.945 1.074 1.284 0.81 0.965 1.037 1.292 0.54 0.863 0.987 1.046 0.926 1.137 1.1 1.288 1.326 1.113 1.197 1.008 0.713 1.045 1.169 0.555 1.152 1.128 1.003 0.69 0.796 0.791 1.048 0.704 1.23 0.841 1.683 1.491 0.755 1.31 0.9 0.537 0.644 0.83 1.086 0.89 0.978 0.661 0.845 1.346 0.823 0.549 0.873 0.626 1.228 0.788 0.794 0.605 0.858 0.651 0.94 0.926 0.635 0.825 0.925 1.388 0.681 0.765 1.321 1.217 0.668 0.714 0.847 1.0 0.941 0.962 0.774 0.699 1.0 0.679 0.628 0.61 0.762 1.0 1.338 1.0 0.642 1.589 1.0 1.505 1.0 0.657 0.746 1.0 0.696 1.0 0.676 1.115 1.0 1.08 1.0 0.748 0.941 1.0 0.652 1.0 1.05 0.76 1.0 0.842 1.0 1.124 1.337 1.0 0.778 1.0 0.663 0.775 1.0 0.65 1.0 1.265 0.769 1.0 1.0 1.0 0.696 0.71 1.0 1.0 1.0 0.702 0.716 1.0 1.0 1.0 0.962 0.671 1.0 1.0 1.0 1.164 0.698 1.0 1.0 1.0 0.831 0.703 1.0 1.0 1.0 1.052 0.964 1.0 1.0 1.0 0.967 1.0 1.0 1.0 1.0 0.742 1.0 1.0 1.0 1.0 0.723 1.0 1.0 1.0 1.0 0.69 1.0 1.0 1.0 1.0 0.77 1.0 1.0 1.0 1.0 0.698 1.0 1.0 1.0 1.0 0.684 1.0 1.0 1.0 1.0 0.769 1.0 1.0 1.0 1.0 0.834 1.0 1.0 1.0 1.0 0.873 1.0 1.0 1.0 1.0 0.739 1.0 1.0 1.0 1.0 0.891 1.0 1.0 1.0 1.0 1.356 1.0 1.0 1.0 1.0 0.621 1.0 1.0 1.0 1.0 1.0 1.0 1.0 1.0 1.0 1.0 1.0 1.0 1.0 1.0 1.0 1.0 1.0 1.0 1.0 1.0 1.0 1.0 1.0 1.0 1.0 1.0 1.0 1.0 1.0 1.0 1.0 1.0 1.0 1.0 1.0 1.0 1.0 1.0 1.0 1.0 1.0 1.0 1.0 1.0 1.0 1.0 1.0 1.0 1.0 1.0 1.0 1.0 1.0 1.0 1.0 1.0 1.0 1.0 1.0 1.0 1.0 1.0 1.0 1.0 1.0 1.0 1.0 1.0 1.0 1.0 1.0 1.0 1.0 1.0 1.0 1.0 1.0 1.0 1.0 1.0 1.0 1.0 1.0 1.0 1.0 1.0 1.0 1.0 1.0 1.0 1.0 1.0 1.0 1.0 1.0 1.0 1.0 1.0 1.0 1.0 1.0 1.0 1.0 1.0 1.0 1.0 1.0 1.0 1.0 1.0 1.0 1.0 1.0 1.0 1.0 1.0 1.0 1.0 1.0 1.0 1.0 1.0 1.0 1.0 1.212 0.887 0.8 1.169 1.132 0.838 1.217 1.195 0.795 0.75 1.281 0.827 1.118 0.781 1.163 0.831 0.827 1.315 0.947 1.284 0.969 1.261 0.757 1.272 0.901 0.972 0.953 1.262 0.704 1.33 1.287 1.294 1.242 1.305 0.735 0.614 1.214 1.3 1.305 1.415 1.302 1.266 1.309 1.217 1.344 1.366 1.236 0.715 1.301 1.299 1.28 1.247 0.914 1.302 1.308 1.22 1.295 1.237 1.33 1.455 1.111 1.247 0.833 1.099 1.292 1.303 1.304 1.294 1.33 0.849 1.282 1.349 1.313 1.314 1.3 0.863 1.302 1.273 1.244 0.78 1.358 0.654 1.302 0.83 1.302 1.245 1.302 0.732 1.299 1.002 0.673 1.236 1.318 0.959 1.291 1.28 1.195 1.19 0.831 1.305 1.367 0.764 1.386 1.272 1.31 0.781 1.124 1.157 0.856 0.835 1.332 1.439 1.272 0.976 1.306 1.199 1.062 1.218 1.252 0.838 1.195 1.104 0.741 1.309 0.802 1.111 1.237 1.046 1.006 0.962 1.376 1.059 1.012 1.184 1.434 1.153 1.132 1.12 1.184 1.161 0.72 1.317 0.834 0.655 0.72 0.63 1.0 0.843 0.609 1.0 0.68 1.0 0.789 1.0 1.0 0.729 1.0 0.833 1.0 1.0 0.767 1.0 1.323 1.0 1.0 0.951 1.0 1.334 1.0 1.0 1.93 1.0 1.322 1.0 1.0 0.743 1.0 0.874 1.0 1.0 1.784 1.0 0.77 1.0 1.0 0.799 1.0 0.759 1.0 1.0 0.905 1.0 0.753 1.0 1.0 0.74 1.0 0.748 1.0 1.0 1.0 1.0 0.637 1.0 1.0 1.0 1.0 1.432 1.0 1.0 1.0 1.0 1.22 1.0 1.0 1.0 1.0 1.081 1.0 1.0 1.0 1.0 0.994 1.0 1.0 1.0 1.0 0.961 1.0 1.0 1.0 1.0 0.914 1.0 1.0 1.0 1.0 0.928 1.0 1.0 1.0 1.0 1.394 1.0 1.0 1.0 1.0 1.381 1.0 1.0 1.0 1.0 0.806 1.0 1.0 1.0 1.0 0.739 1.0 1.0 1.0 1.0 0.696 1.0 1.0 1.0 1.0 1.014 1.0 1.0 1.0 1.0 0.924 1.0 1.0 1.0 1.0 0.912 1.0 1.0 1.0 1.0 0.957 1.0 1.0 1.0 1.0 0.953 1.0 1.0 1.0 1.0 0.628 1.0 1.0 1.0 1.0 0.875 1.0 1.0 1.0 1.0 0.954 1.0 1.0 1.0 1.0 1.411 1.0 1.0 1.0 1.0 0.637 1.0 1.0 1.0 1.0 0.653 1.0 1.0 1.0 1.0 0.701 1.0 1.0 1.0 1.0 0.678 1.0 1.0 1.0 1.0 0.947 1.0 1.0 1.0 1.0 0.654 1.0 1.0 1.0 1.0 1.008 1.0 1.0 1.0 1.0 0.778 1.0 1.0 1.0 1.0 1.315 1.0 1.0 1.0 1.0 0.653 1.0 1.0 1.0 1.0 0.788 1.0 1.0 1.0 1.0 0.692 1.0 1.0 1.0 1.0 0.677 1.0 1.0 1.0 1.0 0.698 1.0 1.0 1.162 1.211 0.825 1.11 1.107 1.289 1.211 1.197 0.764 1.163 0.844 0.85 1.136 0.75 1.299 1.289 1.248 1.284 0.855 0.737 0.874 1.064 0.71 0.949 0.892 1.282 1.277 0.852 1.275 0.885 0.925 0.821 0.859 1.303 0.953 0.978 1.124 1.105 1.298 1.307 1.037 1.213 1.314 1.318 0.856 1.29 1.363 1.25 1.27 1.37 1.301 0.873 1.245 0.624 1.088 0.753 1.06 1.384 0.966 1.378 1.3 1.061 0.68 1.669 0.751 1.149 1.265 1.463 1.467 0.969 0.895 1.485 1.13 1.027 1.448 1.117 1.294 1.079 1.612 1.085 1.139 1.42 1.311 0.614 0.87 1.055 1.0 1.481 1.458 1.296 0.793 1.0 0.902 1.367 0.785 0.84 1.0 0.803 0.855 0.789 0.687 1.0 0.834 0.661 1.353 1.135 1.0 0.667 1.145 0.826 1.175 1.0 0.744 1.687 1.028 1.103 1.0 0.937 0.743 0.976 1.308 1.0 0.858 0.726 1.263 0.71 1.0 0.884 0.747 0.657 1.009 1.0 0.928 1.11 0.67 0.949 1.0 0.633 0.895 0.68 1.011 1.0 0.701 0.897 0.849 1.011 1.0 0.711 0.74 0.91 0.993 1.0 0.781 0.904 0.62 0.837 1.0 0.82 1.168 1.0 0.939 1.0 0.672 1.11 1.0 1.074 1.0 0.733 0.979 1.0 0.767 1.0 0.717 0.817 1.0 0.903 1.0 1.0 1.069 1.0 0.829 1.0 1.0 0.959 1.0 0.7 1.0 1.0 1.036 1.0 0.705 1.0 1.0 1.162 1.0 0.665 1.0 1.0 1.198 1.0 0.655 1.0 1.0 0.755 1.0 0.678 1.0 1.0 0.772 1.0 0.615 1.0 1.0 0.752 1.0 0.7 1.0 1.0 0.721 1.0 1.0 1.0 1.0 0.669 1.0 1.0 1.0 1.0 0.757 1.0 1.0 1.0 1.0 0.701 1.0 1.0 1.0 1.0 1.0 1.0 1.0 1.0 1.0 1.0 1.0 1.0 1.0 1.0 1.0 1.0 1.0 1.0 1.0 1.0 1.0 1.0 1.0 1.0 1.0 1.0 1.0 1.0 1.0 1.0 1.0 1.0 1.0 1.0 1.0 1.0 1.0 1.0 1.0 1.0 1.0 1.0 1.0 1.0 1.0 1.0 1.0 1.0 1.0 1.0 1.0 1.0 1.0 1.0 1.0 1.0 1.0 1.0 1.0 1.0 1.0 1.0 1.0 1.0 1.0 1.0 1.0 1.0 1.0 1.0 1.0 1.0 1.0 1.0 1.0 1.0 1.0 1.0 1.0 1.0 1.0 1.0 1.0 1.0 1.0 1.0 1.0 1.0 1.0 1.0 1.0 1.0 1.0 1.0 1.0 1.0 1.0 1.0 1.0 1.0 1.0 1.0 1.0 1.0 1.0 1.0 1.0 1.0 1.0 1.0 1.0 1.0 1.0 1.0 1.0 1.0 1.0 1.0 1.0 1.0 1.0 1.0 1.0 1.0 1.0 1.0 1.0 1.0 1.0 1.0 1.0 1.0 1.0 1.0 1.0 1.0 1.0 1.0 1.0 1.0 1.0 1.0 1.0 1.0 1.0 1.0 0.868 0.96 1.153 0.841 1.107 0.895 1.28 1.258 0.796 1.13 1.237 1.292 0.758 0.993 1.318 0.834 0.831 0.73 0.687 0.745 1.296 1.278 1.319 1.242 1.114 0.841 0.833 0.746 0.48 0.779 1.033 0.844 1.312 0.774 0.85 0.949 0.883 1.029 0.813 0.96 0.837 0.771 0.884 1.406 0.782 1.027 0.891 1.175 0.84 1.198 0.767 0.912 0.924 0.854 1.293 0.777 1.102 1.022 0.827 0.791 1.111 0.691 1.196 1.0 1.129 0.808 1.064 1.109 1.0 1.235 0.94 0.754 1.216 1.0 0.723 0.64 0.985 1.19 1.0 1.16 0.847 1.275 1.049 1.0 1.056 0.965 0.625 1.015 1.0 0.762 0.772 1.064 0.864 1.0 0.72 1.066 0.968 0.784 1.0 0.745 1.023 0.967 1.29 1.0 0.724 1.099 1.069 1.122 1.0 0.717 0.76 1.215 0.744 1.0 0.757 0.923 1.097 0.742 1.0 1.617 1.034 0.559 1.12 1.0 0.916 1.07 1.101 0.752 1.0 0.722 0.696 0.928 1.134 1.0 0.735 0.734 0.549 0.755 1.0 1.0 0.666 0.821 1.116 1.0 1.0 0.852 1.502 1.337 1.0 1.0 0.953 0.946 1.339 1.0 1.0 1.131 0.705 0.713 1.0 1.0 0.646 0.903 0.753 1.0 1.0 0.658 0.881 1.181 1.0 1.0 1.0 0.677 1.189 1.0 1.0 1.0 1.086 1.142 1.0 1.0 1.0 0.679 0.741 1.0 1.0 1.0 0.711 1.184 1.0 1.0 1.0 0.707 0.851 1.0 1.0 1.0 0.704 0.862 1.0 1.0 1.0 0.779 1.074 1.0 1.0 1.0 0.709 0.698 1.0 1.0 1.0 0.685 0.712 1.0 1.0 1.0 0.926 0.692 1.0 1.0 1.0 0.792 0.68 1.0 1.0 1.0 0.712 0.698 1.0 1.0 1.0 1.091 0.646 1.0 1.0 1.0 0.893 0.587 1.0 1.0 1.0 1.012 0.633 1.0 1.0 1.0 0.677 1.0 1.0 1.0 1.0 0.594 1.0 1.0 1.0 1.0 0.65 1.0 1.0 1.0 1.0 0.7 1.0 1.0 1.0 1.0 0.66 1.0 1.0 1.0 1.0 0.671 1.0 1.0 1.0 1.0 0.701 1.0 1.0 1.0 1.0 0.707 1.0 1.0 1.0 1.0 0.704 1.0 1.0 1.0 1.0 0.699 1.0 1.0 1.0 1.0 0.668 1.0 1.0 1.0 1.0 1.0 1.0 1.0 1.0 1.0 1.0 1.0 1.0 1.0 1.0 1.0 1.0 1.0 1.0 1.0 1.0 1.0 1.0 1.0 1.0 1.0 1.0 1.0 1.0 1.0 1.0 1.0 1.0 1.0 1.0 1.0 1.0 1.0 1.0 1.0 1.0 1.0 1.0 1.0 1.0 1.0 1.0 1.0 1.0 1.0 1.0 1.0 1.0 1.0 1.0 1.0 1.0 1.0 1.0 1.0 1.0 1.0 1.0 1.0 1.0 1.0 1.0 1.0 1.0 1.0 1.0 1.0 1.0 1.0 1.0 1.0 1.0 1.0 1.0 1.0 1.0 1.0 1.0 1.0 1.212 1.211 1.09 1.169 0.816 1.232 1.297 1.224 1.248 1.21 1.327 0.843 0.758 1.294 1.202 0.819 0.843 1.139 0.722 0.836 0.825 1.18 1.254 1.059 1.153 0.817 1.146 0.959 1.16 0.796 1.286 0.47 1.046 0.745 1.251 1.037 1.161 0.776 0.924 1.071 1.165 1.276 1.314 1.168 1.147 0.92 1.297 1.319 1.275 0.903 0.804 1.118 1.229 1.191 1.332 1.044 0.637 1.12 0.904 1.197 1.276 1.365 1.381 1.342 1.03 1.282 0.446 1.42 1.143 1.329 1.078 1.539 0.704 0.94 0.939 1.279 1.25 0.71 1.411 0.92 1.034 0.983 1.25 1.34 1.0 1.38 0.612 1.266 1.472 1.0 1.513 1.302 1.307 0.665 1.0 0.68 1.382 1.308 1.363 1.0 1.148 0.595 1.384 0.662 1.0 1.217 1.31 1.139 1.201 1.0 0.817 1.314 0.975 0.959 1.0 1.127 1.53 1.416 0.715 1.0 1.2 1.557 0.933 1.037 1.0 1.322 1.016 0.755 1.013 1.0 1.287 1.584 1.068 1.027 1.0 1.215 0.898 0.783 0.753 1.0 1.019 1.673 1.08 0.917 1.0 1.054 0.538 1.001 0.636 1.0 0.969 0.824 1.02 0.899 1.0 0.701 1.229 0.738 0.936 1.0 0.707 1.303 0.964 0.759 1.0 0.698 0.8 0.776 1.0 1.0 0.705 0.587 0.881 1.0 1.0 0.7 0.674 1.0 1.0 1.0 0.664 0.631 1.0 1.0 1.0 0.619 0.683 1.0 1.0 1.0 1.024 0.699 1.0 1.0 1.0 0.726 0.687 1.0 1.0 1.0 1.187 0.696 1.0 1.0 1.0 1.201 1.0 1.0 1.0 1.0 0.99 1.0 1.0 1.0 1.0 1.095 1.0 1.0 1.0 1.0 0.77 1.0 1.0 1.0 1.0 0.888 1.0 1.0 1.0 1.0 1.089 1.0 1.0 1.0 1.0 0.74 1.0 1.0 1.0 1.0 0.837 1.0 1.0 1.0 1.0 1.0 1.0 1.0 1.0 1.0 1.0 1.0 1.0 1.0 1.0 1.0 1.0 1.0 1.0 1.0 1.0 1.0 1.0 1.0 1.0 1.0 1.0 1.0 1.0 1.0 1.0 1.0 1.0 1.0 1.0 1.0 1.0 1.0 1.0 1.0 1.0 1.0 1.0 1.0 1.0 1.0 1.0 1.0 1.0 1.0 1.0 1.0 1.0 1.0 1.0 1.0 1.0 1.0 1.0 1.0 1.0 1.0 1.0 1.0 1.0 1.0 1.0 1.0 1.0 1.0 1.0 1.0 1.0 1.0 1.0 1.0 1.0 1.0 1.0 1.0 1.0 1.0 1.0 1.0 1.0 1.0 1.0 1.0 1.0 1.0 1.0 1.0 1.0 1.0 1.0 1.0 1.0 1.0 1.0 1.0 1.0 1.0 1.0 1.0 1.0 1.0 1.0 1.0 1.0 1.0 1.0 1.0 1.0 1.0 1.0 1.0 1.0 1.0 1.0 1.0 1.0 1.0 1.0 1.0 1.0 1.0 1.0 1.0 1.0 1.0 1.0 1.0 1.0 1.0 1.0 1.0 1.0 1.0 1.0 1.0 0.868 0.887 1.153 1.169 0.816 1.289 1.224 1.259 0.769 1.227 0.745 0.739 1.122 1.119 1.215 0.921 0.735 1.279 0.765 1.161 0.909 1.324 1.275 0.824 0.857 0.926 0.778 0.716 1.022 1.1 0.929 1.002 1.285 1.038 0.915 1.183 0.903 0.709 1.274 1.196 0.888 1.032 0.823 1.368 1.128 0.733 0.86 1.154 1.387 1.21 1.329 0.971 1.195 1.346 1.09 1.033 0.971 0.832 1.441 0.549 0.606 1.171 0.896 1.543 1.234 1.334 0.944 0.898 0.86 1.465 0.851 1.269 1.016 0.978 0.627 1.297 1.29 0.941 1.0 1.176 0.912 1.225 1.334 1.0 1.303 0.913 1.17 0.854 1.0 1.3 1.175 1.327 1.281 1.0 1.498 0.948 0.952 0.962 1.0 0.752 0.997 0.604 1.306 1.0 0.814 0.922 0.62 1.172 1.0 0.827 1.171 0.771 0.662 1.0 0.803 1.449 0.909 0.958 1.0 2.058 1.033 0.91 0.974 1.0 0.989 0.833 1.348 1.015 1.0 0.743 1.495 0.908 1.123 1.0 2.154 0.798 0.994 1.0 1.0 0.883 1.085 1.073 0.829 1.0 0.659 0.91 0.637 0.695 1.0 0.73 0.794 0.755 0.757 1.0 0.781 0.977 1.536 0.817 1.0 0.648 1.0 0.759 1.002 1.0 0.698 1.0 0.84 0.833 1.0 0.703 1.0 0.732 0.902 1.0 0.681 1.0 0.898 0.698 1.0 0.696 1.0 0.869 0.794 1.0 0.765 1.0 0.822 0.701 1.0 0.687 1.0 0.683 1.248 1.0 2.285 1.0 1.0 0.715 1.0 0.639 1.0 1.0 0.715 1.0 0.647 1.0 1.0 0.994 1.0 1.0 1.0 1.0 0.767 1.0 1.0 1.0 1.0 0.749 1.0 1.0 1.0 1.0 1.816 1.0 1.0 1.0 1.0 1.0 1.0 1.0 1.0 1.0 1.0 1.0 1.0 1.0 1.0 1.0 1.0 1.0 1.0 1.0 1.0 1.0 1.0 1.0 1.0 1.0 1.0 1.0 1.0 1.0 1.0 1.0 1.0 1.0 1.0 1.0 1.0 1.0 1.0 1.0 1.0 1.0 1.0 1.0 1.0 1.0 1.0 1.0 1.0 1.0 1.0 1.0 1.0 1.0 1.0 1.0 1.0 1.0 1.0 1.0 1.0 1.0 1.0 1.0 1.0 1.0 1.0 1.0 1.0 1.0 1.0 1.0 1.0 1.0 1.0 1.0 1.0 1.0 1.0 1.0 1.0 1.0 1.0 1.0 1.0 1.0 1.0 1.0 1.0 1.0 1.0 1.0 1.0 1.0 1.0 1.0 1.0 1.0 1.0 1.0 1.0 1.0 1.0 1.0 1.0 1.0 1.0 1.0 1.0 1.0 1.0 1.0 1.0 1.0 1.0 1.0 1.0 1.0 1.0 1.0 1.0 1.0 1.0 1.0 1.0 1.0 1.0 1.0 1.0 1.0 1.0 1.0 1.0 1.0 1.0 1.0 1.0 1.0 1.0 1.0 1.0 1.0 1.0 1.0 1.0 1.0 1.0 1.0 1.0 1.0 1.0 1.0 1.0 1.0 1.0 1.0 1.0 1.0,2.2944353,1.2944353,0.42575762,0.3,0.7927242517471313,0.0003,5,5.0132885
97,0.28425848484039307,0.991681,0.929 0.958 0.823 1.092 0.811 1.221 1.274 1.262 0.768 0.759 0.859 1.302 1.118 1.233 0.86 1.307 0.709 0.675 1.11 0.8 0.789 0.912 1.088 1.215 1.04 0.788 0.704 1.311 0.913 0.972 0.85 0.716 0.98 0.828 1.04 0.95 1.162 1.272 1.253 1.179 1.065 0.945 0.872 0.615 0.724 0.872 0.746 1.144 1.268 1.148 1.243 0.75 1.174 1.275 1.033 1.155 0.851 1.182 1.228 1.128 1.061 1.221 0.863 1.308 1.0 1.178 1.017 0.729 0.647 1.0 1.11 0.997 1.135 1.252 1.0 1.377 1.423 0.999 1.095 1.0 1.109 1.042 1.363 0.95 1.0 0.996 0.977 0.937 0.643 1.0 0.982 0.652 0.984 1.069 1.0 0.927 0.93 0.916 0.71 1.0 1.358 0.647 0.742 1.153 1.0 0.855 0.803 1.0 0.724 1.0 0.816 0.792 1.0 0.785 1.0 0.788 1.15 1.0 0.807 1.0 0.763 1.212 1.0 0.841 1.0 0.938 1.234 1.0 0.712 1.0 0.792 0.99 1.0 0.615 1.0 0.875 0.667 1.0 1.259 1.0 1.207 1.088 1.0 0.902 1.0 0.702 0.66 1.0 0.88 1.0 0.709 0.781 1.0 0.769 1.0 1.067 0.888 1.0 1.144 1.0 1.579 0.694 1.0 0.849 1.0 1.0 1.033 1.0 1.062 1.0 1.0 0.886 1.0 0.776 1.0 1.0 0.999 1.0 0.828 1.0 1.0 0.603 1.0 0.749 1.0 1.0 0.726 1.0 0.682 1.0 1.0 0.698 1.0 1.0 1.0 1.0 2.132 1.0 1.0 1.0 1.0 0.705 1.0 1.0 1.0 1.0 0.708 1.0 1.0 1.0 1.0 0.7 1.0 1.0 1.0 1.0 0.703 1.0 1.0 1.0 1.0 0.643 1.0 1.0 1.0 1.0 0.803 1.0 1.0 1.0 1.0 1.0 1.0 1.0 1.0 1.0 1.0 1.0 1.0 1.0 1.0 1.0 1.0 1.0 1.0 1.0 1.0 1.0 1.0 1.0 1.0 1.0 1.0 1.0 1.0 1.0 1.0 1.0 1.0 1.0 1.0 1.0 1.0 1.0 1.0 1.0 1.0 1.0 1.0 1.0 1.0 1.0 1.0 1.0 1.0 1.0 1.0 1.0 1.0 1.0 1.0 1.0 1.0 1.0 1.0 1.0 1.0 1.0 1.0 1.0 1.0 1.0 1.0 1.0 1.0 1.0 1.0 1.0 1.0 1.0 1.0 1.0 1.0 1.0 1.0 1.0 1.0 1.0 1.0 1.0 1.0 1.0 1.0 1.0 1.0 1.0 1.0 1.0 1.0 1.0 1.0 1.0 1.0 1.0 1.0 1.0 1.0 1.0 1.0 1.0 1.0 1.0 1.0 1.0 1.0 1.0 1.0 1.0 1.0 1.0 1.0 1.0 1.0 1.0 1.0 1.0 1.0 1.0 1.0 1.0 1.0 1.0 1.0 1.0 1.0 1.0 1.0 1.0 1.0 1.0 1.0 1.0 1.0 1.0 1.0 1.0 1.0 1.0 1.0 1.0 1.0 1.0 1.0 1.0 1.0 1.0 1.0 1.0 1.0 1.0 0.836 1.158 1.183 1.092 0.811 1.282 1.236 1.099 0.783 0.749 0.765 0.849 0.772 0.77 1.106 0.94 0.752 1.107 0.772 1.103 0.88 0.85 0.765 0.938 0.772 1.184 1.029 1.153 1.031 0.65 0.845 1.426 0.892 1.244 0.742 1.172 1.212 1.012 1.346 0.853 0.904 0.827 1.2 0.424 1.116 0.925 0.912 1.214 0.671 1.146 0.902 0.856 0.699 0.824 0.73 1.249 0.898 0.593 1.349 0.719 0.658 1.059 1.118 0.516 1.109 0.793 1.038 0.934 0.75 0.929 0.695 0.851 0.992 1.097 0.671 1.101 1.071 0.992 0.582 0.981 0.747 1.027 0.702 0.616 0.706 1.0 1.006 1.24 0.733 0.827 1.0 0.855 0.696 0.745 0.975 1.0 0.826 1.542 0.808 0.641 1.0 0.708 0.6 0.755 0.792 1.0 0.701 0.528 0.722 1.0 1.0 1.193 0.754 0.735 1.0 1.0 0.729 0.749 0.719 1.0 1.0 0.673 0.657 0.692 1.0 1.0 1.201 0.579 0.605 1.0 1.0 0.74 0.688 0.726 1.0 1.0 0.831 0.618 0.739 1.0 1.0 0.711 0.729 0.661 1.0 1.0 0.68 0.538 1.0 1.0 1.0 1.133 0.686 1.0 1.0 1.0 0.757 0.625 1.0 1.0 1.0 0.715 0.663 1.0 1.0 1.0 1.18 1.762 1.0 1.0 1.0 0.69 1.0 1.0 1.0 1.0 0.689 1.0 1.0 1.0 1.0 1.102 1.0 1.0 1.0 1.0 0.722 1.0 1.0 1.0 1.0 0.694 1.0 1.0 1.0 1.0 0.715 1.0 1.0 1.0 1.0 0.971 1.0 1.0 1.0 1.0 0.7 1.0 1.0 1.0 1.0 0.775 1.0 1.0 1.0 1.0 0.774 1.0 1.0 1.0 1.0 0.772 1.0 1.0 1.0 1.0 0.713 1.0 1.0 1.0 1.0 2.295 1.0 1.0 1.0 1.0 1.621 1.0 1.0 1.0 1.0 0.799 1.0 1.0 1.0 1.0 1.0 1.0 1.0 1.0 1.0 1.0 1.0 1.0 1.0 1.0 1.0 1.0 1.0 1.0 1.0 1.0 1.0 1.0 1.0 1.0 1.0 1.0 1.0 1.0 1.0 1.0 1.0 1.0 1.0 1.0 1.0 1.0 1.0 1.0 1.0 1.0 1.0 1.0 1.0 1.0 1.0 1.0 1.0 1.0 1.0 1.0 1.0 1.0 1.0 1.0 1.0 1.0 1.0 1.0 1.0 1.0 1.0 1.0 1.0 1.0 1.0 1.0 1.0 1.0 1.0 1.0 1.0 1.0 1.0 1.0 1.0 1.0 1.0 1.0 1.0 1.0 1.0 1.0 1.0 1.0 1.0 1.0 1.0 1.0 1.0 1.0 1.0 1.0 1.0 1.0 1.0 1.0 1.0 1.0 1.0 1.0 1.0 1.0 1.0 1.0 1.0 1.0 1.0 1.0 1.0 1.0 1.0 1.0 1.0 1.0 1.0 1.0 1.0 1.0 1.0 1.0 1.0 1.0 1.0 1.0 1.0 1.0 1.0 1.0 1.0 1.0 1.0 1.0 1.0 1.0 1.0 1.0 1.0 1.0 1.212 0.958 0.798 1.17 0.815 1.251 1.226 1.266 1.124 0.756 1.322 1.331 1.123 1.235 1.174 1.311 0.83 1.208 1.25 0.975 1.331 0.892 1.198 1.114 0.894 1.472 1.372 1.115 1.275 1.198 1.291 1.153 0.894 0.7 0.663 1.356 0.855 0.944 1.079 1.284 0.805 0.967 1.038 1.29 0.541 0.862 0.984 1.049 0.926 1.14 1.103 1.291 1.327 1.114 1.202 1.012 0.715 1.048 1.169 0.556 1.158 1.125 1.0 0.692 0.798 0.785 1.045 0.704 1.23 0.839 1.692 1.497 0.752 1.309 0.904 0.532 0.637 0.834 1.088 0.894 0.974 0.653 0.844 1.346 0.822 0.546 0.871 0.625 1.226 0.782 0.793 0.606 0.855 0.653 0.941 0.922 0.635 0.828 0.926 1.387 0.679 0.768 1.316 1.215 0.666 0.71 0.845 1.0 0.939 0.958 0.775 0.7 1.0 0.68 0.627 0.606 0.763 1.0 1.337 1.0 0.64 1.6 1.0 1.503 1.0 0.654 0.747 1.0 0.695 1.0 0.675 1.11 1.0 1.078 1.0 0.746 0.938 1.0 0.65 1.0 1.05 0.757 1.0 0.842 1.0 1.124 1.338 1.0 0.776 1.0 0.661 0.772 1.0 0.649 1.0 1.266 0.77 1.0 1.0 1.0 0.697 0.708 1.0 1.0 1.0 0.701 0.715 1.0 1.0 1.0 0.959 0.671 1.0 1.0 1.0 1.164 0.698 1.0 1.0 1.0 0.832 0.703 1.0 1.0 1.0 1.054 0.96 1.0 1.0 1.0 0.968 1.0 1.0 1.0 1.0 0.741 1.0 1.0 1.0 1.0 0.722 1.0 1.0 1.0 1.0 0.689 1.0 1.0 1.0 1.0 0.77 1.0 1.0 1.0 1.0 0.7 1.0 1.0 1.0 1.0 0.674 1.0 1.0 1.0 1.0 0.758 1.0 1.0 1.0 1.0 0.817 1.0 1.0 1.0 1.0 0.873 1.0 1.0 1.0 1.0 0.739 1.0 1.0 1.0 1.0 0.895 1.0 1.0 1.0 1.0 1.341 1.0 1.0 1.0 1.0 0.622 1.0 1.0 1.0 1.0 1.0 1.0 1.0 1.0 1.0 1.0 1.0 1.0 1.0 1.0 1.0 1.0 1.0 1.0 1.0 1.0 1.0 1.0 1.0 1.0 1.0 1.0 1.0 1.0 1.0 1.0 1.0 1.0 1.0 1.0 1.0 1.0 1.0 1.0 1.0 1.0 1.0 1.0 1.0 1.0 1.0 1.0 1.0 1.0 1.0 1.0 1.0 1.0 1.0 1.0 1.0 1.0 1.0 1.0 1.0 1.0 1.0 1.0 1.0 1.0 1.0 1.0 1.0 1.0 1.0 1.0 1.0 1.0 1.0 1.0 1.0 1.0 1.0 1.0 1.0 1.0 1.0 1.0 1.0 1.0 1.0 1.0 1.0 1.0 1.0 1.0 1.0 1.0 1.0 1.0 1.0 1.0 1.0 1.0 1.0 1.0 1.0 1.0 1.0 1.0 1.0 1.0 1.0 1.0 1.0 1.0 1.0 1.0 1.0 1.0 1.0 1.0 1.0 1.0 1.0 1.0 1.0 1.0 1.0 1.0 1.212 0.885 0.798 1.17 1.132 0.839 1.224 1.194 0.792 0.749 1.289 0.825 1.122 0.778 1.168 0.833 0.825 1.316 0.948 1.283 0.973 1.262 0.754 1.273 0.903 0.972 0.949 1.264 0.704 1.33 1.293 1.298 1.244 1.304 0.735 0.614 1.215 1.299 1.304 1.415 1.305 1.273 1.309 1.218 1.343 1.374 1.243 0.716 1.302 1.299 1.28 1.247 0.914 1.302 1.307 1.22 1.296 1.239 1.329 1.457 1.109 1.249 0.834 1.096 1.29 1.301 1.301 1.293 1.33 0.846 1.284 1.352 1.313 1.314 1.299 0.864 1.302 1.277 1.241 0.783 1.359 0.655 1.302 0.829 1.3 1.247 1.303 0.732 1.299 1.013 0.674 1.236 1.318 0.968 1.293 1.284 1.198 1.19 0.835 1.306 1.368 0.765 1.386 1.274 1.311 0.779 1.12 1.157 0.861 0.839 1.336 1.442 1.277 0.983 1.307 1.199 1.07 1.219 1.25 0.837 1.195 1.113 0.737 1.308 0.801 1.113 1.235 1.051 1.013 0.97 1.372 1.068 1.016 1.189 1.434 1.152 1.142 1.118 1.186 1.155 0.719 1.313 0.831 0.654 0.72 0.629 1.0 0.841 0.608 1.0 0.68 1.0 0.79 1.0 1.0 0.729 1.0 0.832 1.0 1.0 0.767 1.0 1.326 1.0 1.0 0.956 1.0 1.336 1.0 1.0 1.917 1.0 1.318 1.0 1.0 0.743 1.0 0.873 1.0 1.0 1.765 1.0 0.77 1.0 1.0 0.8 1.0 0.758 1.0 1.0 0.909 1.0 0.753 1.0 1.0 0.74 1.0 0.748 1.0 1.0 1.0 1.0 0.64 1.0 1.0 1.0 1.0 1.431 1.0 1.0 1.0 1.0 1.216 1.0 1.0 1.0 1.0 1.08 1.0 1.0 1.0 1.0 0.992 1.0 1.0 1.0 1.0 0.957 1.0 1.0 1.0 1.0 0.912 1.0 1.0 1.0 1.0 0.923 1.0 1.0 1.0 1.0 1.395 1.0 1.0 1.0 1.0 1.384 1.0 1.0 1.0 1.0 0.805 1.0 1.0 1.0 1.0 0.737 1.0 1.0 1.0 1.0 0.698 1.0 1.0 1.0 1.0 1.012 1.0 1.0 1.0 1.0 0.925 1.0 1.0 1.0 1.0 0.908 1.0 1.0 1.0 1.0 0.953 1.0 1.0 1.0 1.0 0.949 1.0 1.0 1.0 1.0 0.63 1.0 1.0 1.0 1.0 0.873 1.0 1.0 1.0 1.0 0.95 1.0 1.0 1.0 1.0 1.412 1.0 1.0 1.0 1.0 0.64 1.0 1.0 1.0 1.0 0.652 1.0 1.0 1.0 1.0 0.704 1.0 1.0 1.0 1.0 0.677 1.0 1.0 1.0 1.0 0.944 1.0 1.0 1.0 1.0 0.656 1.0 1.0 1.0 1.0 1.005 1.0 1.0 1.0 1.0 0.783 1.0 1.0 1.0 1.0 1.314 1.0 1.0 1.0 1.0 0.656 1.0 1.0 1.0 1.0 0.789 1.0 1.0 1.0 1.0 0.691 1.0 1.0 1.0 1.0 0.678 1.0 1.0 1.0 1.0 0.696 1.0 1.0 1.167 1.211 0.823 1.109 1.11 1.288 1.219 1.196 0.763 1.162 0.846 0.848 1.141 0.75 1.299 1.296 1.249 1.284 0.856 0.734 0.876 1.066 0.71 0.951 0.891 1.284 1.278 0.853 1.279 0.888 0.926 0.823 0.859 1.302 0.954 0.98 1.125 1.108 1.299 1.305 1.039 1.212 1.313 1.32 0.859 1.29 1.364 1.251 1.271 1.367 1.301 0.878 1.248 0.625 1.087 0.747 1.058 1.386 0.957 1.374 1.301 1.06 0.683 1.674 0.752 1.157 1.266 1.465 1.468 0.967 0.894 1.486 1.134 1.028 1.446 1.123 1.297 1.083 1.615 1.084 1.139 1.421 1.313 0.615 0.868 1.054 1.0 1.478 1.462 1.295 0.791 1.0 0.901 1.372 0.788 0.838 1.0 0.8 0.855 0.791 0.686 1.0 0.836 0.661 1.361 1.134 1.0 0.667 1.148 0.828 1.175 1.0 0.741 1.687 1.023 1.103 1.0 0.934 0.745 0.97 1.317 1.0 0.857 0.726 1.269 0.707 1.0 0.882 0.749 0.656 1.006 1.0 0.93 1.109 0.67 0.947 1.0 0.632 0.89 0.679 1.008 1.0 0.7 0.891 0.846 1.009 1.0 0.71 0.742 0.91 0.99 1.0 0.779 0.9 0.619 0.833 1.0 0.818 1.168 1.0 0.936 1.0 0.671 1.111 1.0 1.076 1.0 0.733 0.979 1.0 0.767 1.0 0.714 0.819 1.0 0.905 1.0 1.0 1.069 1.0 0.829 1.0 1.0 0.958 1.0 0.701 1.0 1.0 1.038 1.0 0.704 1.0 1.0 1.15 1.0 0.661 1.0 1.0 1.19 1.0 0.653 1.0 1.0 0.756 1.0 0.678 1.0 1.0 0.773 1.0 0.612 1.0 1.0 0.753 1.0 0.699 1.0 1.0 0.72 1.0 1.0 1.0 1.0 0.667 1.0 1.0 1.0 1.0 0.76 1.0 1.0 1.0 1.0 0.702 1.0 1.0 1.0 1.0 1.0 1.0 1.0 1.0 1.0 1.0 1.0 1.0 1.0 1.0 1.0 1.0 1.0 1.0 1.0 1.0 1.0 1.0 1.0 1.0 1.0 1.0 1.0 1.0 1.0 1.0 1.0 1.0 1.0 1.0 1.0 1.0 1.0 1.0 1.0 1.0 1.0 1.0 1.0 1.0 1.0 1.0 1.0 1.0 1.0 1.0 1.0 1.0 1.0 1.0 1.0 1.0 1.0 1.0 1.0 1.0 1.0 1.0 1.0 1.0 1.0 1.0 1.0 1.0 1.0 1.0 1.0 1.0 1.0 1.0 1.0 1.0 1.0 1.0 1.0 1.0 1.0 1.0 1.0 1.0 1.0 1.0 1.0 1.0 1.0 1.0 1.0 1.0 1.0 1.0 1.0 1.0 1.0 1.0 1.0 1.0 1.0 1.0 1.0 1.0 1.0 1.0 1.0 1.0 1.0 1.0 1.0 1.0 1.0 1.0 1.0 1.0 1.0 1.0 1.0 1.0 1.0 1.0 1.0 1.0 1.0 1.0 1.0 1.0 1.0 1.0 1.0 1.0 1.0 1.0 1.0 1.0 1.0 1.0 1.0 1.0 1.0 1.0 1.0 1.0 1.0 1.0 0.868 0.958 1.152 0.839 1.11 0.891 1.279 1.259 0.793 1.13 1.243 1.289 0.755 0.992 1.319 0.837 0.83 0.73 0.686 0.742 1.293 1.274 1.319 1.242 1.113 0.844 0.836 0.746 0.479 0.778 1.034 0.839 1.312 0.768 0.851 0.949 0.886 1.033 0.815 0.959 0.838 0.77 0.883 1.409 0.785 1.024 0.886 1.171 0.842 1.196 0.764 0.907 0.924 0.853 1.291 0.78 1.108 1.024 0.83 0.793 1.108 0.691 1.196 1.0 1.127 0.809 1.057 1.108 1.0 1.233 0.939 0.754 1.217 1.0 0.723 0.64 0.985 1.191 1.0 1.158 0.847 1.284 1.052 1.0 1.054 0.964 0.621 1.017 1.0 0.76 0.774 1.065 0.864 1.0 0.721 1.068 0.967 0.784 1.0 0.745 1.023 0.963 1.295 1.0 0.723 1.101 1.068 1.124 1.0 0.716 0.762 1.223 0.744 1.0 0.756 0.923 1.094 0.742 1.0 1.62 1.038 0.556 1.122 1.0 0.918 1.074 1.102 0.752 1.0 0.724 0.696 0.927 1.126 1.0 0.736 0.736 0.545 0.755 1.0 1.0 0.665 0.82 1.118 1.0 1.0 0.851 1.51 1.343 1.0 1.0 0.953 0.939 1.345 1.0 1.0 1.135 0.704 0.713 1.0 1.0 0.644 0.902 0.754 1.0 1.0 0.659 0.879 1.173 1.0 1.0 1.0 0.677 1.181 1.0 1.0 1.0 1.076 1.136 1.0 1.0 1.0 0.679 0.741 1.0 1.0 1.0 0.712 1.184 1.0 1.0 1.0 0.708 0.851 1.0 1.0 1.0 0.706 0.862 1.0 1.0 1.0 0.783 1.073 1.0 1.0 1.0 0.707 0.698 1.0 1.0 1.0 0.683 0.712 1.0 1.0 1.0 0.92 0.692 1.0 1.0 1.0 0.786 0.681 1.0 1.0 1.0 0.712 0.699 1.0 1.0 1.0 1.089 0.645 1.0 1.0 1.0 0.891 0.586 1.0 1.0 1.0 1.009 0.633 1.0 1.0 1.0 0.68 1.0 1.0 1.0 1.0 0.592 1.0 1.0 1.0 1.0 0.648 1.0 1.0 1.0 1.0 0.701 1.0 1.0 1.0 1.0 0.659 1.0 1.0 1.0 1.0 0.671 1.0 1.0 1.0 1.0 0.7 1.0 1.0 1.0 1.0 0.706 1.0 1.0 1.0 1.0 0.702 1.0 1.0 1.0 1.0 0.699 1.0 1.0 1.0 1.0 0.667 1.0 1.0 1.0 1.0 1.0 1.0 1.0 1.0 1.0 1.0 1.0 1.0 1.0 1.0 1.0 1.0 1.0 1.0 1.0 1.0 1.0 1.0 1.0 1.0 1.0 1.0 1.0 1.0 1.0 1.0 1.0 1.0 1.0 1.0 1.0 1.0 1.0 1.0 1.0 1.0 1.0 1.0 1.0 1.0 1.0 1.0 1.0 1.0 1.0 1.0 1.0 1.0 1.0 1.0 1.0 1.0 1.0 1.0 1.0 1.0 1.0 1.0 1.0 1.0 1.0 1.0 1.0 1.0 1.0 1.0 1.0 1.0 1.0 1.0 1.0 1.0 1.0 1.0 1.0 1.0 1.0 1.0 1.0 1.212 1.211 1.093 1.17 0.815 1.239 1.297 1.223 1.249 1.21 1.326 0.841 0.755 1.296 1.202 0.82 0.843 1.144 0.722 0.837 0.819 1.182 1.256 1.063 1.155 0.818 1.145 0.957 1.156 0.795 1.286 0.469 1.045 0.745 1.252 1.037 1.161 0.778 0.923 1.071 1.168 1.276 1.314 1.169 1.147 0.915 1.298 1.318 1.273 0.908 0.805 1.118 1.229 1.193 1.331 1.04 0.637 1.119 0.904 1.196 1.277 1.367 1.38 1.341 1.032 1.283 0.444 1.418 1.144 1.328 1.075 1.539 0.707 0.943 0.945 1.28 1.251 0.712 1.409 0.927 1.033 0.983 1.251 1.341 1.0 1.38 0.613 1.265 1.469 1.0 1.517 1.304 1.305 0.667 1.0 0.669 1.389 1.308 1.359 1.0 1.15 0.593 1.385 0.664 1.0 1.222 1.314 1.139 1.198 1.0 0.817 1.32 0.978 0.962 1.0 1.127 1.531 1.412 0.716 1.0 1.203 1.559 0.938 1.035 1.0 1.324 1.018 0.756 1.017 1.0 1.288 1.586 1.066 1.024 1.0 1.217 0.9 0.784 0.757 1.0 1.021 1.677 1.073 0.92 1.0 1.044 0.538 0.993 0.635 1.0 0.958 0.824 1.012 0.903 1.0 0.703 1.231 0.736 0.932 1.0 0.708 1.308 0.955 0.76 1.0 0.698 0.788 0.777 1.0 1.0 0.705 0.586 0.879 1.0 1.0 0.699 0.673 1.0 1.0 1.0 0.664 0.63 1.0 1.0 1.0 0.619 0.682 1.0 1.0 1.0 1.021 0.7 1.0 1.0 1.0 0.725 0.686 1.0 1.0 1.0 1.185 0.696 1.0 1.0 1.0 1.198 1.0 1.0 1.0 1.0 0.992 1.0 1.0 1.0 1.0 1.08 1.0 1.0 1.0 1.0 0.77 1.0 1.0 1.0 1.0 0.886 1.0 1.0 1.0 1.0 1.092 1.0 1.0 1.0 1.0 0.738 1.0 1.0 1.0 1.0 0.837 1.0 1.0 1.0 1.0 1.0 1.0 1.0 1.0 1.0 1.0 1.0 1.0 1.0 1.0 1.0 1.0 1.0 1.0 1.0 1.0 1.0 1.0 1.0 1.0 1.0 1.0 1.0 1.0 1.0 1.0 1.0 1.0 1.0 1.0 1.0 1.0 1.0 1.0 1.0 1.0 1.0 1.0 1.0 1.0 1.0 1.0 1.0 1.0 1.0 1.0 1.0 1.0 1.0 1.0 1.0 1.0 1.0 1.0 1.0 1.0 1.0 1.0 1.0 1.0 1.0 1.0 1.0 1.0 1.0 1.0 1.0 1.0 1.0 1.0 1.0 1.0 1.0 1.0 1.0 1.0 1.0 1.0 1.0 1.0 1.0 1.0 1.0 1.0 1.0 1.0 1.0 1.0 1.0 1.0 1.0 1.0 1.0 1.0 1.0 1.0 1.0 1.0 1.0 1.0 1.0 1.0 1.0 1.0 1.0 1.0 1.0 1.0 1.0 1.0 1.0 1.0 1.0 1.0 1.0 1.0 1.0 1.0 1.0 1.0 1.0 1.0 1.0 1.0 1.0 1.0 1.0 1.0 1.0 1.0 1.0 1.0 1.0 1.0 1.0 0.868 0.885 1.152 1.17 0.815 1.288 1.231 1.26 0.768 1.227 0.741 0.739 1.127 1.116 1.215 0.923 0.735 1.28 0.765 1.166 0.905 1.323 1.275 0.821 0.857 0.922 0.772 0.716 1.022 1.098 0.926 1.003 1.286 1.039 0.915 1.187 0.905 0.709 1.276 1.195 0.89 1.036 0.821 1.372 1.131 0.734 0.86 1.161 1.388 1.209 1.33 0.966 1.201 1.35 1.091 1.03 0.97 0.831 1.442 0.549 0.605 1.173 0.896 1.546 1.234 1.335 0.947 0.9 0.86 1.466 0.855 1.271 1.017 0.979 0.629 1.297 1.29 0.942 1.0 1.172 0.916 1.225 1.332 1.0 1.303 0.917 1.169 0.856 1.0 1.301 1.175 1.33 1.285 1.0 1.497 0.951 0.954 0.962 1.0 0.753 0.994 0.604 1.304 1.0 0.812 0.919 0.62 1.173 1.0 0.827 1.169 0.768 0.661 1.0 0.803 1.453 0.912 0.951 1.0 2.063 1.037 0.911 0.975 1.0 0.986 0.83 1.353 1.008 1.0 0.743 1.5 0.91 1.123 1.0 2.16 0.795 0.995 0.993 1.0 0.88 1.082 1.07 0.829 1.0 0.658 0.912 0.626 0.694 1.0 0.73 0.784 0.752 0.759 1.0 0.781 0.973 1.541 0.814 1.0 0.648 1.0 0.747 0.992 1.0 0.699 1.0 0.828 0.833 1.0 0.703 1.0 0.729 0.902 1.0 0.68 1.0 0.896 0.699 1.0 0.695 1.0 0.869 0.794 1.0 0.766 1.0 0.822 0.702 1.0 0.689 1.0 0.682 1.238 1.0 2.268 1.0 1.0 0.717 1.0 0.639 1.0 1.0 0.717 1.0 0.65 1.0 1.0 0.996 1.0 1.0 1.0 1.0 0.769 1.0 1.0 1.0 1.0 0.752 1.0 1.0 1.0 1.0 1.801 1.0 1.0 1.0 1.0 1.0 1.0 1.0 1.0 1.0 1.0 1.0 1.0 1.0 1.0 1.0 1.0 1.0 1.0 1.0 1.0 1.0 1.0 1.0 1.0 1.0 1.0 1.0 1.0 1.0 1.0 1.0 1.0 1.0 1.0 1.0 1.0 1.0 1.0 1.0 1.0 1.0 1.0 1.0 1.0 1.0 1.0 1.0 1.0 1.0 1.0 1.0 1.0 1.0 1.0 1.0 1.0 1.0 1.0 1.0 1.0 1.0 1.0 1.0 1.0 1.0 1.0 1.0 1.0 1.0 1.0 1.0 1.0 1.0 1.0 1.0 1.0 1.0 1.0 1.0 1.0 1.0 1.0 1.0 1.0 1.0 1.0 1.0 1.0 1.0 1.0 1.0 1.0 1.0 1.0 1.0 1.0 1.0 1.0 1.0 1.0 1.0 1.0 1.0 1.0 1.0 1.0 1.0 1.0 1.0 1.0 1.0 1.0 1.0 1.0 1.0 1.0 1.0 1.0 1.0 1.0 1.0 1.0 1.0 1.0 1.0 1.0 1.0 1.0 1.0 1.0 1.0 1.0 1.0 1.0 1.0 1.0 1.0 1.0 1.0 1.0 1.0 1.0 1.0 1.0 1.0 1.0 1.0 1.0 1.0 1.0 1.0 1.0 1.0 1.0 1.0 1.0 1.0,2.2946403,1.2946403,0.42396086,0.3,0.7962608337402344,0.0003,5,4.967313
98,0.28626370429992676,0.99159384,0.926 0.954 0.82 1.095 0.808 1.227 1.274 1.262 0.767 0.758 0.853 1.302 1.123 1.233 0.858 1.307 0.71 0.673 1.115 0.802 0.785 0.905 1.093 1.214 1.041 0.784 0.705 1.312 0.912 0.971 0.843 0.717 0.979 0.828 1.039 0.952 1.168 1.271 1.253 1.182 1.067 0.94 0.872 0.617 0.727 0.872 0.748 1.146 1.267 1.145 1.244 0.752 1.177 1.274 1.041 1.161 0.851 1.183 1.227 1.125 1.066 1.228 0.864 1.31 1.0 1.179 1.012 0.729 0.647 1.0 1.11 0.993 1.135 1.251 1.0 1.374 1.42 1.002 1.093 1.0 1.105 1.042 1.362 0.948 1.0 0.992 0.977 0.932 0.644 1.0 0.979 0.651 0.988 1.067 1.0 0.926 0.928 0.921 0.71 1.0 1.36 0.646 0.741 1.151 1.0 0.854 0.801 1.0 0.724 1.0 0.818 0.79 1.0 0.786 1.0 0.789 1.15 1.0 0.807 1.0 0.765 1.215 1.0 0.842 1.0 0.935 1.237 1.0 0.713 1.0 0.794 0.991 1.0 0.614 1.0 0.872 0.666 1.0 1.259 1.0 1.205 1.086 1.0 0.899 1.0 0.702 0.661 1.0 0.879 1.0 0.709 0.78 1.0 0.77 1.0 1.064 0.887 1.0 1.143 1.0 1.57 0.694 1.0 0.847 1.0 1.0 1.036 1.0 1.061 1.0 1.0 0.884 1.0 0.776 1.0 1.0 1.0 1.0 0.826 1.0 1.0 0.602 1.0 0.745 1.0 1.0 0.726 1.0 0.682 1.0 1.0 0.701 1.0 1.0 1.0 1.0 2.126 1.0 1.0 1.0 1.0 0.704 1.0 1.0 1.0 1.0 0.709 1.0 1.0 1.0 1.0 0.701 1.0 1.0 1.0 1.0 0.703 1.0 1.0 1.0 1.0 0.64 1.0 1.0 1.0 1.0 0.803 1.0 1.0 1.0 1.0 1.0 1.0 1.0 1.0 1.0 1.0 1.0 1.0 1.0 1.0 1.0 1.0 1.0 1.0 1.0 1.0 1.0 1.0 1.0 1.0 1.0 1.0 1.0 1.0 1.0 1.0 1.0 1.0 1.0 1.0 1.0 1.0 1.0 1.0 1.0 1.0 1.0 1.0 1.0 1.0 1.0 1.0 1.0 1.0 1.0 1.0 1.0 1.0 1.0 1.0 1.0 1.0 1.0 1.0 1.0 1.0 1.0 1.0 1.0 1.0 1.0 1.0 1.0 1.0 1.0 1.0 1.0 1.0 1.0 1.0 1.0 1.0 1.0 1.0 1.0 1.0 1.0 1.0 1.0 1.0 1.0 1.0 1.0 1.0 1.0 1.0 1.0 1.0 1.0 1.0 1.0 1.0 1.0 1.0 1.0 1.0 1.0 1.0 1.0 1.0 1.0 1.0 1.0 1.0 1.0 1.0 1.0 1.0 1.0 1.0 1.0 1.0 1.0 1.0 1.0 1.0 1.0 1.0 1.0 1.0 1.0 1.0 1.0 1.0 1.0 1.0 1.0 1.0 1.0 1.0 1.0 1.0 1.0 1.0 1.0 1.0 1.0 1.0 1.0 1.0 1.0 1.0 1.0 1.0 1.0 1.0 1.0 1.0 1.0 0.833 1.162 1.183 1.095 0.808 1.283 1.242 1.103 0.783 0.745 0.761 0.843 0.769 0.769 1.104 0.94 0.753 1.112 0.772 1.105 0.878 0.847 0.761 0.938 0.774 1.184 1.032 1.15 1.032 0.652 0.848 1.427 0.892 1.245 0.742 1.171 1.211 1.013 1.345 0.856 0.906 0.828 1.197 0.423 1.117 0.931 0.911 1.214 0.673 1.146 0.904 0.859 0.701 0.824 0.731 1.248 0.903 0.591 1.348 0.719 0.654 1.058 1.118 0.516 1.107 0.79 1.036 0.93 0.753 0.924 0.691 0.845 0.995 1.094 0.671 1.096 1.069 0.989 0.583 0.976 0.742 1.025 0.701 0.617 0.707 1.0 1.001 1.238 0.732 0.83 1.0 0.85 0.696 0.748 0.971 1.0 0.819 1.545 0.802 0.639 1.0 0.707 0.599 0.758 0.794 1.0 0.699 0.526 0.717 1.0 1.0 1.192 0.751 0.731 1.0 1.0 0.727 0.746 0.716 1.0 1.0 0.661 0.656 0.686 1.0 1.0 1.203 0.577 0.604 1.0 1.0 0.726 0.689 0.718 1.0 1.0 0.83 0.614 0.735 1.0 1.0 0.712 0.723 0.658 1.0 1.0 0.678 0.539 1.0 1.0 1.0 1.129 0.686 1.0 1.0 1.0 0.755 0.624 1.0 1.0 1.0 0.713 0.663 1.0 1.0 1.0 1.182 1.758 1.0 1.0 1.0 0.689 1.0 1.0 1.0 1.0 0.688 1.0 1.0 1.0 1.0 1.102 1.0 1.0 1.0 1.0 0.722 1.0 1.0 1.0 1.0 0.692 1.0 1.0 1.0 1.0 0.713 1.0 1.0 1.0 1.0 0.967 1.0 1.0 1.0 1.0 0.7 1.0 1.0 1.0 1.0 0.772 1.0 1.0 1.0 1.0 0.771 1.0 1.0 1.0 1.0 0.768 1.0 1.0 1.0 1.0 0.713 1.0 1.0 1.0 1.0 2.296 1.0 1.0 1.0 1.0 1.617 1.0 1.0 1.0 1.0 0.801 1.0 1.0 1.0 1.0 1.0 1.0 1.0 1.0 1.0 1.0 1.0 1.0 1.0 1.0 1.0 1.0 1.0 1.0 1.0 1.0 1.0 1.0 1.0 1.0 1.0 1.0 1.0 1.0 1.0 1.0 1.0 1.0 1.0 1.0 1.0 1.0 1.0 1.0 1.0 1.0 1.0 1.0 1.0 1.0 1.0 1.0 1.0 1.0 1.0 1.0 1.0 1.0 1.0 1.0 1.0 1.0 1.0 1.0 1.0 1.0 1.0 1.0 1.0 1.0 1.0 1.0 1.0 1.0 1.0 1.0 1.0 1.0 1.0 1.0 1.0 1.0 1.0 1.0 1.0 1.0 1.0 1.0 1.0 1.0 1.0 1.0 1.0 1.0 1.0 1.0 1.0 1.0 1.0 1.0 1.0 1.0 1.0 1.0 1.0 1.0 1.0 1.0 1.0 1.0 1.0 1.0 1.0 1.0 1.0 1.0 1.0 1.0 1.0 1.0 1.0 1.0 1.0 1.0 1.0 1.0 1.0 1.0 1.0 1.0 1.0 1.0 1.0 1.0 1.0 1.0 1.0 1.0 1.0 1.0 1.0 1.0 1.0 1.0 1.213 0.954 0.797 1.171 0.814 1.258 1.232 1.267 1.128 0.755 1.322 1.331 1.128 1.235 1.174 1.319 0.827 1.207 1.25 0.977 1.332 0.885 1.197 1.119 0.893 1.478 1.379 1.12 1.274 1.197 1.292 1.155 0.892 0.7 0.664 1.358 0.856 0.943 1.084 1.283 0.8 0.968 1.04 1.291 0.542 0.861 0.979 1.051 0.926 1.145 1.108 1.294 1.328 1.115 1.208 1.016 0.718 1.05 1.169 0.557 1.164 1.123 0.997 0.693 0.801 0.778 1.043 0.705 1.231 0.837 1.702 1.503 0.75 1.307 0.909 0.526 0.63 0.839 1.091 0.897 0.97 0.646 0.842 1.344 0.82 0.544 0.869 0.623 1.224 0.776 0.791 0.607 0.851 0.655 0.943 0.918 0.637 0.832 0.928 1.387 0.677 0.771 1.311 1.212 0.665 0.704 0.843 1.0 0.938 0.953 0.775 0.701 1.0 0.682 0.626 0.601 0.764 1.0 1.334 1.0 0.637 1.613 1.0 1.503 1.0 0.652 0.748 1.0 0.693 1.0 0.673 1.106 1.0 1.075 1.0 0.745 0.935 1.0 0.647 1.0 1.05 0.754 1.0 0.843 1.0 1.125 1.337 1.0 0.775 1.0 0.658 0.77 1.0 0.649 1.0 1.267 0.77 1.0 1.0 1.0 0.697 0.706 1.0 1.0 1.0 0.699 0.714 1.0 1.0 1.0 0.957 0.671 1.0 1.0 1.0 1.164 0.698 1.0 1.0 1.0 0.833 0.704 1.0 1.0 1.0 1.056 0.956 1.0 1.0 1.0 0.969 1.0 1.0 1.0 1.0 0.74 1.0 1.0 1.0 1.0 0.721 1.0 1.0 1.0 1.0 0.688 1.0 1.0 1.0 1.0 0.77 1.0 1.0 1.0 1.0 0.701 1.0 1.0 1.0 1.0 0.665 1.0 1.0 1.0 1.0 0.749 1.0 1.0 1.0 1.0 0.801 1.0 1.0 1.0 1.0 0.872 1.0 1.0 1.0 1.0 0.738 1.0 1.0 1.0 1.0 0.898 1.0 1.0 1.0 1.0 1.327 1.0 1.0 1.0 1.0 0.623 1.0 1.0 1.0 1.0 1.0 1.0 1.0 1.0 1.0 1.0 1.0 1.0 1.0 1.0 1.0 1.0 1.0 1.0 1.0 1.0 1.0 1.0 1.0 1.0 1.0 1.0 1.0 1.0 1.0 1.0 1.0 1.0 1.0 1.0 1.0 1.0 1.0 1.0 1.0 1.0 1.0 1.0 1.0 1.0 1.0 1.0 1.0 1.0 1.0 1.0 1.0 1.0 1.0 1.0 1.0 1.0 1.0 1.0 1.0 1.0 1.0 1.0 1.0 1.0 1.0 1.0 1.0 1.0 1.0 1.0 1.0 1.0 1.0 1.0 1.0 1.0 1.0 1.0 1.0 1.0 1.0 1.0 1.0 1.0 1.0 1.0 1.0 1.0 1.0 1.0 1.0 1.0 1.0 1.0 1.0 1.0 1.0 1.0 1.0 1.0 1.0 1.0 1.0 1.0 1.0 1.0 1.0 1.0 1.0 1.0 1.0 1.0 1.0 1.0 1.0 1.0 1.0 1.0 1.0 1.0 1.0 1.0 1.0 1.0 1.213 0.883 0.797 1.171 1.132 0.84 1.231 1.194 0.789 0.749 1.295 0.822 1.127 0.774 1.173 0.835 0.823 1.316 0.95 1.284 0.977 1.264 0.75 1.274 0.905 0.972 0.944 1.265 0.704 1.331 1.298 1.301 1.245 1.302 0.736 0.614 1.216 1.3 1.301 1.415 1.308 1.281 1.31 1.219 1.341 1.382 1.25 0.716 1.302 1.3 1.278 1.246 0.915 1.301 1.307 1.222 1.299 1.241 1.329 1.459 1.108 1.25 0.835 1.092 1.289 1.296 1.295 1.29 1.332 0.843 1.287 1.355 1.312 1.315 1.299 0.864 1.304 1.282 1.24 0.787 1.363 0.656 1.303 0.828 1.298 1.25 1.304 0.733 1.298 1.024 0.676 1.237 1.317 0.977 1.294 1.287 1.202 1.19 0.839 1.306 1.371 0.766 1.386 1.276 1.311 0.778 1.114 1.156 0.865 0.842 1.341 1.445 1.282 0.99 1.308 1.197 1.078 1.219 1.249 0.835 1.192 1.122 0.734 1.307 0.8 1.116 1.233 1.056 1.021 0.978 1.368 1.077 1.02 1.194 1.434 1.151 1.154 1.116 1.189 1.15 0.716 1.308 0.828 0.652 0.721 0.629 1.0 0.839 0.607 1.0 0.68 1.0 0.792 1.0 1.0 0.729 1.0 0.831 1.0 1.0 0.768 1.0 1.33 1.0 1.0 0.962 1.0 1.338 1.0 1.0 1.904 1.0 1.316 1.0 1.0 0.744 1.0 0.873 1.0 1.0 1.747 1.0 0.769 1.0 1.0 0.799 1.0 0.758 1.0 1.0 0.911 1.0 0.752 1.0 1.0 0.739 1.0 0.747 1.0 1.0 1.0 1.0 0.642 1.0 1.0 1.0 1.0 1.431 1.0 1.0 1.0 1.0 1.214 1.0 1.0 1.0 1.0 1.079 1.0 1.0 1.0 1.0 0.989 1.0 1.0 1.0 1.0 0.953 1.0 1.0 1.0 1.0 0.911 1.0 1.0 1.0 1.0 0.92 1.0 1.0 1.0 1.0 1.396 1.0 1.0 1.0 1.0 1.386 1.0 1.0 1.0 1.0 0.804 1.0 1.0 1.0 1.0 0.734 1.0 1.0 1.0 1.0 0.7 1.0 1.0 1.0 1.0 1.012 1.0 1.0 1.0 1.0 0.926 1.0 1.0 1.0 1.0 0.904 1.0 1.0 1.0 1.0 0.95 1.0 1.0 1.0 1.0 0.946 1.0 1.0 1.0 1.0 0.633 1.0 1.0 1.0 1.0 0.872 1.0 1.0 1.0 1.0 0.947 1.0 1.0 1.0 1.0 1.412 1.0 1.0 1.0 1.0 0.643 1.0 1.0 1.0 1.0 0.651 1.0 1.0 1.0 1.0 0.706 1.0 1.0 1.0 1.0 0.676 1.0 1.0 1.0 1.0 0.94 1.0 1.0 1.0 1.0 0.658 1.0 1.0 1.0 1.0 1.003 1.0 1.0 1.0 1.0 0.787 1.0 1.0 1.0 1.0 1.313 1.0 1.0 1.0 1.0 0.659 1.0 1.0 1.0 1.0 0.79 1.0 1.0 1.0 1.0 0.69 1.0 1.0 1.0 1.0 0.679 1.0 1.0 1.0 1.0 0.695 1.0 1.0 1.171 1.212 0.82 1.108 1.113 1.289 1.226 1.196 0.763 1.161 0.848 0.845 1.146 0.75 1.301 1.304 1.251 1.284 0.857 0.73 0.878 1.068 0.71 0.953 0.891 1.287 1.28 0.854 1.283 0.891 0.926 0.825 0.86 1.3 0.954 0.981 1.127 1.111 1.3 1.302 1.042 1.211 1.311 1.321 0.863 1.291 1.367 1.252 1.272 1.362 1.302 0.882 1.25 0.626 1.087 0.742 1.054 1.388 0.949 1.369 1.302 1.06 0.686 1.678 0.754 1.165 1.267 1.466 1.469 0.965 0.893 1.489 1.139 1.029 1.444 1.129 1.298 1.087 1.616 1.084 1.14 1.422 1.314 0.617 0.866 1.053 1.0 1.475 1.464 1.293 0.791 1.0 0.899 1.374 0.791 0.834 1.0 0.796 0.855 0.794 0.685 1.0 0.839 0.661 1.37 1.132 1.0 0.667 1.15 0.83 1.174 1.0 0.737 1.689 1.017 1.104 1.0 0.931 0.747 0.965 1.326 1.0 0.856 0.727 1.275 0.704 1.0 0.879 0.752 0.655 1.005 1.0 0.93 1.109 0.669 0.944 1.0 0.632 0.884 0.679 1.005 1.0 0.7 0.886 0.842 1.007 1.0 0.708 0.743 0.91 0.988 1.0 0.778 0.896 0.618 0.829 1.0 0.817 1.168 1.0 0.933 1.0 0.671 1.111 1.0 1.077 1.0 0.732 0.978 1.0 0.766 1.0 0.711 0.819 1.0 0.907 1.0 1.0 1.069 1.0 0.828 1.0 1.0 0.957 1.0 0.701 1.0 1.0 1.04 1.0 0.702 1.0 1.0 1.138 1.0 0.657 1.0 1.0 1.183 1.0 0.651 1.0 1.0 0.756 1.0 0.678 1.0 1.0 0.773 1.0 0.609 1.0 1.0 0.753 1.0 0.699 1.0 1.0 0.718 1.0 1.0 1.0 1.0 0.665 1.0 1.0 1.0 1.0 0.763 1.0 1.0 1.0 1.0 0.702 1.0 1.0 1.0 1.0 1.0 1.0 1.0 1.0 1.0 1.0 1.0 1.0 1.0 1.0 1.0 1.0 1.0 1.0 1.0 1.0 1.0 1.0 1.0 1.0 1.0 1.0 1.0 1.0 1.0 1.0 1.0 1.0 1.0 1.0 1.0 1.0 1.0 1.0 1.0 1.0 1.0 1.0 1.0 1.0 1.0 1.0 1.0 1.0 1.0 1.0 1.0 1.0 1.0 1.0 1.0 1.0 1.0 1.0 1.0 1.0 1.0 1.0 1.0 1.0 1.0 1.0 1.0 1.0 1.0 1.0 1.0 1.0 1.0 1.0 1.0 1.0 1.0 1.0 1.0 1.0 1.0 1.0 1.0 1.0 1.0 1.0 1.0 1.0 1.0 1.0 1.0 1.0 1.0 1.0 1.0 1.0 1.0 1.0 1.0 1.0 1.0 1.0 1.0 1.0 1.0 1.0 1.0 1.0 1.0 1.0 1.0 1.0 1.0 1.0 1.0 1.0 1.0 1.0 1.0 1.0 1.0 1.0 1.0 1.0 1.0 1.0 1.0 1.0 1.0 1.0 1.0 1.0 1.0 1.0 1.0 1.0 1.0 1.0 1.0 1.0 1.0 1.0 1.0 1.0 1.0 1.0 0.868 0.954 1.153 0.836 1.113 0.886 1.278 1.26 0.79 1.128 1.249 1.287 0.752 0.991 1.32 0.839 0.827 0.729 0.687 0.738 1.292 1.272 1.319 1.243 1.111 0.848 0.839 0.746 0.478 0.778 1.036 0.833 1.312 0.763 0.852 0.949 0.889 1.037 0.817 0.957 0.839 0.768 0.882 1.41 0.788 1.022 0.879 1.168 0.845 1.195 0.763 0.9 0.923 0.851 1.29 0.783 1.114 1.025 0.832 0.795 1.105 0.691 1.197 1.0 1.123 0.811 1.052 1.108 1.0 1.232 0.939 0.755 1.218 1.0 0.723 0.641 0.986 1.192 1.0 1.155 0.846 1.294 1.055 1.0 1.052 0.963 0.617 1.018 1.0 0.759 0.777 1.066 0.864 1.0 0.723 1.07 0.965 0.784 1.0 0.745 1.022 0.96 1.301 1.0 0.721 1.103 1.066 1.126 1.0 0.716 0.765 1.23 0.744 1.0 0.756 0.923 1.09 0.742 1.0 1.623 1.043 0.553 1.124 1.0 0.92 1.077 1.102 0.751 1.0 0.726 0.698 0.925 1.118 1.0 0.736 0.738 0.542 0.755 1.0 1.0 0.665 0.817 1.119 1.0 1.0 0.851 1.519 1.35 1.0 1.0 0.954 0.934 1.352 1.0 1.0 1.139 0.702 0.712 1.0 1.0 0.641 0.9 0.754 1.0 1.0 0.66 0.877 1.167 1.0 1.0 1.0 0.677 1.174 1.0 1.0 1.0 1.067 1.13 1.0 1.0 1.0 0.679 0.739 1.0 1.0 1.0 0.712 1.183 1.0 1.0 1.0 0.708 0.85 1.0 1.0 1.0 0.707 0.862 1.0 1.0 1.0 0.785 1.072 1.0 1.0 1.0 0.705 0.698 1.0 1.0 1.0 0.681 0.712 1.0 1.0 1.0 0.914 0.69 1.0 1.0 1.0 0.78 0.682 1.0 1.0 1.0 0.711 0.701 1.0 1.0 1.0 1.086 0.643 1.0 1.0 1.0 0.888 0.584 1.0 1.0 1.0 1.006 0.633 1.0 1.0 1.0 0.683 1.0 1.0 1.0 1.0 0.59 1.0 1.0 1.0 1.0 0.646 1.0 1.0 1.0 1.0 0.703 1.0 1.0 1.0 1.0 0.658 1.0 1.0 1.0 1.0 0.67 1.0 1.0 1.0 1.0 0.699 1.0 1.0 1.0 1.0 0.703 1.0 1.0 1.0 1.0 0.7 1.0 1.0 1.0 1.0 0.698 1.0 1.0 1.0 1.0 0.665 1.0 1.0 1.0 1.0 1.0 1.0 1.0 1.0 1.0 1.0 1.0 1.0 1.0 1.0 1.0 1.0 1.0 1.0 1.0 1.0 1.0 1.0 1.0 1.0 1.0 1.0 1.0 1.0 1.0 1.0 1.0 1.0 1.0 1.0 1.0 1.0 1.0 1.0 1.0 1.0 1.0 1.0 1.0 1.0 1.0 1.0 1.0 1.0 1.0 1.0 1.0 1.0 1.0 1.0 1.0 1.0 1.0 1.0 1.0 1.0 1.0 1.0 1.0 1.0 1.0 1.0 1.0 1.0 1.0 1.0 1.0 1.0 1.0 1.0 1.0 1.0 1.0 1.0 1.0 1.0 1.0 1.0 1.0 1.213 1.212 1.096 1.171 0.814 1.245 1.297 1.223 1.25 1.211 1.327 0.838 0.752 1.296 1.202 0.821 0.844 1.15 0.722 0.838 0.813 1.184 1.259 1.068 1.158 0.819 1.142 0.954 1.154 0.794 1.288 0.468 1.045 0.745 1.253 1.037 1.16 0.78 0.922 1.07 1.172 1.275 1.313 1.17 1.148 0.91 1.3 1.317 1.271 0.913 0.807 1.119 1.229 1.194 1.33 1.035 0.638 1.118 0.904 1.196 1.279 1.367 1.377 1.338 1.035 1.285 0.443 1.414 1.144 1.325 1.071 1.538 0.71 0.946 0.952 1.281 1.25 0.715 1.406 0.934 1.03 0.984 1.252 1.342 1.0 1.38 0.614 1.266 1.464 1.0 1.521 1.307 1.302 0.669 1.0 0.659 1.395 1.309 1.354 1.0 1.151 0.59 1.388 0.665 1.0 1.228 1.319 1.139 1.194 1.0 0.816 1.325 0.981 0.964 1.0 1.127 1.532 1.408 0.716 1.0 1.206 1.561 0.942 1.033 1.0 1.326 1.02 0.757 1.021 1.0 1.29 1.587 1.065 1.022 1.0 1.218 0.902 0.785 0.76 1.0 1.022 1.679 1.066 0.924 1.0 1.035 0.537 0.986 0.634 1.0 0.947 0.825 1.003 0.906 1.0 0.705 1.233 0.734 0.929 1.0 0.71 1.313 0.947 0.762 1.0 0.699 0.777 0.778 1.0 1.0 0.705 0.586 0.877 1.0 1.0 0.7 0.672 1.0 1.0 1.0 0.665 0.628 1.0 1.0 1.0 0.619 0.68 1.0 1.0 1.0 1.017 0.7 1.0 1.0 1.0 0.725 0.685 1.0 1.0 1.0 1.182 0.696 1.0 1.0 1.0 1.194 1.0 1.0 1.0 1.0 0.994 1.0 1.0 1.0 1.0 1.068 1.0 1.0 1.0 1.0 0.771 1.0 1.0 1.0 1.0 0.884 1.0 1.0 1.0 1.0 1.095 1.0 1.0 1.0 1.0 0.735 1.0 1.0 1.0 1.0 0.837 1.0 1.0 1.0 1.0 1.0 1.0 1.0 1.0 1.0 1.0 1.0 1.0 1.0 1.0 1.0 1.0 1.0 1.0 1.0 1.0 1.0 1.0 1.0 1.0 1.0 1.0 1.0 1.0 1.0 1.0 1.0 1.0 1.0 1.0 1.0 1.0 1.0 1.0 1.0 1.0 1.0 1.0 1.0 1.0 1.0 1.0 1.0 1.0 1.0 1.0 1.0 1.0 1.0 1.0 1.0 1.0 1.0 1.0 1.0 1.0 1.0 1.0 1.0 1.0 1.0 1.0 1.0 1.0 1.0 1.0 1.0 1.0 1.0 1.0 1.0 1.0 1.0 1.0 1.0 1.0 1.0 1.0 1.0 1.0 1.0 1.0 1.0 1.0 1.0 1.0 1.0 1.0 1.0 1.0 1.0 1.0 1.0 1.0 1.0 1.0 1.0 1.0 1.0 1.0 1.0 1.0 1.0 1.0 1.0 1.0 1.0 1.0 1.0 1.0 1.0 1.0 1.0 1.0 1.0 1.0 1.0 1.0 1.0 1.0 1.0 1.0 1.0 1.0 1.0 1.0 1.0 1.0 1.0 1.0 1.0 1.0 1.0 1.0 1.0 0.868 0.883 1.153 1.171 0.814 1.289 1.237 1.26 0.767 1.228 0.737 0.739 1.132 1.114 1.214 0.925 0.736 1.279 0.765 1.171 0.9 1.322 1.275 0.818 0.857 0.917 0.766 0.716 1.022 1.096 0.921 1.004 1.285 1.04 0.915 1.19 0.908 0.709 1.276 1.193 0.892 1.04 0.82 1.376 1.134 0.735 0.861 1.167 1.387 1.209 1.332 0.961 1.208 1.354 1.092 1.026 0.97 0.831 1.44 0.55 0.605 1.174 0.897 1.548 1.233 1.338 0.95 0.903 0.861 1.466 0.86 1.273 1.018 0.981 0.631 1.297 1.291 0.942 1.0 1.168 0.92 1.225 1.331 1.0 1.301 0.92 1.167 0.858 1.0 1.301 1.174 1.331 1.288 1.0 1.497 0.954 0.957 0.963 1.0 0.755 0.992 0.604 1.302 1.0 0.811 0.917 0.62 1.174 1.0 0.829 1.165 0.764 0.661 1.0 0.804 1.456 0.915 0.945 1.0 2.068 1.042 0.911 0.975 1.0 0.982 0.828 1.358 1.003 1.0 0.744 1.504 0.913 1.122 1.0 2.165 0.793 0.997 0.986 1.0 0.876 1.077 1.066 0.829 1.0 0.656 0.915 0.616 0.693 1.0 0.732 0.775 0.748 0.76 1.0 0.781 0.968 1.546 0.811 1.0 0.647 1.0 0.736 0.983 1.0 0.702 1.0 0.817 0.832 1.0 0.702 1.0 0.726 0.901 1.0 0.68 1.0 0.892 0.7 1.0 0.695 1.0 0.869 0.793 1.0 0.766 1.0 0.821 0.702 1.0 0.69 1.0 0.682 1.228 1.0 2.249 1.0 1.0 0.719 1.0 0.641 1.0 1.0 0.719 1.0 0.652 1.0 1.0 0.998 1.0 1.0 1.0 1.0 0.771 1.0 1.0 1.0 1.0 0.755 1.0 1.0 1.0 1.0 1.787 1.0 1.0 1.0 1.0 1.0 1.0 1.0 1.0 1.0 1.0 1.0 1.0 1.0 1.0 1.0 1.0 1.0 1.0 1.0 1.0 1.0 1.0 1.0 1.0 1.0 1.0 1.0 1.0 1.0 1.0 1.0 1.0 1.0 1.0 1.0 1.0 1.0 1.0 1.0 1.0 1.0 1.0 1.0 1.0 1.0 1.0 1.0 1.0 1.0 1.0 1.0 1.0 1.0 1.0 1.0 1.0 1.0 1.0 1.0 1.0 1.0 1.0 1.0 1.0 1.0 1.0 1.0 1.0 1.0 1.0 1.0 1.0 1.0 1.0 1.0 1.0 1.0 1.0 1.0 1.0 1.0 1.0 1.0 1.0 1.0 1.0 1.0 1.0 1.0 1.0 1.0 1.0 1.0 1.0 1.0 1.0 1.0 1.0 1.0 1.0 1.0 1.0 1.0 1.0 1.0 1.0 1.0 1.0 1.0 1.0 1.0 1.0 1.0 1.0 1.0 1.0 1.0 1.0 1.0 1.0 1.0 1.0 1.0 1.0 1.0 1.0 1.0 1.0 1.0 1.0 1.0 1.0 1.0 1.0 1.0 1.0 1.0 1.0 1.0 1.0 1.0 1.0 1.0 1.0 1.0 1.0 1.0 1.0 1.0 1.0 1.0 1.0 1.0 1.0 1.0 1.0 1.0,2.2959926,1.2959926,0.422508,0.3,0.8000878095626831,0.0003,5,4.9253273
99,0.2883474826812744,0.9915039,0.923 0.952 0.818 1.098 0.805 1.232 1.273 1.264 0.767 0.758 0.847 1.302 1.127 1.234 0.855 1.307 0.71 0.673 1.119 0.803 0.782 0.899 1.097 1.212 1.044 0.781 0.705 1.312 0.911 0.97 0.837 0.718 0.98 0.827 1.038 0.954 1.174 1.271 1.252 1.185 1.069 0.935 0.872 0.62 0.73 0.872 0.75 1.15 1.265 1.143 1.247 0.755 1.18 1.273 1.05 1.167 0.85 1.186 1.226 1.121 1.07 1.235 0.866 1.313 1.0 1.18 1.008 0.73 0.648 1.0 1.109 0.989 1.135 1.25 1.0 1.372 1.416 1.005 1.09 1.0 1.103 1.043 1.362 0.945 1.0 0.989 0.975 0.928 0.645 1.0 0.976 0.65 0.992 1.064 1.0 0.925 0.926 0.926 0.71 1.0 1.363 0.644 0.74 1.149 1.0 0.853 0.8 1.0 0.725 1.0 0.82 0.787 1.0 0.786 1.0 0.791 1.151 1.0 0.808 1.0 0.767 1.217 1.0 0.842 1.0 0.932 1.24 1.0 0.714 1.0 0.795 0.992 1.0 0.612 1.0 0.868 0.665 1.0 1.26 1.0 1.204 1.084 1.0 0.895 1.0 0.701 0.661 1.0 0.877 1.0 0.708 0.78 1.0 0.769 1.0 1.063 0.886 1.0 1.143 1.0 1.561 0.694 1.0 0.844 1.0 1.0 1.039 1.0 1.06 1.0 1.0 0.882 1.0 0.775 1.0 1.0 0.999 1.0 0.823 1.0 1.0 0.602 1.0 0.742 1.0 1.0 0.727 1.0 0.681 1.0 1.0 0.704 1.0 1.0 1.0 1.0 2.121 1.0 1.0 1.0 1.0 0.704 1.0 1.0 1.0 1.0 0.708 1.0 1.0 1.0 1.0 0.7 1.0 1.0 1.0 1.0 0.702 1.0 1.0 1.0 1.0 0.637 1.0 1.0 1.0 1.0 0.803 1.0 1.0 1.0 1.0 1.0 1.0 1.0 1.0 1.0 1.0 1.0 1.0 1.0 1.0 1.0 1.0 1.0 1.0 1.0 1.0 1.0 1.0 1.0 1.0 1.0 1.0 1.0 1.0 1.0 1.0 1.0 1.0 1.0 1.0 1.0 1.0 1.0 1.0 1.0 1.0 1.0 1.0 1.0 1.0 1.0 1.0 1.0 1.0 1.0 1.0 1.0 1.0 1.0 1.0 1.0 1.0 1.0 1.0 1.0 1.0 1.0 1.0 1.0 1.0 1.0 1.0 1.0 1.0 1.0 1.0 1.0 1.0 1.0 1.0 1.0 1.0 1.0 1.0 1.0 1.0 1.0 1.0 1.0 1.0 1.0 1.0 1.0 1.0 1.0 1.0 1.0 1.0 1.0 1.0 1.0 1.0 1.0 1.0 1.0 1.0 1.0 1.0 1.0 1.0 1.0 1.0 1.0 1.0 1.0 1.0 1.0 1.0 1.0 1.0 1.0 1.0 1.0 1.0 1.0 1.0 1.0 1.0 1.0 1.0 1.0 1.0 1.0 1.0 1.0 1.0 1.0 1.0 1.0 1.0 1.0 1.0 1.0 1.0 1.0 1.0 1.0 1.0 1.0 1.0 1.0 1.0 1.0 1.0 1.0 1.0 1.0 1.0 1.0 0.831 1.167 1.184 1.098 0.805 1.283 1.248 1.107 0.782 0.741 0.758 0.837 0.766 0.769 1.102 0.94 0.754 1.117 0.773 1.106 0.877 0.845 0.758 0.938 0.776 1.184 1.033 1.147 1.034 0.654 0.849 1.428 0.892 1.245 0.743 1.169 1.209 1.014 1.344 0.859 0.909 0.828 1.194 0.421 1.118 0.936 0.911 1.214 0.674 1.147 0.906 0.862 0.702 0.825 0.731 1.247 0.908 0.589 1.349 0.719 0.65 1.057 1.119 0.515 1.106 0.786 1.034 0.925 0.757 0.919 0.687 0.84 0.998 1.091 0.671 1.09 1.068 0.985 0.584 0.971 0.738 1.023 0.7 0.618 0.707 1.0 0.996 1.236 0.731 0.833 1.0 0.845 0.695 0.75 0.968 1.0 0.813 1.548 0.797 0.637 1.0 0.707 0.598 0.76 0.796 1.0 0.697 0.523 0.711 1.0 1.0 1.191 0.748 0.727 1.0 1.0 0.724 0.744 0.712 1.0 1.0 0.651 0.654 0.681 1.0 1.0 1.205 0.575 0.603 1.0 1.0 0.714 0.689 0.711 1.0 1.0 0.83 0.611 0.733 1.0 1.0 0.711 0.717 0.655 1.0 1.0 0.677 0.538 1.0 1.0 1.0 1.125 0.686 1.0 1.0 1.0 0.754 0.623 1.0 1.0 1.0 0.711 0.663 1.0 1.0 1.0 1.183 1.753 1.0 1.0 1.0 0.688 1.0 1.0 1.0 1.0 0.687 1.0 1.0 1.0 1.0 1.101 1.0 1.0 1.0 1.0 0.722 1.0 1.0 1.0 1.0 0.691 1.0 1.0 1.0 1.0 0.712 1.0 1.0 1.0 1.0 0.963 1.0 1.0 1.0 1.0 0.7 1.0 1.0 1.0 1.0 0.769 1.0 1.0 1.0 1.0 0.768 1.0 1.0 1.0 1.0 0.764 1.0 1.0 1.0 1.0 0.714 1.0 1.0 1.0 1.0 2.298 1.0 1.0 1.0 1.0 1.613 1.0 1.0 1.0 1.0 0.803 1.0 1.0 1.0 1.0 1.0 1.0 1.0 1.0 1.0 1.0 1.0 1.0 1.0 1.0 1.0 1.0 1.0 1.0 1.0 1.0 1.0 1.0 1.0 1.0 1.0 1.0 1.0 1.0 1.0 1.0 1.0 1.0 1.0 1.0 1.0 1.0 1.0 1.0 1.0 1.0 1.0 1.0 1.0 1.0 1.0 1.0 1.0 1.0 1.0 1.0 1.0 1.0 1.0 1.0 1.0 1.0 1.0 1.0 1.0 1.0 1.0 1.0 1.0 1.0 1.0 1.0 1.0 1.0 1.0 1.0 1.0 1.0 1.0 1.0 1.0 1.0 1.0 1.0 1.0 1.0 1.0 1.0 1.0 1.0 1.0 1.0 1.0 1.0 1.0 1.0 1.0 1.0 1.0 1.0 1.0 1.0 1.0 1.0 1.0 1.0 1.0 1.0 1.0 1.0 1.0 1.0 1.0 1.0 1.0 1.0 1.0 1.0 1.0 1.0 1.0 1.0 1.0 1.0 1.0 1.0 1.0 1.0 1.0 1.0 1.0 1.0 1.0 1.0 1.0 1.0 1.0 1.0 1.0 1.0 1.0 1.0 1.0 1.0 1.214 0.952 0.797 1.172 0.813 1.264 1.238 1.268 1.132 0.755 1.322 1.33 1.133 1.235 1.173 1.326 0.824 1.204 1.251 0.979 1.331 0.879 1.194 1.123 0.891 1.484 1.385 1.125 1.274 1.195 1.292 1.155 0.891 0.7 0.664 1.36 0.857 0.943 1.088 1.281 0.794 0.971 1.042 1.29 0.543 0.86 0.974 1.054 0.926 1.15 1.113 1.298 1.331 1.117 1.215 1.02 0.721 1.052 1.168 0.557 1.171 1.119 0.996 0.694 0.803 0.772 1.039 0.705 1.232 0.834 1.712 1.509 0.748 1.305 0.913 0.521 0.623 0.843 1.095 0.901 0.966 0.64 0.84 1.342 0.819 0.541 0.866 0.622 1.222 0.77 0.789 0.609 0.847 0.657 0.944 0.915 0.638 0.835 0.929 1.387 0.675 0.773 1.306 1.21 0.663 0.7 0.841 1.0 0.936 0.949 0.776 0.702 1.0 0.683 0.625 0.597 0.765 1.0 1.333 1.0 0.634 1.624 1.0 1.504 1.0 0.649 0.748 1.0 0.691 1.0 0.672 1.102 1.0 1.072 1.0 0.743 0.932 1.0 0.644 1.0 1.05 0.75 1.0 0.843 1.0 1.125 1.338 1.0 0.774 1.0 0.656 0.767 1.0 0.648 1.0 1.267 0.77 1.0 1.0 1.0 0.696 0.703 1.0 1.0 1.0 0.698 0.714 1.0 1.0 1.0 0.954 0.671 1.0 1.0 1.0 1.164 0.698 1.0 1.0 1.0 0.834 0.704 1.0 1.0 1.0 1.058 0.951 1.0 1.0 1.0 0.97 1.0 1.0 1.0 1.0 0.74 1.0 1.0 1.0 1.0 0.72 1.0 1.0 1.0 1.0 0.688 1.0 1.0 1.0 1.0 0.77 1.0 1.0 1.0 1.0 0.702 1.0 1.0 1.0 1.0 0.656 1.0 1.0 1.0 1.0 0.74 1.0 1.0 1.0 1.0 0.787 1.0 1.0 1.0 1.0 0.871 1.0 1.0 1.0 1.0 0.737 1.0 1.0 1.0 1.0 0.902 1.0 1.0 1.0 1.0 1.314 1.0 1.0 1.0 1.0 0.624 1.0 1.0 1.0 1.0 1.0 1.0 1.0 1.0 1.0 1.0 1.0 1.0 1.0 1.0 1.0 1.0 1.0 1.0 1.0 1.0 1.0 1.0 1.0 1.0 1.0 1.0 1.0 1.0 1.0 1.0 1.0 1.0 1.0 1.0 1.0 1.0 1.0 1.0 1.0 1.0 1.0 1.0 1.0 1.0 1.0 1.0 1.0 1.0 1.0 1.0 1.0 1.0 1.0 1.0 1.0 1.0 1.0 1.0 1.0 1.0 1.0 1.0 1.0 1.0 1.0 1.0 1.0 1.0 1.0 1.0 1.0 1.0 1.0 1.0 1.0 1.0 1.0 1.0 1.0 1.0 1.0 1.0 1.0 1.0 1.0 1.0 1.0 1.0 1.0 1.0 1.0 1.0 1.0 1.0 1.0 1.0 1.0 1.0 1.0 1.0 1.0 1.0 1.0 1.0 1.0 1.0 1.0 1.0 1.0 1.0 1.0 1.0 1.0 1.0 1.0 1.0 1.0 1.0 1.0 1.0 1.0 1.0 1.0 1.0 1.214 0.881 0.797 1.172 1.131 0.84 1.237 1.194 0.786 0.748 1.301 0.819 1.131 0.771 1.178 0.837 0.821 1.317 0.951 1.284 0.982 1.265 0.748 1.275 0.908 0.973 0.939 1.267 0.704 1.331 1.303 1.304 1.247 1.299 0.737 0.614 1.217 1.3 1.297 1.414 1.309 1.289 1.31 1.22 1.338 1.39 1.258 0.715 1.302 1.3 1.278 1.244 0.915 1.302 1.306 1.223 1.302 1.243 1.329 1.46 1.107 1.251 0.835 1.088 1.289 1.294 1.292 1.288 1.333 0.84 1.29 1.357 1.311 1.314 1.3 0.863 1.305 1.287 1.239 0.79 1.366 0.657 1.302 0.826 1.298 1.252 1.304 0.734 1.297 1.035 0.676 1.239 1.317 0.986 1.296 1.291 1.206 1.189 0.844 1.305 1.373 0.767 1.387 1.278 1.311 0.776 1.11 1.155 0.87 0.846 1.346 1.447 1.287 0.997 1.311 1.197 1.085 1.218 1.247 0.834 1.192 1.131 0.731 1.305 0.798 1.118 1.23 1.061 1.029 0.985 1.365 1.086 1.025 1.198 1.432 1.151 1.165 1.114 1.193 1.145 0.714 1.304 0.825 0.65 0.721 0.629 1.0 0.838 0.606 1.0 0.679 1.0 0.793 1.0 1.0 0.729 1.0 0.831 1.0 1.0 0.767 1.0 1.333 1.0 1.0 0.967 1.0 1.341 1.0 1.0 1.893 1.0 1.312 1.0 1.0 0.745 1.0 0.873 1.0 1.0 1.731 1.0 0.769 1.0 1.0 0.798 1.0 0.757 1.0 1.0 0.914 1.0 0.752 1.0 1.0 0.739 1.0 0.746 1.0 1.0 1.0 1.0 0.644 1.0 1.0 1.0 1.0 1.429 1.0 1.0 1.0 1.0 1.211 1.0 1.0 1.0 1.0 1.078 1.0 1.0 1.0 1.0 0.985 1.0 1.0 1.0 1.0 0.949 1.0 1.0 1.0 1.0 0.911 1.0 1.0 1.0 1.0 0.915 1.0 1.0 1.0 1.0 1.397 1.0 1.0 1.0 1.0 1.389 1.0 1.0 1.0 1.0 0.803 1.0 1.0 1.0 1.0 0.731 1.0 1.0 1.0 1.0 0.703 1.0 1.0 1.0 1.0 1.011 1.0 1.0 1.0 1.0 0.928 1.0 1.0 1.0 1.0 0.899 1.0 1.0 1.0 1.0 0.946 1.0 1.0 1.0 1.0 0.942 1.0 1.0 1.0 1.0 0.635 1.0 1.0 1.0 1.0 0.871 1.0 1.0 1.0 1.0 0.944 1.0 1.0 1.0 1.0 1.413 1.0 1.0 1.0 1.0 0.646 1.0 1.0 1.0 1.0 0.651 1.0 1.0 1.0 1.0 0.709 1.0 1.0 1.0 1.0 0.677 1.0 1.0 1.0 1.0 0.936 1.0 1.0 1.0 1.0 0.659 1.0 1.0 1.0 1.0 1.0 1.0 1.0 1.0 1.0 0.79 1.0 1.0 1.0 1.0 1.313 1.0 1.0 1.0 1.0 0.662 1.0 1.0 1.0 1.0 0.789 1.0 1.0 1.0 1.0 0.691 1.0 1.0 1.0 1.0 0.68 1.0 1.0 1.0 1.0 0.696 1.0 1.0 1.175 1.212 0.818 1.108 1.116 1.289 1.232 1.195 0.762 1.16 0.85 0.843 1.151 0.75 1.301 1.31 1.253 1.284 0.859 0.727 0.88 1.071 0.71 0.955 0.891 1.29 1.283 0.855 1.288 0.894 0.927 0.826 0.861 1.298 0.955 0.982 1.128 1.115 1.3 1.299 1.044 1.209 1.308 1.325 0.867 1.293 1.369 1.253 1.272 1.358 1.303 0.886 1.253 0.627 1.086 0.738 1.051 1.389 0.942 1.364 1.304 1.06 0.688 1.684 0.756 1.172 1.267 1.467 1.469 0.964 0.892 1.491 1.143 1.029 1.441 1.134 1.3 1.091 1.62 1.084 1.14 1.424 1.316 0.618 0.864 1.052 1.0 1.472 1.467 1.292 0.79 1.0 0.897 1.378 0.793 0.832 1.0 0.793 0.854 0.796 0.684 1.0 0.841 0.661 1.378 1.129 1.0 0.666 1.153 0.832 1.173 1.0 0.733 1.692 1.012 1.105 1.0 0.929 0.748 0.96 1.334 1.0 0.854 0.727 1.281 0.701 1.0 0.877 0.755 0.654 1.005 1.0 0.93 1.109 0.668 0.941 1.0 0.632 0.878 0.678 1.002 1.0 0.7 0.88 0.839 1.004 1.0 0.707 0.744 0.911 0.985 1.0 0.776 0.892 0.616 0.825 1.0 0.815 1.167 1.0 0.93 1.0 0.67 1.111 1.0 1.077 1.0 0.731 0.976 1.0 0.765 1.0 0.708 0.82 1.0 0.909 1.0 1.0 1.07 1.0 0.827 1.0 1.0 0.956 1.0 0.701 1.0 1.0 1.042 1.0 0.699 1.0 1.0 1.127 1.0 0.652 1.0 1.0 1.177 1.0 0.648 1.0 1.0 0.757 1.0 0.678 1.0 1.0 0.773 1.0 0.607 1.0 1.0 0.753 1.0 0.699 1.0 1.0 0.717 1.0 1.0 1.0 1.0 0.663 1.0 1.0 1.0 1.0 0.766 1.0 1.0 1.0 1.0 0.701 1.0 1.0 1.0 1.0 1.0 1.0 1.0 1.0 1.0 1.0 1.0 1.0 1.0 1.0 1.0 1.0 1.0 1.0 1.0 1.0 1.0 1.0 1.0 1.0 1.0 1.0 1.0 1.0 1.0 1.0 1.0 1.0 1.0 1.0 1.0 1.0 1.0 1.0 1.0 1.0 1.0 1.0 1.0 1.0 1.0 1.0 1.0 1.0 1.0 1.0 1.0 1.0 1.0 1.0 1.0 1.0 1.0 1.0 1.0 1.0 1.0 1.0 1.0 1.0 1.0 1.0 1.0 1.0 1.0 1.0 1.0 1.0 1.0 1.0 1.0 1.0 1.0 1.0 1.0 1.0 1.0 1.0 1.0 1.0 1.0 1.0 1.0 1.0 1.0 1.0 1.0 1.0 1.0 1.0 1.0 1.0 1.0 1.0 1.0 1.0 1.0 1.0 1.0 1.0 1.0 1.0 1.0 1.0 1.0 1.0 1.0 1.0 1.0 1.0 1.0 1.0 1.0 1.0 1.0 1.0 1.0 1.0 1.0 1.0 1.0 1.0 1.0 1.0 1.0 1.0 1.0 1.0 1.0 1.0 1.0 1.0 1.0 1.0 1.0 1.0 1.0 1.0 1.0 1.0 1.0 1.0 0.869 0.952 1.153 0.834 1.116 0.882 1.277 1.261 0.787 1.127 1.255 1.286 0.749 0.99 1.321 0.842 0.826 0.729 0.687 0.734 1.29 1.268 1.319 1.244 1.11 0.851 0.842 0.747 0.477 0.778 1.036 0.828 1.312 0.758 0.852 0.949 0.892 1.04 0.82 0.957 0.839 0.766 0.881 1.41 0.791 1.021 0.873 1.163 0.848 1.193 0.762 0.894 0.923 0.85 1.288 0.785 1.119 1.026 0.835 0.798 1.103 0.691 1.198 1.0 1.119 0.812 1.046 1.107 1.0 1.23 0.939 0.756 1.219 1.0 0.723 0.642 0.987 1.194 1.0 1.153 0.846 1.304 1.058 1.0 1.05 0.961 0.614 1.02 1.0 0.757 0.779 1.067 0.864 1.0 0.723 1.072 0.964 0.784 1.0 0.744 1.021 0.956 1.306 1.0 0.72 1.106 1.063 1.128 1.0 0.715 0.767 1.237 0.743 1.0 0.756 0.923 1.085 0.741 1.0 1.626 1.046 0.551 1.126 1.0 0.922 1.08 1.104 0.751 1.0 0.727 0.698 0.924 1.11 1.0 0.736 0.74 0.54 0.755 1.0 1.0 0.665 0.815 1.122 1.0 1.0 0.85 1.527 1.356 1.0 1.0 0.954 0.928 1.358 1.0 1.0 1.142 0.701 0.712 1.0 1.0 0.638 0.899 0.754 1.0 1.0 0.66 0.875 1.159 1.0 1.0 1.0 0.677 1.167 1.0 1.0 1.0 1.058 1.124 1.0 1.0 1.0 0.679 0.738 1.0 1.0 1.0 0.712 1.183 1.0 1.0 1.0 0.709 0.848 1.0 1.0 1.0 0.707 0.862 1.0 1.0 1.0 0.787 1.071 1.0 1.0 1.0 0.704 0.698 1.0 1.0 1.0 0.679 0.711 1.0 1.0 1.0 0.909 0.688 1.0 1.0 1.0 0.775 0.682 1.0 1.0 1.0 0.71 0.701 1.0 1.0 1.0 1.084 0.642 1.0 1.0 1.0 0.884 0.583 1.0 1.0 1.0 1.002 0.632 1.0 1.0 1.0 0.686 1.0 1.0 1.0 1.0 0.588 1.0 1.0 1.0 1.0 0.643 1.0 1.0 1.0 1.0 0.704 1.0 1.0 1.0 1.0 0.657 1.0 1.0 1.0 1.0 0.669 1.0 1.0 1.0 1.0 0.698 1.0 1.0 1.0 1.0 0.7 1.0 1.0 1.0 1.0 0.698 1.0 1.0 1.0 1.0 0.696 1.0 1.0 1.0 1.0 0.663 1.0 1.0 1.0 1.0 1.0 1.0 1.0 1.0 1.0 1.0 1.0 1.0 1.0 1.0 1.0 1.0 1.0 1.0 1.0 1.0 1.0 1.0 1.0 1.0 1.0 1.0 1.0 1.0 1.0 1.0 1.0 1.0 1.0 1.0 1.0 1.0 1.0 1.0 1.0 1.0 1.0 1.0 1.0 1.0 1.0 1.0 1.0 1.0 1.0 1.0 1.0 1.0 1.0 1.0 1.0 1.0 1.0 1.0 1.0 1.0 1.0 1.0 1.0 1.0 1.0 1.0 1.0 1.0 1.0 1.0 1.0 1.0 1.0 1.0 1.0 1.0 1.0 1.0 1.0 1.0 1.0 1.0 1.0 1.214 1.212 1.099 1.172 0.813 1.251 1.298 1.222 1.251 1.211 1.327 0.836 0.749 1.297 1.201 0.823 0.845 1.154 0.722 0.839 0.806 1.186 1.261 1.072 1.159 0.82 1.139 0.952 1.152 0.792 1.289 0.468 1.045 0.745 1.254 1.036 1.162 0.782 0.921 1.071 1.175 1.273 1.312 1.17 1.15 0.904 1.302 1.316 1.269 0.919 0.808 1.119 1.229 1.198 1.327 1.03 0.639 1.118 0.905 1.196 1.28 1.367 1.375 1.336 1.037 1.286 0.441 1.412 1.144 1.322 1.066 1.539 0.713 0.949 0.96 1.283 1.249 0.718 1.405 0.942 1.028 0.983 1.254 1.344 1.0 1.382 0.614 1.267 1.461 1.0 1.527 1.309 1.299 0.671 1.0 0.649 1.401 1.311 1.35 1.0 1.152 0.587 1.391 0.667 1.0 1.233 1.323 1.138 1.19 1.0 0.815 1.33 0.983 0.966 1.0 1.126 1.534 1.406 0.716 1.0 1.209 1.563 0.945 1.032 1.0 1.329 1.022 0.758 1.024 1.0 1.292 1.589 1.064 1.021 1.0 1.221 0.903 0.786 0.763 1.0 1.023 1.683 1.059 0.927 1.0 1.026 0.537 0.978 0.633 1.0 0.937 0.824 0.995 0.909 1.0 0.706 1.235 0.732 0.926 1.0 0.71 1.317 0.938 0.763 1.0 0.699 0.766 0.778 1.0 1.0 0.705 0.586 0.875 1.0 1.0 0.7 0.67 1.0 1.0 1.0 0.665 0.627 1.0 1.0 1.0 0.619 0.678 1.0 1.0 1.0 1.012 0.699 1.0 1.0 1.0 0.725 0.684 1.0 1.0 1.0 1.178 0.696 1.0 1.0 1.0 1.19 1.0 1.0 1.0 1.0 0.996 1.0 1.0 1.0 1.0 1.056 1.0 1.0 1.0 1.0 0.771 1.0 1.0 1.0 1.0 0.881 1.0 1.0 1.0 1.0 1.098 1.0 1.0 1.0 1.0 0.732 1.0 1.0 1.0 1.0 0.838 1.0 1.0 1.0 1.0 1.0 1.0 1.0 1.0 1.0 1.0 1.0 1.0 1.0 1.0 1.0 1.0 1.0 1.0 1.0 1.0 1.0 1.0 1.0 1.0 1.0 1.0 1.0 1.0 1.0 1.0 1.0 1.0 1.0 1.0 1.0 1.0 1.0 1.0 1.0 1.0 1.0 1.0 1.0 1.0 1.0 1.0 1.0 1.0 1.0 1.0 1.0 1.0 1.0 1.0 1.0 1.0 1.0 1.0 1.0 1.0 1.0 1.0 1.0 1.0 1.0 1.0 1.0 1.0 1.0 1.0 1.0 1.0 1.0 1.0 1.0 1.0 1.0 1.0 1.0 1.0 1.0 1.0 1.0 1.0 1.0 1.0 1.0 1.0 1.0 1.0 1.0 1.0 1.0 1.0 1.0 1.0 1.0 1.0 1.0 1.0 1.0 1.0 1.0 1.0 1.0 1.0 1.0 1.0 1.0 1.0 1.0 1.0 1.0 1.0 1.0 1.0 1.0 1.0 1.0 1.0 1.0 1.0 1.0 1.0 1.0 1.0 1.0 1.0 1.0 1.0 1.0 1.0 1.0 1.0 1.0 1.0 1.0 1.0 1.0 0.869 0.881 1.153 1.172 0.813 1.289 1.243 1.261 0.767 1.229 0.734 0.74 1.136 1.111 1.214 0.927 0.737 1.28 0.766 1.176 0.895 1.321 1.275 0.815 0.857 0.912 0.76 0.716 1.022 1.094 0.916 1.004 1.286 1.041 0.916 1.194 0.911 0.709 1.278 1.19 0.895 1.043 0.818 1.38 1.138 0.737 0.862 1.173 1.387 1.207 1.332 0.956 1.214 1.358 1.094 1.022 0.971 0.83 1.44 0.55 0.605 1.177 0.897 1.55 1.232 1.339 0.952 0.906 0.861 1.466 0.864 1.274 1.019 0.982 0.633 1.297 1.292 0.943 1.0 1.165 0.924 1.224 1.33 1.0 1.301 0.924 1.167 0.86 1.0 1.301 1.173 1.331 1.292 1.0 1.496 0.957 0.96 0.964 1.0 0.756 0.989 0.604 1.299 1.0 0.81 0.914 0.62 1.176 1.0 0.83 1.162 0.761 0.661 1.0 0.805 1.459 0.918 0.939 1.0 2.073 1.046 0.912 0.974 1.0 0.978 0.825 1.363 0.998 1.0 0.745 1.508 0.916 1.121 1.0 2.171 0.79 0.998 0.98 1.0 0.872 1.073 1.062 0.829 1.0 0.655 0.917 0.607 0.692 1.0 0.732 0.766 0.745 0.761 1.0 0.781 0.964 1.551 0.807 1.0 0.646 1.0 0.726 0.974 1.0 0.703 1.0 0.806 0.832 1.0 0.701 1.0 0.722 0.9 1.0 0.68 1.0 0.889 0.7 1.0 0.696 1.0 0.868 0.792 1.0 0.765 1.0 0.819 0.703 1.0 0.692 1.0 0.681 1.219 1.0 2.231 1.0 1.0 0.721 1.0 0.643 1.0 1.0 0.72 1.0 0.655 1.0 1.0 1.0 1.0 1.0 1.0 1.0 0.773 1.0 1.0 1.0 1.0 0.757 1.0 1.0 1.0 1.0 1.772 1.0 1.0 1.0 1.0 1.0 1.0 1.0 1.0 1.0 1.0 1.0 1.0 1.0 1.0 1.0 1.0 1.0 1.0 1.0 1.0 1.0 1.0 1.0 1.0 1.0 1.0 1.0 1.0 1.0 1.0 1.0 1.0 1.0 1.0 1.0 1.0 1.0 1.0 1.0 1.0 1.0 1.0 1.0 1.0 1.0 1.0 1.0 1.0 1.0 1.0 1.0 1.0 1.0 1.0 1.0 1.0 1.0 1.0 1.0 1.0 1.0 1.0 1.0 1.0 1.0 1.0 1.0 1.0 1.0 1.0 1.0 1.0 1.0 1.0 1.0 1.0 1.0 1.0 1.0 1.0 1.0 1.0 1.0 1.0 1.0 1.0 1.0 1.0 1.0 1.0 1.0 1.0 1.0 1.0 1.0 1.0 1.0 1.0 1.0 1.0 1.0 1.0 1.0 1.0 1.0 1.0 1.0 1.0 1.0 1.0 1.0 1.0 1.0 1.0 1.0 1.0 1.0 1.0 1.0 1.0 1.0 1.0 1.0 1.0 1.0 1.0 1.0 1.0 1.0 1.0 1.0 1.0 1.0 1.0 1.0 1.0 1.0 1.0 1.0 1.0 1.0 1.0 1.0 1.0 1.0 1.0 1.0 1.0 1.0 1.0 1.0 1.0 1.0 1.0 1.0 1.0 1.0,2.2979298,1.2979298,0.42109737,0.3,0.8040265440940857,0.0003,5,4.886069
